679 335 739 430 1
611 114 660 227 1
556 115 603 211 1
511 112 554 206 1
456 106 501 204 1
667 115 710 213 1
781 330 842 434 1
843 339 897 438 1
1039 345 1101 435 1
1086 340 1153 439 1
1187 353 1250 442 1
1238 345 1279 439 1
1261 131 1279 214 1
1216 140 1265 214 1
1164 126 1213 217 1
1116 118 1165 214 1
1069 129 1116 212 1
1020 120 1065 207 1
973 136 1015 194 1
922 116 963 209 1
875 115 914 206 1
819 124 868 223 1
764 108 807 215 1
717 117 756 207 1
399 120 442 219 1
348 106 392 207 1
299 113 344 209 1
247 111 293 212 1
197 117 245 216 1
145 111 193 212 1
94 118 145 219 1
36 113 89 210 1
0 109 33 201 1
407 336 472 434 1
347 331 413 428 1
304 333 365 432 1
253 332 317 430 1
47 336 105 423 1
0 343 62 439 1
0 543 30 624 1
71 542 140 640 1
140 538 199 627 1
193 539 251 628 1
247 527 320 630 1
432 535 496 628 1
487 532 559 635 1
611 539 678 640 1
912 519 997 630 1
967 538 1036 622 1
1083 531 1160 627 1
1138 530 1213 619 1
1198 523 1279 619 1
