769 131 805 216 1
767 229 806 307 1
756 362 797 436 1
755 465 786 528 1
756 534 794 612 1
544 385 622 424 1
556 430 631 468 1
559 472 634 507 1
549 511 623 548 1
545 550 615 588 1
534 589 612 625 1
544 631 611 667 1
563 672 620 704 1
462 331 535 367 1
344 183 424 224 1
234 216 312 263 1
231 258 319 308 1
234 301 306 357 1
218 344 302 397 1
223 392 300 449 1
217 439 295 488 1
221 489 297 533 1
219 530 301 582 1
212 575 291 627 1
217 623 297 675 1
208 668 291 717 1
372 662 446 710 1
377 548 454 594 1
364 507 444 556 1
391 467 459 509 1
388 416 464 466 1
