558 583 639 620 1
788 608 864 649 1
780 652 856 686 1
790 687 862 719 1
873 590 905 668 1
906 593 945 660 1
949 593 985 659 1
986 595 1021 668 1
620 620 684 657 1
607 661 685 701 1
614 703 693 719 1
529 624 606 662 1
529 667 601 704 1
529 705 607 719 1
299 591 374 628 1
340 630 415 665 1
349 668 426 704 1
350 706 419 719 1
266 706 342 719 1
268 671 338 706 1
258 629 333 670 1
1016 544 1090 580 1
1021 505 1090 540 1
1017 466 1089 504 1
1020 429 1093 459 1
1016 393 1099 426 1
1018 353 1091 387 1
1005 314 1077 349 1
1006 276 1078 310 1
1004 236 1078 271 1
1006 201 1083 235 1
1003 162 1083 197 1
1010 125 1069 159 1
1005 86 1077 122 1
997 51 1072 87 1
991 13 1063 46 1
995 0 1061 13 1
805 0 877 9 1
806 9 874 44 1
810 44 883 82 1
719 0 789 10 1
724 9 791 43 1
721 42 797 80 1
817 85 883 122 1
814 123 878 158 1
816 161 893 198 1
723 83 797 119 1
723 125 800 162 1
733 163 811 198 1
820 199 881 229 1
734 200 813 239 1
820 234 899 272 1
734 239 812 277 1
828 275 898 313 1
734 276 815 315 1
827 314 905 351 1
829 354 904 388 1
738 319 817 354 1
735 358 814 394 1
826 396 900 432 1
831 437 905 474 1
736 400 811 436 1
747 443 824 476 1
539 0 607 10 1
533 9 610 46 1
448 0 514 12 1
447 13 520 48 1
446 48 522 86 1
448 87 520 124 1
443 124 520 164 1
445 165 519 202 1
541 46 618 85 1
543 86 614 123 1
537 124 614 163 1
541 163 613 198 1
540 202 618 240 1
547 242 623 279 1
549 281 627 316 1
545 324 627 357 1
551 366 628 401 1
566 403 631 438 1
555 444 632 478 1
447 444 531 480 1
456 401 536 438 1
465 364 540 397 1
454 327 535 363 1
454 282 531 321 1
454 243 535 280 1
457 206 524 240 1
261 0 337 12 1
265 12 335 52 1
175 0 250 17 1
173 17 245 53 1
263 51 336 87 1
172 55 248 92 1
254 89 326 125 1
170 93 250 130 1
256 125 342 164 1
169 134 239 168 1
259 167 339 206 1
265 207 341 245 1
175 169 250 207 1
172 212 247 247 1
268 246 336 282 1
175 251 253 288 1
269 286 342 324 1
171 291 242 325 1
268 325 346 361 1
170 330 251 365 1
256 364 335 402 1
174 370 253 404 1
184 411 260 447 1
270 405 350 442 1
185 454 260 488 1
20 276 62 347 1
21 190 65 262 1
18 91 64 172 1
16 3 62 83 1
