414 22 523 71 1
424 73 518 119 1
407 284 519 332 1
399 556 513 611 1
157 72 270 121 1
149 9 271 66 1
147 183 262 231 1
407 174 509 225 1
402 226 525 281 1
513 512 629 557 1
522 454 632 500 1
398 453 506 498 1
398 342 512 390 1
516 342 636 390 1
237 137 354 206 1
20 125 127 181 1
0 251 119 299 1
163 0 269 16 1
417 0 524 21 1
528 0 644 26 1
754 0 857 33 1
763 35 870 84 1
879 31 988 89 1
878 95 973 146 1
771 86 862 136 1
533 80 642 128 1
533 26 639 75 1
533 236 638 283 1
519 174 638 226 1
526 401 629 449 1
759 402 869 452 1
761 291 867 340 1
758 188 870 239 1
765 138 861 183 1
879 179 984 231 1
881 231 989 282 1
880 286 986 335 1
876 340 986 389 1
879 395 987 443 1
887 453 977 496 1
875 504 982 553 1
757 460 878 508 1
498 615 620 671 1
507 673 626 719 1
748 671 862 719 1
871 667 985 719 1
870 611 981 658 1
856 556 971 607 1
1102 313 1211 364 1
1105 370 1209 415 1
1109 425 1220 471 1
1116 476 1222 522 1
1110 527 1221 577 1
1097 584 1218 628 1
1105 633 1223 689 1
1094 688 1216 719 1
1231 688 1279 719 1
1235 631 1279 683 1
1225 560 1279 614 1
1232 446 1279 495 1
1228 392 1279 437 1
