435 584 495 697 1
823 482 873 601 1
760 487 815 603 1
692 468 747 593 1
507 454 565 571 1
443 454 500 566 1
876 494 933 613 1
253 561 311 676 1
310 569 372 682 1
376 579 429 682 1
385 453 442 568 1
318 443 381 561 1
259 430 317 552 1
197 425 261 543 1
143 417 204 534 1
81 401 149 530 1
190 562 247 669 1
134 562 188 668 1
66 533 126 644 1
480 161 538 282 1
543 170 596 281 1
604 168 658 287 1
667 180 723 297 1
787 197 840 297 1
850 206 902 303 1
903 209 957 330 1
961 220 1014 317 1
1060 223 1120 344 1
1115 240 1172 357 1
1172 250 1231 360 1
1227 324 1279 376 1
935 476 991 591 1
568 466 625 579 1
634 464 690 588 1
495 586 553 711 1
553 630 606 719 1
618 611 676 719 1
681 621 738 719 1
742 614 798 719 1
797 619 864 719 1
863 624 920 719 1
921 642 976 719 1
1152 530 1211 643 1
1213 532 1278 648 1
1206 669 1273 719 1
1143 658 1202 719 1
0 209 43 295 1
