2 0 110 38 1
102 0 206 40 1
332 0 433 34 1
463 0 558 35 1
577 0 666 36 1
745 0 839 44 1
1173 14 1262 66 1
1227 208 1271 294 1
1270 211 1279 297 1
1180 217 1231 310 1
1129 204 1173 305 1
1086 211 1131 295 1
1047 206 1086 300 1
998 207 1056 311 1
946 204 991 296 1
906 199 949 290 1
852 192 897 287 1
805 207 845 300 1
755 188 797 286 1
710 194 748 288 1
655 190 698 290 1
607 191 649 291 1
556 187 597 283 1
506 193 548 293 1
451 188 494 282 1
396 185 436 270 1
345 188 387 287 1
285 198 331 289 1
278 298 330 398 1
360 406 410 488 1
406 411 462 505 1
454 407 507 490 1
663 405 720 499 1
712 408 767 500 1
756 402 814 498 1
816 408 872 502 1
1050 413 1109 500 1
1144 408 1202 500 1
1193 419 1249 505 1
988 597 1055 688 1
875 593 945 686 1
825 598 890 686 1
652 589 724 695 1
593 604 652 705 1
540 601 601 689 1
478 603 539 697 1
368 602 430 685 1
318 586 375 685 1
259 596 319 687 1
210 588 272 676 1
162 577 225 665 1
