608 657 685 696 1
529 620 608 656 1
738 158 814 194 1
736 195 818 233 1
737 233 816 269 1
737 272 818 310 1
739 354 815 390 1
556 436 634 474 1
568 397 633 433 1
554 359 633 395 1
547 317 629 352 1
552 276 632 311 1
552 236 626 274 1
457 237 539 275 1
459 278 534 315 1
458 318 540 356 1
466 358 544 389 1
458 395 540 433 1
778 645 854 683 1
788 686 858 719 1
528 660 598 697 1
619 613 685 650 1
558 577 639 614 1
339 618 415 657 1
346 658 423 697 1
348 698 422 719 1
266 661 337 697 1
259 699 341 719 1
257 621 333 659 1
176 359 255 392 1
273 315 349 349 1
265 112 351 155 1
527 697 604 719 1
30 176 71 245 1
298 580 374 616 1
187 439 263 474 1
272 395 355 428 1
188 398 263 434 1
261 354 340 390 1
178 279 247 313 1
175 317 256 353 1
275 275 347 312 1
276 234 342 271 1
182 238 257 274 1
274 198 347 232 1
268 157 346 194 1
184 157 256 193 1
180 199 254 237 1
178 121 248 156 1
180 81 257 119 1
263 79 334 112 1
277 1 346 39 1
184 46 256 81 1
463 198 528 233 1
545 195 623 234 1
452 158 524 195 1
545 156 618 193 1
543 117 619 155 1
449 116 527 156 1
456 81 529 115 1
550 41 627 79 1
457 42 531 80 1
729 81 803 116 1
729 122 806 158 1
726 41 803 77 1
742 317 819 351 1
999 15 1072 52 1
1004 54 1078 90 1
1009 91 1082 125 1
1015 126 1074 161 1
1009 163 1087 199 1
1010 200 1088 236 1
1019 431 1093 463 1
1019 355 1092 390 1
1008 314 1079 352 1
1010 275 1082 312 1
1007 238 1081 273 1
610 697 690 719 1
786 607 864 645 1
869 589 903 666 1
906 592 943 659 1
948 593 981 659 1
982 594 1017 668 1
732 9 799 41 1
814 12 884 44 1
819 47 892 84 1
823 124 886 158 1
823 86 890 122 1
823 163 897 194 1
824 197 886 232 1
822 235 902 271 1
830 277 901 311 1
828 316 907 350 1
831 354 904 389 1
827 396 903 431 1
738 399 814 433 1
831 437 906 473 1
748 440 823 475 1
28 261 71 333 1
31 78 77 157 1
30 0 75 71 1
185 8 256 43 1
276 41 349 76 1
458 6 529 41 1
543 6 620 40 1
550 82 624 116 1
450 434 529 473 1
730 0 799 9 1
813 0 888 12 1
999 0 1070 16 1
1016 395 1099 429 1
1017 469 1088 505 1
1018 507 1089 543 1
1015 545 1087 582 1
