140 424 175 501 1
250 426 285 497 1
210 424 248 501 1
177 423 210 499 1
103 426 137 498 1
62 425 102 498 1
22 422 61 504 1
0 420 22 498 1
450 87 488 163 1
402 89 438 160 1
363 82 399 159 1
288 77 325 154 1
323 80 362 157 1
249 80 286 153 1
210 84 249 154 1
175 78 212 152 1
139 74 175 154 1
57 86 99 153 1
21 83 61 156 1
0 83 25 161 1
338 255 376 333 1
296 263 333 336 1
257 258 292 334 1
223 249 257 317 1
185 251 220 324 1
147 261 184 334 1
110 252 147 325 1
70 257 113 329 1
35 249 75 321 1
0 244 36 323 1
