773 283 806 359 1
813 284 847 360 1
851 280 888 359 1
890 282 926 362 1
967 282 1000 353 1
927 276 964 357 1
1071 477 1106 556 1
1033 473 1073 554 1
753 569 832 605 1
753 607 835 643 1
754 647 837 685 1
830 105 864 181 1
792 102 826 177 1
748 99 782 165 1
709 85 742 171 1
667 91 700 173 1
631 92 665 170 1
591 91 626 167 1
470 85 504 161 1
605 293 641 372 1
566 291 604 370 1
525 297 561 370 1
484 297 518 371 1
602 477 637 554 1
603 572 637 651 1
563 486 598 561 1
559 571 593 646 1
521 482 557 561 1
520 571 554 648 1
480 569 515 640 1
441 566 476 645 1
427 92 461 170 1
481 474 514 552 1
441 482 476 557 1
400 479 436 555 1
398 572 432 643 1
358 560 394 640 1
321 556 354 632 1
281 562 319 637 1
245 566 279 637 1
206 563 239 637 1
165 560 202 639 1
125 560 163 639 1
44 560 85 639 1
359 477 395 556 1
320 479 356 554 1
284 473 318 549 1
246 476 282 547 1
203 475 241 550 1
162 475 204 554 1
128 476 165 553 1
86 474 128 553 1
54 474 91 550 1
9 475 52 557 1
0 484 12 558 1
445 288 480 366 1
408 284 442 364 1
364 290 400 364 1
324 300 360 375 1
284 295 320 372 1
247 297 282 371 1
206 298 245 376 1
165 295 206 375 1
131 298 168 375 1
94 301 133 376 1
55 298 95 377 1
18 294 58 373 1
0 301 18 376 1
39 93 79 179 1
79 97 121 171 1
119 113 157 184 1
154 99 194 175 1
197 117 234 182 1
234 97 270 171 1
270 94 303 165 1
309 86 342 161 1
348 86 383 163 1
388 90 427 166 1
503 99 541 177 1
547 96 582 175 1
1108 468 1148 543 1
1222 464 1264 534 1
1150 457 1192 537 1
0 95 37 175 1
759 685 834 719 1
1263 462 1279 530 1
1264 287 1279 360 1
1208 118 1245 196 1
1241 120 1279 192 1
1169 120 1209 190 1
1128 113 1162 178 1
1089 104 1126 175 1
1054 102 1088 177 1
1016 95 1056 180 1
978 104 1015 180 1
942 106 975 178 1
901 97 938 174 1
1080 284 1114 360 1
1040 290 1079 367 1
1001 291 1040 366 1
1155 285 1191 359 1
1116 288 1150 363 1
1192 289 1229 361 1
1226 282 1266 359 1
1188 473 1225 545 1
999 484 1034 559 1
963 478 998 549 1
927 470 962 547 1
763 469 800 548 1
683 462 715 539 1
805 471 841 549 1
847 480 881 558 1
884 475 919 549 1
9 564 47 644 1
0 570 7 642 1
84 559 124 639 1
