431 159 474 257 1
376 159 420 248 1
326 144 371 242 1
277 146 322 249 1
70 151 120 246 1
20 143 72 245 1
288 370 356 471 1
233 358 299 469 1
185 365 247 462 1
26 561 99 656 1
91 552 163 651 1
129 571 208 670 1
206 573 269 661 1
255 572 327 665 1
319 572 397 673 1
384 587 448 673 1
435 584 511 687 1
511 567 574 663 1
562 578 626 665 1
624 590 683 685 1
139 374 197 471 1
84 384 148 471 1
171 156 220 246 1
220 156 270 256 1
123 166 169 244 1
0 559 45 654 1
0 366 48 466 1
0 155 17 244 1
530 17 638 69 1
507 284 554 391 1
