535 568 601 604 1
532 532 606 568 1
712 570 787 604 1
972 607 1047 642 1
972 646 1057 683 1
977 687 1053 719 1
808 523 884 561 1
531 443 602 483 1
529 402 610 442 1
713 482 786 521 1
707 444 790 479 1
797 360 877 399 1
525 324 608 363 1
965 445 1046 485 1
969 487 1044 523 1
975 525 1051 558 1
974 563 1049 601 1
527 489 608 525 1
707 527 783 563 1
809 563 885 601 1
973 404 1049 439 1
802 611 879 643 1
802 651 880 687 1
717 695 796 719 1
801 690 878 719 1
534 610 611 649 1
535 654 612 687 1
446 655 519 690 1
533 695 613 719 1
439 694 517 719 1
718 650 791 687 1
708 608 796 646 1
447 615 523 653 1
442 573 522 610 1
446 530 520 566 1
440 489 525 526 1
440 446 518 484 1
442 408 519 445 1
711 404 779 441 1
803 442 883 480 1
803 483 882 520 1
709 363 790 400 1
710 321 787 357 1
804 319 876 357 1
810 280 879 317 1
712 282 791 317 1
435 368 514 401 1
519 366 597 401 1
444 325 519 360 1
443 284 521 324 1
716 241 785 278 1
708 201 783 241 1
312 680 349 719 1
310 593 348 670 1
306 498 348 582 1
312 417 352 491 1
808 401 882 437 1
441 244 520 280 1
529 242 608 276 1
530 284 609 318 1
439 205 509 241 1
526 201 606 239 1
530 161 609 199 1
448 165 525 202 1
311 326 350 397 1
307 232 347 318 1
311 138 348 213 1
453 127 518 162 1
535 124 606 159 1
713 164 785 196 1
794 158 868 195 1
976 363 1051 396 1
968 320 1049 356 1
969 282 1050 319 1
965 239 1050 276 1
804 235 883 272 1
961 201 1045 238 1
796 199 872 234 1
968 163 1032 198 1
970 124 1034 160 1
958 87 1028 124 1
956 51 1034 86 1
953 14 1024 51 1
959 0 1031 14 1
792 5 858 44 1
787 43 862 79 1
790 83 868 121 1
789 123 866 158 1
711 122 787 160 1
711 83 784 121 1
704 42 783 80 1
704 7 777 39 1
527 84 603 122 1
440 87 517 124 1
443 50 512 85 1
524 47 600 83 1
523 4 604 45 1
454 11 522 48 1
445 0 519 14 1
319 0 355 59 1
310 66 346 138 1
