1160 402 1267 490 1
1169 315 1259 406 1
1174 99 1263 210 1
1024 0 1116 52 1
891 2 984 92 1
834 0 915 61 1
923 45 1018 145 1
952 92 1061 197 1
996 136 1107 234 1
1042 169 1150 278 1
1082 222 1185 312 1
1118 271 1219 367 1
913 451 1006 536 1
1012 535 1111 622 1
874 401 980 503 1
838 360 928 469 1
807 315 896 409 1
755 267 854 363 1
718 232 811 325 1
673 188 778 286 1
575 606 683 657 1
703 670 793 718 1
572 661 678 712 1
322 644 440 703 1
214 609 320 668 1
305 492 430 540 1
312 404 422 459 1
297 360 414 402 1
193 299 298 350 1
189 404 297 453 1
0 415 78 468 1
0 468 86 522 1
0 571 89 625 1
0 622 86 678 1
0 314 69 361 1
0 261 73 307 1
