286 473 322 562 1
327 483 362 564 1
288 577 324 651 1
372 480 407 562 1
414 478 450 562 1
455 482 491 564 1
456 572 492 654 1
415 575 450 653 1
373 571 411 654 1
330 574 366 652 1
502 288 537 374 1
458 296 492 371 1
498 487 535 561 1
539 481 579 565 1
453 195 493 278 1
500 196 535 277 1
587 479 622 557 1
504 581 541 657 1
546 578 580 650 1
587 573 623 650 1
243 476 279 560 1
547 287 581 371 1
588 296 624 378 1
629 295 669 373 1
672 287 709 365 1
713 294 750 374 1
583 201 620 284 1
665 201 705 282 1
200 483 235 551 1
247 574 286 654 1
158 480 197 558 1
204 568 242 652 1
165 565 201 638 1
117 477 156 546 1
79 476 116 557 1
627 572 668 649 1
629 480 666 558 1
709 204 750 281 1
627 197 661 278 1
543 200 579 276 1
418 291 454 371 1
374 295 411 371 1
669 575 705 655 1
671 475 706 553 1
717 485 748 555 1
756 485 792 569 1
796 481 834 563 1
797 571 835 654 1
757 578 793 653 1
713 575 748 650 1
766 698 854 719 1
758 211 790 272 1
758 305 792 374 1
795 207 837 286 1
799 298 834 380 1
841 206 879 285 1
840 292 878 371 1
881 215 917 278 1
883 296 919 372 1
918 204 953 281 1
921 287 959 368 1
957 210 999 290 1
962 297 999 378 1
998 207 1037 291 1
1003 293 1039 377 1
1041 300 1079 378 1
1079 297 1120 375 1
1117 285 1160 367 1
1158 294 1200 371 1
1200 295 1237 371 1
1235 294 1279 376 1
1035 208 1073 280 1
1074 206 1114 282 1
1114 211 1153 284 1
1152 206 1194 283 1
1195 209 1236 287 1
1233 204 1279 280 1
1229 23 1274 108 1
1270 34 1279 107 1
1193 29 1230 106 1
1150 31 1195 109 1
1108 33 1146 111 1
1073 46 1111 116 1
1031 25 1072 102 1
989 29 1028 103 1
952 28 987 98 1
911 31 948 106 1
873 29 910 105 1
764 21 802 107 1
724 19 757 97 1
682 25 717 99 1
638 19 672 102 1
597 13 629 92 1
557 12 591 92 1
513 21 550 105 1
457 19 494 101 1
398 26 430 106 1
281 22 319 94 1
225 24 261 102 1
160 24 202 106 1
103 19 145 100 1
43 25 86 107 1
0 32 27 113 1
369 204 410 284 1
332 203 370 276 1
292 198 331 273 1
252 198 289 276 1
212 209 253 289 1
170 203 210 283 1
134 203 171 285 1
90 214 131 293 1
333 291 371 376 1
293 298 329 378 1
250 290 289 374 1
209 298 247 379 1
165 288 208 372 1
130 290 167 370 1
84 295 129 371 1
842 481 878 564 1
880 485 919 566 1
922 482 962 563 1
964 486 1001 562 1
1001 482 1041 563 1
1043 480 1081 557 1
1079 480 1116 553 1
1121 478 1164 556 1
1162 480 1200 559 1
1200 478 1242 558 1
1242 477 1279 560 1
1243 566 1279 652 1
1201 565 1245 642 1
1160 568 1201 651 1
1121 565 1161 649 1
1085 572 1122 643 1
1041 568 1083 644 1
1004 573 1041 646 1
959 569 997 646 1
921 571 960 652 1
881 575 920 652 1
840 577 877 658 1
