494 676 573 715 1
510 639 585 670 1
499 598 575 631 1
501 558 576 591 1
502 516 579 549 1
503 482 581 514 1
499 434 573 468 1
498 399 572 430 1
495 357 567 394 1
497 316 568 352 1
325 229 405 267 1
334 273 408 308 1
329 314 407 351 1
321 353 392 384 1
324 393 393 426 1
332 430 405 464 1
325 472 398 506 1
329 508 403 544 1
322 551 395 584 1
320 591 396 625 1
326 628 398 665 1
325 670 396 706 1
326 706 403 719 1
147 687 217 719 1
154 644 227 680 1
150 607 232 643 1
153 573 231 605 1
154 533 226 567 1
144 452 225 486 1
147 412 227 445 1
153 373 225 406 1
148 333 226 368 1
149 294 229 326 1
152 254 233 288 1
156 215 234 251 1
164 181 238 214 1
163 130 246 166 1
