638 189 679 285 1
687 187 724 268 1
736 178 776 267 1
929 174 974 266 1
879 174 928 262 1
834 170 873 263 1
778 181 826 270 1
996 412 1043 500 1
937 422 982 511 1
709 55 804 102 1
540 197 584 291 1
489 200 534 294 1
444 184 485 275 1
396 190 437 281 1
352 190 394 279 1
262 199 304 285 1
214 200 258 299 1
167 211 212 287 1
124 217 169 309 1
78 217 123 301 1
23 213 76 310 1
0 222 27 315 1
890 433 934 508 1
843 413 894 506 1
797 436 841 524 1
751 430 793 523 1
702 439 745 530 1
652 446 693 538 1
596 419 649 562 1
461 456 507 547 1
415 441 459 529 1
270 467 319 561 1
180 452 228 549 1
89 460 138 550 1
43 466 88 554 1
0 468 44 559 1
0 0 28 52 1
67 0 114 49 1
109 0 159 47 1
166 0 211 45 1
213 0 253 34 1
350 0 391 36 1
394 0 435 35 1
442 0 483 36 1
491 0 531 18 1
538 0 580 19 1
583 0 625 23 1
631 0 667 21 1
674 0 713 25 1
719 0 759 24 1
767 0 809 16 1
813 0 858 17 1
859 0 905 16 1
912 0 952 11 1
