779 665 867 719 1
738 589 845 666 1
718 515 829 598 1
736 456 826 527 1
719 388 827 467 1
724 334 814 408 1
519 284 622 327 1
525 338 634 384 1
532 391 641 439 1
529 445 638 487 1
530 493 644 542 1
537 548 653 598 1
546 598 658 648 1
554 700 657 719 1
316 663 428 712 1
206 667 313 718 1
196 618 304 671 1
310 608 415 663 1
314 561 403 608 1
195 565 298 617 1
287 509 402 561 1
178 516 282 564 1
300 455 399 504 1
185 464 298 508 1
294 408 385 458 1
183 414 294 460 1
288 361 400 401 1
170 360 281 415 1
170 310 281 353 1
288 301 405 347 1
264 195 388 259 1
0 319 75 370 1
0 371 81 422 1
0 433 77 482 1
0 483 58 533 1
0 533 82 580 1
0 580 86 632 1
0 633 90 688 1
611 4 714 55 1
486 7 594 64 1
261 20 381 74 1
263 0 372 20 1
153 0 262 32 1
0 0 40 46 1
0 47 48 95 1
