1074 129 1136 162 1
1004 125 1064 159 1
418 106 491 139 1
976 254 1007 325 1
884 256 920 329 1
847 255 877 320 1
817 250 845 318 1
781 248 813 314 1
711 247 741 311 1
680 247 708 314 1
644 244 674 315 1
609 249 642 317 1
574 244 604 313 1
541 248 570 318 1
503 245 535 312 1
465 243 494 304 1
430 244 461 315 1
387 251 419 316 1
441 395 476 453 1
473 398 512 465 1
506 394 543 453 1
648 395 688 459 1
684 395 722 460 1
714 394 754 458 1
754 398 793 461 1
920 399 962 461 1
508 106 576 137 1
590 108 652 140 1
709 115 772 146 1
264 111 333 141 1
203 109 268 141 1
1010 264 1042 331 1
944 259 973 317 1
913 256 941 322 1
1044 258 1068 319 1
1071 259 1100 320 1
1103 271 1132 309 1
1133 262 1165 321 1
1165 267 1196 325 1
1196 261 1227 324 1
1227 265 1259 327 1
1143 408 1184 467 1
1173 402 1217 466 1
1020 404 1056 466 1
981 398 1024 464 1
1169 526 1221 589 1
1203 526 1255 589 1
1096 528 1141 586 1
1065 519 1117 585 1
877 528 923 591 1
798 522 846 587 1
762 525 806 585 1
523 529 567 594 1
567 528 607 592 1
645 519 693 594 1
603 529 643 593 1
447 527 492 592 1
413 516 452 588 1
373 527 413 590 1
339 520 379 585 1
306 511 348 573 1
388 318 422 390 1
747 256 775 325 1
1243 135 1278 169 1
1258 275 1278 325 1
1238 411 1278 471 1
1245 519 1278 580 1
