630 688 707 719 1
545 701 624 719 1
550 649 624 688 1
643 650 719 684 1
907 692 985 719 1
1088 687 1163 719 1
1087 647 1169 685 1
1091 610 1171 645 1
1092 573 1164 609 1
1093 530 1178 566 1
1103 489 1175 526 1
1079 299 1157 335 1
1091 257 1169 293 1
1090 218 1167 257 1
1091 181 1161 215 1
1079 144 1157 178 1
1074 107 1150 141 1
1073 66 1146 105 1
1073 32 1147 67 1
1079 0 1156 32 1
900 0 967 21 1
901 24 974 61 1
909 63 983 100 1
914 100 983 140 1
916 180 989 216 1
919 218 995 255 1
922 256 986 290 1
906 333 973 365 1
914 368 988 406 1
911 411 982 445 1
910 449 983 486 1
828 534 905 569 1
824 577 898 609 1
819 495 896 528 1
823 453 890 487 1
818 412 902 447 1
819 373 890 407 1
812 334 892 369 1
818 292 888 326 1
825 253 889 287 1
822 217 896 251 1
830 177 900 211 1
813 131 887 169 1
814 95 895 131 1
819 57 900 95 1
821 20 897 58 1
817 0 892 19 1
631 0 704 14 1
633 15 706 48 1
631 51 703 85 1
630 87 707 124 1
634 131 707 166 1
627 167 702 203 1
623 206 695 242 1
624 244 704 279 1
634 283 707 322 1
633 326 707 361 1
630 365 710 401 1
631 408 713 443 1
633 450 712 487 1
631 490 709 529 1
636 532 718 567 1
643 570 717 604 1
640 607 715 642 1
544 610 618 647 1
555 567 633 603 1
545 527 629 566 1
545 486 623 521 1
545 447 624 484 1
546 405 625 442 1
542 366 624 401 1
541 324 620 360 1
543 283 615 320 1
541 244 614 277 1
547 205 617 240 1
543 164 619 203 1
545 126 618 165 1
546 88 620 122 1
538 50 616 84 1
547 12 619 48 1
553 0 625 11 1
368 0 439 11 1
371 10 441 48 1
369 47 442 87 1
358 87 434 119 1
352 123 429 161 1
361 164 430 201 1
368 204 440 239 1
362 244 439 280 1
363 285 438 321 1
364 325 439 359 1
359 366 439 401 1
365 404 440 444 1
365 446 441 480 1
362 485 442 521 1
359 526 441 562 1
368 564 439 600 1
368 606 433 641 1
362 644 432 681 1
348 683 419 717 1
158 706 234 719 1
175 0 253 31 1
175 33 254 69 1
159 69 241 108 1
166 111 244 149 1
161 147 240 186 1
156 190 236 227 1
157 231 233 266 1
163 307 238 339 1
181 345 250 382 1
161 386 240 421 1
173 424 248 463 1
157 463 234 500 1
154 505 245 543 1
156 546 238 582 1
168 587 246 620 1
161 626 241 662 1
160 667 236 705 1
