616 308 697 345 1
523 307 603 345 1
620 385 696 422 1
524 390 598 428 1
533 349 610 382 1
624 347 697 382 1
610 268 686 302 1
609 227 686 263 1
523 227 599 264 1
523 267 596 302 1
608 187 685 223 1
522 186 597 223 1
606 148 684 185 1
518 148 597 185 1
607 109 678 145 1
516 109 589 146 1
607 68 679 108 1
599 30 673 67 1
592 0 665 32 1
515 70 582 105 1
531 432 604 467 1
626 431 701 462 1
636 627 708 661 1
630 664 707 699 1
627 702 705 719 1
809 466 895 504 1
819 425 897 459 1
801 270 881 308 1
804 228 879 263 1
796 188 876 223 1
794 149 861 186 1
787 110 863 150 1
789 71 856 108 1
795 34 857 69 1
789 0 862 32 1
887 0 962 38 1
891 38 956 75 1
879 111 948 147 1
888 148 956 183 1
1068 185 1148 219 1
1073 222 1151 259 1
1074 261 1157 297 1
1074 299 1160 335 1
1075 344 1145 374 1
1078 380 1159 417 1
1076 421 1154 456 1
1076 457 1151 493 1
1086 498 1154 529 1
1078 536 1153 571 1
1092 610 1169 644 1
1096 648 1157 682 1
1090 685 1172 719 1
900 422 973 462 1
889 383 972 420 1
899 343 979 379 1
903 464 974 497 1
911 503 980 536 1
902 542 980 578 1
812 505 887 545 1
810 546 886 583 1
810 584 886 620 1
911 579 985 616 1
893 620 971 659 1
904 659 970 695 1
899 697 976 719 1
809 623 886 662 1
810 664 893 701 1
817 703 887 719 1
353 671 435 709 1
347 632 428 671 1
344 595 420 632 1
344 552 418 589 1
336 513 411 551 1
327 469 397 506 1
339 433 411 467 1
344 390 411 427 1
344 351 419 386 1
336 313 418 347 1
340 270 419 309 1
340 233 419 270 1
340 194 416 232 1
335 154 416 194 1
340 114 414 154 1
339 79 411 114 1
337 41 412 80 1
341 0 412 41 1
122 0 204 33 1
124 36 206 72 1
136 105 212 140 1
155 145 224 182 1
134 185 216 221 1
151 223 223 258 1
132 261 213 297 1
130 300 221 337 1
131 341 215 378 1
146 380 223 413 1
135 420 217 453 1
136 462 215 499 1
135 502 216 538 1
147 542 229 577 1
148 581 234 618 1
152 621 237 656 1
157 658 242 697 1
164 700 247 719 1
512 32 584 70 1
517 0 586 33 1
529 485 607 520 1
611 470 687 504 1
