1178 45 1248 155 1
1118 50 1187 173 1
1063 64 1126 165 1
1008 76 1070 190 1
943 74 1005 186 1
879 72 945 199 1
821 84 885 204 1
764 94 824 208 1
703 95 767 212 1
635 96 691 210 1
575 98 631 214 1
509 101 571 214 1
450 105 506 222 1
384 105 445 234 1
326 131 381 241 1
265 131 325 253 1
199 149 267 267 1
145 158 203 274 1
83 152 148 271 1
11 167 90 285 1
1215 390 1279 514 1
1102 376 1168 506 1
984 392 1043 516 1
923 409 983 527 1
864 414 918 535 1
800 411 854 516 1
735 424 797 547 1
673 431 727 550 1
610 438 664 557 1
546 438 602 564 1
481 454 542 575 1
413 463 472 584 1
352 466 415 577 1
299 473 352 589 1
228 473 293 592 1
173 501 233 593 1
114 490 172 608 1
45 480 112 593 1
0 498 57 616 1
