581 266 616 332 1
542 450 577 524 1
582 444 617 518 1
587 538 621 611 1
509 65 545 138 1
550 67 588 139 1
470 63 505 138 1
394 78 429 160 1
503 247 539 319 1
542 259 576 332 1
627 541 661 613 1
548 544 580 617 1
488 448 522 523 1
626 453 660 528 1
665 445 703 523 1
666 534 701 613 1
745 441 781 515 1
705 440 742 514 1
744 525 780 603 1
705 527 739 604 1
670 60 708 142 1
709 59 746 131 1
741 260 775 336 1
699 258 737 338 1
659 255 695 336 1
623 265 660 339 1
750 66 785 140 1
594 70 626 142 1
631 58 665 135 1
529 0 601 19 1
360 86 393 162 1
437 76 468 154 1
458 257 495 332 1
779 255 814 333 1
787 438 822 512 1
788 523 822 601 1
827 520 865 599 1
824 433 862 514 1
864 431 901 505 1
905 429 941 498 1
505 531 539 610 1
465 534 499 604 1
389 447 424 527 1
319 93 357 167 1
284 98 317 172 1
245 104 280 178 1
207 104 243 176 1
167 106 206 181 1
131 112 167 183 1
93 122 131 196 1
421 266 459 342 1
381 265 415 341 1
339 270 378 348 1
305 276 340 355 1
266 278 299 350 1
229 281 262 353 1
274 544 308 619 1
234 544 270 618 1
199 551 234 619 1
196 462 233 537 1
157 443 194 521 1
116 458 156 529 1
77 461 115 536 1
42 458 78 531 1
1 460 41 525 1
162 550 199 620 1
115 543 161 619 1
43 539 79 619 1
80 546 116 619 1
9 547 43 620 1
0 558 8 625 1
706 711 738 719 1
787 706 821 719 1
826 705 857 719 1
864 700 897 719 1
904 701 940 719 1
946 705 980 719 1
983 704 1015 719 1
1021 708 1053 719 1
1061 692 1100 719 1
1100 693 1137 719 1
1136 696 1178 719 1
1181 698 1219 719 1
1222 697 1259 719 1
1260 690 1279 719 1
868 521 901 594 1
905 519 943 591 1
946 511 983 587 1
984 504 1016 578 1
1018 503 1056 583 1
1059 513 1093 583 1
1097 506 1138 581 1
1136 506 1172 575 1
1170 507 1212 581 1
1208 502 1250 574 1
1247 501 1279 578 1
817 250 854 331 1
857 253 895 329 1
895 250 930 325 1
933 248 971 324 1
972 252 1010 322 1
1011 240 1049 310 1
1051 234 1087 309 1
1088 235 1124 309 1
1124 243 1161 314 1
1159 243 1202 312 1
1196 236 1240 313 1
1236 236 1279 310 1
787 56 824 132 1
827 74 863 137 1
866 53 899 125 1
904 93 939 161 1
938 44 971 116 1
974 42 1011 116 1
1016 46 1052 120 1
1054 48 1089 123 1
1092 41 1130 115 1
1130 52 1168 128 1
1170 48 1205 125 1
1207 41 1247 117 1
1248 40 1279 116 1
