830 552 877 665 1
782 564 824 657 1
730 562 773 668 1
617 563 664 665 1
567 560 611 660 1
508 557 558 661 1
244 565 299 671 1
82 344 192 388 1
353 560 395 663 1
403 554 447 660 1
193 555 242 665 1
140 567 191 672 1
78 561 136 667 1
299 558 347 665 1
456 573 500 675 1
208 344 302 386 1
385 346 488 389 1
872 341 970 388 1
986 345 1084 387 1
1089 543 1133 638 1
1137 551 1186 643 1
1188 540 1237 642 1
1258 337 1278 381 1
18 562 74 658 1
1242 542 1279 643 1
991 545 1035 647 1
1043 561 1086 623 1
891 564 939 667 1
942 546 984 645 1
0 351 61 394 1
679 564 728 696 1
0 571 19 678 1
