674 190 741 260 1
769 228 837 294 1
743 256 811 327 1
684 315 753 384 1
643 220 712 293 1
711 283 778 353 1
719 407 786 479 1
767 509 835 579 1
453 142 525 212 1
391 82 458 148 1
167 408 237 478 1
360 111 427 182 1
513 86 579 149 1
173 523 242 592 1
450 515 511 575 1
480 485 547 552 1
529 476 603 547 1
849 416 916 484 1
888 504 955 570 1
855 534 923 599 1
826 567 896 632 1
570 30 628 87 1
543 60 603 120 1
337 294 405 360 1
146 442 212 508 1
145 552 213 619 1
423 539 492 610 1
549 545 609 604 1
504 568 577 635 1
631 371 700 439 1
666 353 727 409 1
589 271 662 344 1
554 296 629 365 1
625 250 693 315 1
593 3 660 70 1
620 0 687 38 1
670 0 720 16 1
502 0 569 33 1
468 0 532 52 1
441 19 510 89 1
413 48 483 117 1
473 105 546 176 1
243 57 321 121 1
224 351 297 422 1
258 327 319 389 1
281 293 347 361 1
339 352 409 417 1
317 383 384 452 1
197 382 264 450 1
114 463 174 529 1
80 492 150 564 1
62 530 125 593 1
200 489 274 562 1
227 468 298 538 1
261 440 324 507 1
288 415 351 477 1
433 339 476 413 1
171 638 243 712 1
115 587 188 650 1
88 617 161 690 1
27 557 102 629 1
0 584 58 647 1
0 627 34 689 1
29 670 100 719 1
57 641 127 713 1
0 705 37 719 1
42 319 111 387 1
0 383 43 447 1
339 220 408 284 1
391 562 457 630 1
452 629 523 695 1
483 602 553 668 1
426 655 493 719 1
368 599 434 664 1
402 683 456 719 1
333 622 398 689 1
302 648 379 719 1
281 685 335 719 1
256 709 285 719 1
371 706 402 719 1
641 684 696 719 1
676 661 744 719 1
750 704 785 719 1
969 693 1012 719 1
993 667 1061 719 1
700 163 769 229 1
732 140 791 196 1
750 101 816 166 1
774 73 846 139 1
792 193 858 260 1
818 166 884 229 1
844 138 907 203 1
871 115 935 180 1
900 87 967 156 1
918 57 987 125 1
944 32 1009 100 1
970 6 1035 71 1
993 0 1053 43 1
804 53 870 113 1
832 24 898 88 1
854 0 920 60 1
878 0 945 33 1
1041 0 1086 15 1
788 472 857 537 1
818 442 886 510 1
874 384 947 453 1
914 475 982 542 1
939 448 1001 509 1
961 414 1036 481 1
900 358 971 424 1
925 328 999 398 1
990 387 1046 442 1
1012 360 1077 425 1
954 304 1020 369 1
970 270 1040 334 1
1037 334 1094 392 1
1064 305 1121 369 1
1001 241 1066 305 1
1088 277 1154 338 1
1023 210 1098 280 1
1050 191 1113 250 1
1071 160 1143 224 1
1111 244 1167 307 1
1131 221 1202 284 1
1158 191 1224 253 1
1096 134 1166 199 1
1119 105 1186 164 1
1147 81 1206 138 1
1166 55 1234 118 1
1196 28 1266 90 1
1181 163 1246 225 1
1204 141 1269 202 1
1228 114 1279 183 1
1251 84 1279 133 1
1264 354 1279 392 1
1219 3 1279 64 1
1240 379 1279 445 1
1217 414 1279 475 1
1197 443 1264 505 1
1174 473 1231 530 1
1143 495 1214 562 1
1122 525 1191 592 1
1092 548 1159 613 1
1065 577 1131 641 1
1041 604 1100 670 1
1021 640 1085 706 1
