842 0 879 30 1
839 37 876 117 1
841 141 877 227 1
835 253 872 339 1
829 353 864 433 1
821 467 856 548 1
1025 450 1099 489 1
642 78 708 119 1
631 200 710 237 1
624 323 697 355 1
632 364 700 397 1
627 402 703 439 1
628 444 700 481 1
622 485 699 521 1
619 525 697 562 1
612 566 694 603 1
611 607 691 645 1
609 647 687 683 1
607 689 686 719 1
444 410 522 462 1
453 116 536 170 1
459 35 536 85 1
304 0 378 31 1
300 27 379 77 1
304 76 379 128 1
295 128 374 177 1
290 167 376 226 1
291 220 371 276 1
284 260 366 321 1
279 304 362 364 1
286 354 366 414 1
288 410 356 460 1
283 458 355 508 1
272 506 345 549 1
273 544 350 603 1
279 605 353 649 1
276 644 342 695 1
269 687 349 719 1
438 620 510 671 1
434 661 512 715 1
