762 478 817 603 1
577 464 635 581 1
513 464 570 576 1
446 589 499 692 1
455 463 512 578 1
388 453 451 571 1
329 440 387 562 1
267 435 331 553 1
213 427 274 544 1
151 411 219 540 1
638 476 695 589 1
704 474 760 598 1
824 499 880 611 1
882 495 935 611 1
938 505 996 623 1
140 543 198 652 1
207 570 260 675 1
263 568 319 676 1
328 569 384 682 1
382 578 442 690 1
1119 237 1177 355 1
1176 253 1234 368 1
994 486 1050 598 1
46 314 115 435 1
846 215 903 310 1
733 196 789 309 1
670 183 723 300 1
613 187 664 295 1
549 177 608 296 1
1015 234 1071 331 1
1224 263 1279 367 1
964 223 1019 343 1
913 223 962 320 1
1209 537 1265 649 1
1200 666 1257 719 1
975 644 1034 719 1
919 631 981 719 1
858 625 922 719 1
802 620 861 719 1
746 624 802 719 1
684 618 741 719 1
620 636 675 719 1
564 593 622 716 1
504 587 559 700 1
