707 278 738 355 1
663 269 699 344 1
620 278 655 352 1
703 105 737 173 1
580 271 612 348 1
660 89 694 171 1
701 19 734 95 1
662 13 693 85 1
623 12 655 89 1
617 95 655 175 1
583 3 615 84 1
578 92 613 169 1
539 12 574 87 1
539 90 572 169 1
500 4 532 78 1
500 93 533 161 1
459 0 493 83 1
460 83 493 163 1
417 6 451 83 1
415 84 453 165 1
533 270 569 345 1
741 49 775 128 1
878 55 913 133 1
915 70 949 133 1
951 59 988 132 1
990 57 1023 133 1
1025 62 1063 136 1
1064 66 1097 134 1
1099 59 1137 133 1
1137 62 1171 132 1
1171 63 1208 135 1
1209 66 1246 138 1
1249 69 1279 143 1
881 0 919 33 1
919 0 953 42 1
954 0 991 47 1
992 0 1025 48 1
1026 0 1065 49 1
1064 0 1101 48 1
874 243 908 320 1
914 235 950 308 1
953 236 988 313 1
988 244 1023 320 1
1027 241 1065 319 1
1065 245 1100 319 1
1099 245 1135 321 1
1136 248 1170 322 1
1170 240 1204 314 1
1204 243 1243 313 1
1244 241 1279 316 1
1241 330 1279 402 1
1203 332 1241 400 1
1170 330 1202 392 1
1133 330 1170 403 1
1102 330 1135 390 1
1064 326 1106 403 1
1027 334 1066 402 1
993 330 1028 408 1
954 329 990 403 1
915 327 952 400 1
875 329 909 404 1
377 5 412 80 1
376 83 409 163 1
490 264 528 336 1
453 267 486 344 1
413 265 446 336 1
372 277 407 343 1
333 272 368 337 1
293 263 329 345 1
250 265 290 346 1
209 265 249 345 1
169 262 210 343 1
131 271 168 342 1
91 264 131 345 1
46 258 90 341 1
8 257 45 336 1
0 263 7 339 1
678 365 755 399 1
684 404 750 442 1
675 451 744 483 1
671 488 743 523 1
757 522 792 597 1
796 526 832 597 1
834 524 871 598 1
874 527 906 602 1
908 526 946 604 1
946 526 981 603 1
981 515 1021 590 1
1022 518 1057 591 1
1059 518 1094 590 1
1095 523 1128 598 1
1127 522 1165 596 1
1165 529 1199 587 1
1200 528 1236 595 1
1233 520 1272 594 1
1270 523 1279 586 1
1102 0 1136 47 1
1137 0 1175 41 1
1171 0 1214 44 1
1210 0 1247 46 1
1249 0 1279 52 1
335 7 370 77 1
296 0 333 76 1
340 89 375 164 1
296 88 335 167 1
259 94 295 176 1
259 8 294 78 1
216 4 254 80 1
210 96 251 168 1
176 1 214 75 1
177 94 209 165 1
132 85 172 167 1
133 0 173 75 1
90 0 131 66 1
45 0 90 75 1
3 0 44 72 1
92 94 130 170 1
45 87 92 169 1
5 85 49 166 1
