669 0 705 42 1
672 50 708 127 1
599 201 662 234 1
678 135 709 208 1
577 31 653 67 1
579 70 656 107 1
593 101 669 142 1
589 154 664 190 1
598 241 658 271 1
682 220 716 305 1
593 276 678 315 1
799 26 881 65 1
812 67 891 105 1
603 326 675 362 1
687 314 723 392 1
360 331 445 367 1
367 289 434 323 1
351 205 440 242 1
365 250 447 285 1
337 602 425 646 1
791 190 871 227 1
809 143 887 182 1
813 104 879 138 1
798 234 879 267 1
800 267 883 308 1
805 311 884 348 1
818 349 896 388 1
817 389 895 432 1
819 433 897 467 1
819 470 896 509 1
813 513 897 551 1
368 166 436 198 1
361 122 437 157 1
340 73 433 116 1
332 35 417 72 1
332 0 415 37 1
341 416 432 461 1
347 375 422 409 1
573 0 657 27 1
855 633 895 714 1
812 658 847 719 1
769 662 811 719 1
732 674 767 719 1
692 669 730 719 1
646 680 682 719 1
609 688 644 719 1
566 680 603 719 1
524 689 561 719 1
341 632 428 675 1
340 677 429 718 1
789 0 865 23 1
596 368 677 406 1
595 404 691 450 1
77 693 164 719 1
