322 256 405 292 1
334 300 408 334 1
324 379 393 412 1
327 420 399 454 1
337 456 412 494 1
148 241 230 276 1
331 342 411 377 1
147 283 228 320 1
154 156 236 193 1
156 206 233 240 1
145 323 227 358 1
145 362 225 398 1
152 402 226 437 1
504 383 582 414 1
502 341 581 375 1
331 498 404 533 1
336 536 413 571 1
331 577 406 612 1
159 564 230 600 1
145 482 231 517 1
146 444 231 479 1
330 619 407 653 1
338 656 411 690 1
336 695 410 719 1
161 677 237 712 1
156 638 243 676 1
159 603 239 637 1
508 698 587 719 1
525 659 598 691 1
512 619 589 653 1
512 580 587 614 1
513 537 587 573 1
507 459 584 496 1
505 419 581 456 1
