1094 207 1167 246 1
891 221 926 303 1
900 108 937 190 1
900 9 944 95 1
696 75 767 115 1
701 117 770 152 1
703 156 773 195 1
700 199 774 233 1
697 236 766 271 1
691 277 770 315 1
686 320 766 356 1
685 362 764 400 1
682 402 762 437 1
681 445 758 479 1
682 481 763 518 1
675 525 753 560 1
509 459 581 510 1
509 415 585 468 1
514 375 584 424 1
518 161 590 215 1
368 164 431 209 1
367 108 442 166 1
21 119 67 206 1
365 61 435 118 1
361 15 440 74 1
383 0 442 34 1
355 213 425 261 1
348 255 417 302 1
359 303 424 357 1
359 354 425 401 1
351 396 418 445 1
345 438 421 495 1
342 487 418 537 1
359 542 424 590 1
346 586 413 636 1
341 638 428 687 1
