626 0 689 27 1
625 34 685 64 1
709 13 743 98 1
394 82 461 116 1
378 0 467 35 1
392 43 474 78 1
825 27 906 60 1
389 124 472 158 1
714 106 751 182 1
371 214 459 256 1
373 172 450 205 1
822 0 899 21 1
828 64 912 102 1
832 105 911 143 1
846 145 923 183 1
845 186 921 226 1
846 228 925 261 1
848 265 922 303 1
843 453 878 528 1
800 463 843 548 1
763 470 802 552 1
723 469 759 546 1
641 487 675 555 1
597 478 633 559 1
554 488 595 565 1
682 481 718 561 1
846 309 929 343 1
632 113 706 154 1
623 65 709 106 1
626 159 707 198 1
625 192 723 238 1
357 325 453 370 1
239 350 312 424 1
70 585 117 667 1
516 502 553 582 1
890 429 929 512 1
373 477 460 518 1
373 432 459 473 1
370 396 459 438 1
