78 67 143 188 1
143 65 207 184 1
201 78 262 196 1
257 80 320 197 1
324 73 387 194 1
386 84 442 192 1
446 69 508 194 1
513 78 567 194 1
578 83 627 197 1
636 93 690 207 1
697 100 752 212 1
766 109 820 225 1
825 118 876 233 1
882 118 936 239 1
938 116 995 244 1
1003 128 1057 241 1
1065 138 1124 257 1
1121 138 1181 237 1
1243 142 1279 253 1
1180 136 1242 258 1
1221 485 1279 613 1
1110 451 1169 586 1
987 448 1047 573 1
927 451 986 573 1
863 450 923 571 1
807 436 861 544 1
742 438 798 563 1
680 433 735 556 1
615 431 671 549 1
551 421 609 542 1
486 427 544 548 1
417 422 474 544 1
359 418 413 529 1
298 419 356 527 1
230 402 293 522 1
174 420 231 514 1
113 401 174 519 1
52 380 113 496 1
0 389 56 504 1
