825 43 863 128 1
819 153 859 235 1
813 249 855 329 1
817 354 857 439 1
819 499 878 582 1
807 574 843 653 1
796 688 833 719 1
1011 662 1082 707 1
623 0 697 34 1
618 80 692 119 1
603 123 681 164 1
614 292 682 330 1
600 414 682 457 1
596 542 673 580 1
602 585 674 621 1
600 624 677 664 1
597 666 673 704 1
593 702 667 719 1
441 0 521 43 1
425 248 503 298 1
420 331 506 388 1
410 633 489 682 1
245 679 317 719 1
254 633 324 687 1
252 578 332 635 1
242 526 326 588 1
245 481 331 547 1
253 436 336 497 1
252 386 338 442 1
268 348 339 394 1
257 287 342 342 1
260 240 343 290 1
262 189 340 246 1
262 150 343 200 1
265 102 351 154 1
267 56 350 106 1
269 0 347 50 1
