1103 162 1150 244 1
1067 156 1104 251 1
1017 157 1074 263 1
966 155 1010 246 1
924 150 966 242 1
871 142 917 237 1
827 156 863 252 1
776 140 815 238 1
730 146 766 238 1
676 140 718 240 1
625 144 672 240 1
576 138 619 235 1
525 144 569 243 1
470 139 512 234 1
417 137 458 220 1
365 139 410 240 1
305 149 351 241 1
298 248 351 351 1
733 355 788 453 1
683 356 738 452 1
475 357 526 441 1
425 362 481 456 1
379 357 425 441 1
897 543 965 638 1
844 547 907 635 1
670 541 743 646 1
613 554 673 654 1
560 549 620 636 1
499 551 561 645 1
387 551 451 636 1
339 536 395 632 1
278 550 338 642 1
232 537 289 626 1
183 527 243 616 1
836 360 893 449 1
775 352 835 444 1
1148 154 1192 254 1
1198 170 1248 264 1
1246 161 1279 248 1
1161 358 1221 449 1
1070 363 1128 450 1
1187 0 1279 17 1
1010 546 1079 637 1
1213 366 1268 454 1
