341 1 407 36 1
322 37 409 79 1
321 84 408 119 1
327 127 403 162 1
333 170 417 206 1
331 211 412 249 1
330 252 408 289 1
322 297 405 334 1
322 336 409 373 1
348 421 427 457 1
341 501 431 542 1
552 0 634 30 1
552 40 628 77 1
555 81 635 118 1
562 121 644 157 1
572 163 652 198 1
574 202 655 239 1
573 242 650 277 1
565 283 651 323 1
566 327 645 364 1
569 366 648 406 1
582 404 659 445 1
580 449 654 489 1
586 533 649 570 1
654 0 690 76 1
656 85 694 167 1
661 172 695 247 1
660 257 696 336 1
663 344 699 421 1
668 427 699 502 1
775 0 855 26 1
774 30 855 65 1
777 68 863 108 1
776 112 857 151 1
776 151 861 188 1
780 193 862 228 1
782 234 862 267 1
782 274 858 311 1
790 316 870 352 1
801 355 882 393 1
803 396 869 432 1
353 544 436 582 1
330 372 427 413 1
672 510 707 597 1
584 569 671 618 1
357 583 426 624 1
587 492 652 527 1
595 615 666 658 1
353 625 435 665 1
792 557 873 598 1
794 599 872 641 1
802 435 879 474 1
784 479 862 518 1
789 523 870 557 1
359 464 425 497 1
676 604 713 683 1
808 637 885 680 1
805 677 883 719 1
587 658 667 699 1
586 695 678 719 1
338 668 414 706 1
