0 374 49 436 1
209 342 290 453 1
266 313 343 421 1
318 288 394 394 1
364 265 447 377 1
473 221 549 335 1
531 212 601 296 1
565 165 647 278 1
75 54 145 160 1
119 29 192 129 1
168 11 240 105 1
208 0 282 87 1
262 0 331 60 1
376 0 426 26 1
671 65 747 171 1
724 40 800 146 1
764 20 849 128 1
855 0 936 95 1
906 0 981 73 1
960 0 1022 47 1
1011 0 1065 33 1
893 172 984 272 1
250 545 361 611 1
373 515 478 580 1
597 381 718 452 1
737 348 850 419 1
754 407 869 478 1
775 463 885 528 1
806 570 914 639 1
666 560 764 623 1
685 672 799 719 1
1065 214 1171 276 1
964 244 1068 299 1
1083 265 1188 327 1
1097 317 1209 380 1
1116 364 1219 428 1
982 294 1092 358 1
998 342 1104 408 1
1020 403 1112 453 1
1132 457 1250 524 1
1161 512 1261 576 1
1040 495 1137 553 1
1048 542 1163 603 1
1062 591 1171 653 1
1072 641 1187 709 1
1177 607 1279 674 1
1203 670 1279 717 1
