622 518 699 556 1
629 443 699 478 1
812 565 875 599 1
806 523 883 560 1
898 522 959 554 1
884 482 961 520 1
803 484 879 520 1
802 443 877 480 1
800 403 876 440 1
345 454 422 487 1
1071 362 1141 395 1
801 363 878 403 1
347 493 424 528 1
1059 246 1137 282 1
890 246 958 280 1
804 249 879 284 1
526 289 604 323 1
522 249 595 287 1
900 440 974 476 1
893 399 966 435 1
901 360 968 395 1
891 324 959 357 1
806 324 883 359 1
806 285 884 319 1
886 284 961 321 1
891 634 972 673 1
892 557 964 595 1
891 598 963 633 1
805 604 886 640 1
798 643 877 677 1
897 207 962 242 1
1058 283 1136 317 1
1061 321 1135 355 1
1058 210 1124 241 1
1056 167 1139 205 1
1056 126 1132 164 1
1054 92 1129 127 1
1051 57 1124 90 1
1042 21 1113 56 1
782 23 847 56 1
782 57 855 89 1
615 207 690 239 1
615 246 686 277 1
531 208 604 244 1
610 170 689 203 1
523 167 600 205 1
605 132 678 168 1
604 95 678 130 1
521 93 595 131 1
522 132 590 167 1
603 56 675 91 1
520 57 594 92 1
600 18 676 55 1
172 554 251 588 1
168 515 249 550 1
163 475 245 511 1
158 437 239 473 1
158 398 238 432 1
346 408 420 444 1
338 371 409 407 1
331 327 401 364 1
344 290 414 325 1
349 251 414 288 1
350 210 421 248 1
342 176 420 208 1
346 137 424 174 1
150 280 229 317 1
152 322 227 357 1
149 360 223 396 1
532 532 603 562 1
620 562 696 597 1
623 481 700 518 1
620 601 696 637 1
527 602 605 636 1
529 564 604 597 1
625 641 697 674 1
542 641 615 678 1
627 679 699 710 1
525 680 596 717 1
800 682 880 716 1
886 677 964 710 1
1070 701 1147 719 1
1068 670 1140 701 1
1064 404 1138 438 1
1077 474 1152 509 1
1083 512 1142 544 1
1076 551 1157 583 1
1075 591 1156 627 1
1064 631 1151 667 1
774 0 847 23 1
603 0 673 17 1
862 0 931 21 1
517 0 588 19 1
518 21 594 55 1
350 100 421 134 1
348 62 420 99 1
344 26 420 61 1
349 0 421 25 1
154 0 225 16 1
171 18 238 50 1
151 52 230 89 1
165 90 238 125 1
162 127 226 161 1
147 164 231 201 1
148 204 225 239 1
159 243 233 274 1
178 590 255 627 1
176 631 250 668 1
175 672 258 709 1
