827 22 865 102 1
812 248 851 328 1
805 352 846 433 1
796 450 835 525 1
799 554 836 634 1
924 591 996 672 1
598 486 668 526 1
583 611 665 648 1
589 321 669 358 1
607 277 679 315 1
614 195 682 234 1
627 156 688 193 1
608 116 680 150 1
599 70 676 109 1
608 29 680 65 1
613 0 687 35 1
433 0 517 36 1
438 24 508 80 1
436 146 505 200 1
437 188 507 242 1
417 445 489 493 1
407 524 493 579 1
238 661 314 719 1
247 620 323 684 1
246 572 328 633 1
251 529 330 584 1
250 474 335 533 1
254 431 337 483 1
254 375 332 440 1
259 340 336 397 1
264 295 345 346 1
261 249 343 300 1
266 192 343 246 1
270 148 349 205 1
269 106 355 160 1
277 55 353 114 1
283 5 361 64 1
