851 0 893 27 1
848 38 887 117 1
852 142 890 225 1
849 254 886 336 1
845 353 882 439 1
836 467 873 552 1
1039 449 1114 488 1
654 81 719 118 1
642 200 720 242 1
639 324 711 360 1
643 367 713 402 1
641 406 715 444 1
642 446 716 482 1
635 490 712 521 1
634 529 714 565 1
626 570 709 608 1
626 613 707 648 1
627 651 703 689 1
622 694 701 719 1
468 38 546 90 1
463 118 548 175 1
457 412 535 468 1
451 629 528 678 1
448 672 527 719 1
313 0 383 33 1
305 32 388 81 1
311 79 390 134 1
299 132 384 183 1
297 173 385 230 1
303 223 383 282 1
295 263 377 327 1
290 311 373 371 1
301 363 378 422 1
307 420 371 465 1
291 464 365 517 1
286 517 358 560 1
288 560 364 611 1
294 611 365 658 1
286 653 358 702 1
