471 647 545 684 1
465 690 550 719 1
913 645 987 684 1
742 605 821 646 1
654 647 731 686 1
650 606 734 643 1
648 438 725 477 1
740 439 814 475 1
657 521 731 559 1
378 404 456 440 1
469 397 548 435 1
473 438 551 476 1
382 443 459 482 1
464 479 544 517 1
381 484 455 523 1
463 521 547 559 1
472 567 543 602 1
376 526 454 561 1
376 565 455 603 1
464 602 545 641 1
380 607 453 645 1
656 692 734 719 1
744 685 818 719 1
739 645 820 679 1
379 651 459 687 1
384 360 459 398 1
464 356 540 393 1
471 316 551 356 1
385 320 459 358 1
649 397 726 435 1
738 393 813 432 1
740 356 816 392 1
645 356 718 395 1
919 562 990 597 1
915 521 991 555 1
910 475 985 514 1
911 437 992 472 1
909 397 985 432 1
910 358 993 394 1
914 315 993 356 1
910 274 989 317 1
741 314 813 351 1
653 314 720 351 1
654 274 736 312 1
744 274 816 308 1
736 231 819 271 1
650 234 732 275 1
205 310 280 347 1
209 350 286 386 1
199 391 286 431 1
195 433 276 469 1
191 471 272 509 1
474 232 552 268 1
479 274 547 309 1
389 276 452 310 1
387 234 462 270 1
202 266 289 305 1
196 516 284 552 1
197 567 280 607 1
203 629 283 666 1
379 688 453 719 1
739 563 819 600 1
653 566 731 603 1
909 686 992 719 1
908 232 985 270 1
910 196 987 231 1
911 155 990 191 1
913 114 986 152 1
908 74 989 112 1
907 40 980 73 1
912 3 977 40 1
735 0 810 34 1
743 189 824 228 1
739 151 819 189 1
739 110 816 149 1
736 76 810 110 1
740 36 810 72 1
650 191 731 229 1
652 149 732 189 1
655 73 731 112 1
651 112 732 147 1
651 35 731 72 1
651 0 727 33 1
478 0 556 33 1
468 191 545 229 1
385 190 462 229 1
394 153 457 189 1
472 152 549 188 1
463 113 543 149 1
383 117 456 153 1
390 74 469 113 1
475 72 551 110 1
472 33 554 71 1
389 34 469 75 1
391 0 462 35 1
213 160 289 197 1
213 120 293 160 1
213 82 285 120 1
212 45 290 81 1
210 0 290 41 1
914 603 995 640 1
745 480 815 514 1
748 518 822 554 1
650 483 733 519 1
