411 475 451 559 1
459 473 494 551 1
459 567 495 644 1
501 289 541 367 1
544 281 581 359 1
585 288 622 368 1
455 195 492 278 1
537 195 577 276 1
499 566 540 643 1
501 474 538 552 1
581 198 622 275 1
541 569 577 649 1
543 469 578 547 1
628 479 664 563 1
669 565 707 648 1
629 572 665 647 1
585 569 620 644 1
630 205 662 266 1
630 299 664 368 1
667 201 709 280 1
596 13 629 91 1
554 19 589 93 1
510 13 544 96 1
714 475 750 558 1
753 569 792 646 1
712 571 749 652 1
638 13 675 99 1
499 192 534 271 1
418 196 450 273 1
418 282 453 364 1
671 291 707 373 1
458 291 495 369 1
797 565 837 648 1
797 476 837 558 1
753 477 792 558 1
377 573 413 649 1
373 479 408 554 1
416 571 452 640 1
585 479 619 549 1
668 476 704 558 1
660 693 746 719 1
746 22 784 96 1
789 21 823 98 1
830 20 862 89 1
867 20 904 95 1
910 17 949 96 1
951 38 989 107 1
989 26 1025 102 1
1030 25 1068 101 1
1068 23 1107 99 1
1109 18 1148 101 1
1149 18 1189 98 1
1198 75 1279 113 1
471 11 506 88 1
431 8 466 87 1
387 17 424 101 1
335 18 373 100 1
276 25 311 102 1
161 19 199 92 1
104 22 143 100 1
36 20 83 104 1
0 13 23 96 1
716 199 752 277 1
756 207 791 272 1
794 198 828 273 1
836 202 875 283 1
877 201 915 283 1
915 200 951 273 1
952 198 993 275 1
996 202 1036 276 1
1036 198 1074 276 1
1075 201 1115 281 1
1115 196 1153 273 1
1154 202 1192 269 1
1188 204 1234 276 1
1229 204 1278 278 1
1235 293 1278 369 1
1195 292 1235 371 1
1156 288 1196 364 1
1116 289 1160 369 1
1078 288 1116 364 1
1041 286 1078 363 1
1000 276 1040 362 1
957 291 998 368 1
920 293 958 370 1
878 286 919 372 1
841 290 876 370 1
797 279 834 360 1
758 287 792 366 1
712 286 750 365 1
377 195 412 273 1
376 283 414 367 1
332 194 369 275 1
333 290 368 364 1
293 285 332 366 1
248 202 289 278 1
252 289 289 364 1
212 286 251 369 1
211 199 250 271 1
170 195 210 268 1
133 194 171 273 1
91 205 133 282 1
50 200 93 279 1
12 200 54 279 1
0 211 13 288 1
0 291 10 364 1
10 288 50 364 1
45 285 92 365 1
89 293 129 373 1
131 286 169 367 1
172 293 210 371 1
1238 476 1279 553 1
1240 558 1279 637 1
1199 473 1247 555 1
1200 561 1243 640 1
1158 474 1200 554 1
1160 565 1205 637 1
1120 469 1161 550 1
1081 473 1119 551 1
1122 561 1163 644 1
1079 557 1121 636 1
1041 474 1078 553 1
1041 560 1078 646 1
1000 474 1040 551 1
999 560 1037 642 1
959 473 993 549 1
961 564 999 639 1
920 475 958 554 1
921 562 958 641 1
880 477 918 559 1
879 568 917 642 1
838 480 876 560 1
836 564 872 641 1
329 475 367 556 1
331 562 370 646 1
289 470 327 554 1
291 565 328 644 1
246 472 286 554 1
252 561 289 645 1
205 476 243 555 1
208 563 249 640 1
167 465 207 552 1
168 567 207 641 1
123 468 164 552 1
126 563 170 646 1
83 558 127 641 1
82 475 120 541 1
37 472 84 549 1
0 470 43 538 1
43 556 86 631 1
