882 184 928 284 1
929 194 974 287 1
976 188 1016 288 1
782 187 825 280 1
729 182 768 269 1
677 183 720 285 1
1021 196 1063 284 1
1064 191 1109 286 1
620 291 665 396 1
1118 403 1177 491 1
1065 396 1119 485 1
1245 208 1279 297 1
1201 202 1250 291 1
1155 197 1205 288 1
1110 210 1157 300 1
901 1 985 42 1
788 1 880 35 1
840 190 879 288 1
1028 400 1080 486 1
981 399 1036 487 1
788 400 839 482 1
739 405 792 496 1
694 399 744 479 1
1177 577 1243 670 1
1127 582 1192 667 1
965 575 1037 674 1
912 591 972 679 1
865 587 919 672 1
801 591 866 681 1
697 591 757 674 1
650 578 706 674 1
591 591 648 679 1
540 583 596 666 1
338 0 432 33 1
429 0 523 34 1
658 0 757 36 1
1057 5 1144 50 1
617 191 657 285 1
489 569 548 662 1
