1114 149 1179 184 1
910 166 946 248 1
920 53 952 137 1
914 0 957 39 1
716 23 784 61 1
722 64 788 101 1
720 101 793 141 1
717 145 787 180 1
712 186 784 224 1
713 227 791 260 1
709 264 786 303 1
710 309 787 344 1
708 348 786 382 1
709 392 785 427 1
706 430 788 466 1
701 473 779 509 1
536 322 609 370 1
535 365 610 417 1
540 109 612 167 1
536 405 606 463 1
384 493 451 540 1
376 542 442 585 1
377 590 457 642 1
0 98 31 190 1
382 60 460 118 1
391 16 454 68 1
390 0 454 28 1
392 114 451 164 1
377 166 447 214 1
378 208 438 255 1
381 258 449 309 1
380 306 448 353 1
371 347 444 401 1
371 391 446 449 1
373 439 444 493 1
