1096 169 1143 251 1
1060 163 1097 258 1
1010 164 1067 270 1
959 162 1003 253 1
917 157 959 249 1
864 149 910 244 1
820 163 856 259 1
769 147 808 245 1
723 153 759 245 1
669 147 711 247 1
618 151 665 247 1
569 145 612 242 1
518 151 562 250 1
463 146 505 241 1
410 144 451 227 1
358 146 403 247 1
298 156 344 248 1
291 255 344 358 1
726 362 781 460 1
676 363 731 459 1
468 364 519 448 1
418 369 474 463 1
372 364 418 448 1
1001 556 1070 646 1
890 550 958 645 1
837 554 900 642 1
663 548 736 653 1
606 561 666 661 1
553 556 613 643 1
492 558 554 652 1
380 558 444 643 1
332 543 388 639 1
271 557 331 649 1
225 544 282 633 1
176 534 236 623 1
829 367 886 456 1
768 359 828 451 1
1141 161 1185 261 1
1191 177 1241 271 1
1239 168 1279 255 1
1180 0 1275 27 1
1202 375 1259 459 1
1154 365 1214 456 1
1063 370 1121 457 1
