622 522 699 560 1
629 447 699 482 1
345 458 422 491 1
347 497 424 532 1
522 253 595 291 1
615 250 686 281 1
531 212 604 248 1
610 174 689 207 1
523 171 600 209 1
605 136 678 172 1
604 99 678 134 1
521 97 595 135 1
522 136 590 171 1
603 60 675 95 1
520 61 594 96 1
600 22 676 59 1
346 412 420 448 1
338 375 409 411 1
342 180 420 212 1
532 536 603 566 1
620 566 696 601 1
623 485 700 522 1
620 605 696 641 1
527 606 605 640 1
529 568 604 601 1
625 645 697 678 1
542 645 615 682 1
525 684 596 717 1
1064 408 1138 442 1
1083 516 1142 548 1
1076 555 1157 587 1
1075 595 1156 631 1
1064 635 1151 671 1
518 25 594 59 1
350 104 421 138 1
151 56 230 93 1
165 94 238 129 1
1076 481 1151 513 1
1066 672 1138 707 1
1065 708 1145 719 1
627 681 697 715 1
333 331 400 365 1
345 292 413 328 1
353 214 421 249 1
350 255 415 288 1
348 29 423 65 1
351 67 422 101 1
347 139 425 176 1
351 0 424 28 1
176 19 242 54 1
158 0 231 19 1
148 130 225 164 1
150 166 235 200 1
618 214 696 245 1
529 294 602 326 1
518 0 591 24 1
607 0 674 20 1
777 0 850 30 1
866 0 936 26 1
782 30 849 63 1
786 64 861 100 1
897 217 964 248 1
806 256 881 289 1
893 251 956 287 1
887 290 957 327 1
805 291 882 326 1
805 331 882 366 1
891 331 959 364 1
899 369 967 402 1
892 407 965 443 1
800 371 875 407 1
800 410 874 446 1
800 449 875 484 1
896 447 972 482 1
882 486 957 524 1
801 490 874 523 1
893 527 956 560 1
889 563 959 599 1
807 568 870 603 1
804 528 877 565 1
888 603 959 639 1
802 609 883 643 1
796 647 874 681 1
887 642 968 677 1
883 681 962 715 1
796 686 878 719 1
1068 369 1137 402 1
1059 330 1134 364 1
1056 290 1134 328 1
1058 251 1138 286 1
1056 216 1125 248 1
1057 177 1138 211 1
1058 136 1135 174 1
1055 101 1130 137 1
1052 65 1126 100 1
1040 30 1111 63 1
1044 0 1112 28 1
150 205 227 241 1
159 246 235 276 1
154 283 229 316 1
153 322 227 359 1
150 361 224 397 1
158 399 239 431 1
157 438 241 474 1
163 478 244 510 1
168 516 249 550 1
172 553 250 589 1
178 594 255 628 1
178 632 251 669 1
174 672 257 711 1
