454 510 490 589 1
496 511 533 590 1
495 413 535 493 1
537 412 576 492 1
539 512 574 582 1
575 420 612 484 1
544 128 575 197 1
581 511 618 586 1
545 218 581 290 1
582 214 621 290 1
623 217 661 294 1
665 123 701 202 1
626 121 661 188 1
709 125 740 193 1
584 125 618 201 1
707 213 739 287 1
667 208 700 285 1
663 414 701 495 1
665 512 698 578 1
622 415 656 497 1
622 510 655 596 1
374 515 409 598 1
415 508 451 590 1
370 418 410 500 1
414 418 450 493 1
455 414 489 490 1
504 135 541 208 1
463 137 499 214 1
503 223 537 302 1
462 222 499 302 1
749 213 784 288 1
746 126 778 198 1
786 127 821 197 1
827 130 865 207 1
868 129 904 202 1
905 122 943 198 1
947 124 984 199 1
988 125 1026 197 1
1029 129 1063 206 1
1024 219 1065 297 1
988 225 1025 301 1
948 224 986 303 1
910 221 945 303 1
867 225 906 306 1
830 220 866 302 1
788 219 825 293 1
425 134 458 209 1
421 227 457 303 1
382 228 418 302 1
381 135 418 212 1
343 135 380 215 1
343 218 380 292 1
299 225 342 310 1
305 135 341 205 1
266 140 303 218 1
226 141 265 213 1
184 144 225 220 1
152 140 188 210 1
113 140 153 219 1
76 143 115 221 1
33 155 75 229 1
0 154 35 230 1
261 225 300 305 1
225 233 260 309 1
188 238 224 305 1
147 239 185 308 1
110 241 147 314 1
73 227 110 304 1
31 239 73 319 1
453 72 532 108 1
1155 67 1226 102 1
1183 127 1227 207 1
1227 121 1270 195 1
1269 120 1279 191 1
1232 212 1273 287 1
1184 220 1229 299 1
1220 0 1279 23 1
1127 0 1217 29 1
888 0 966 29 1
796 0 873 25 1
696 0 771 27 1
601 0 677 26 1
493 0 573 30 1
400 0 480 31 1
313 0 392 32 1
140 0 215 38 1
225 0 296 36 1
1239 406 1279 479 1
1199 406 1245 482 1
1243 511 1279 582 1
1200 499 1246 578 1
1241 695 1279 719 1
1201 693 1246 719 1
1032 696 1070 719 1
988 696 1025 719 1
949 699 988 719 1
905 702 941 719 1
869 689 905 719 1
825 695 860 719 1
784 698 819 719 1
742 709 775 719 1
705 700 737 719 1
666 701 697 719 1
622 700 655 719 1
583 702 617 719 1
543 701 575 719 1
497 701 529 719 1
453 699 489 719 1
417 702 448 719 1
374 703 407 719 1
336 702 368 719 1
292 696 328 719 1
255 706 289 719 1
216 702 250 719 1
179 702 215 719 1
135 702 175 719 1
96 706 132 719 1
54 701 93 719 1
7 700 51 719 1
334 419 368 492 1
333 516 367 592 1
292 508 331 588 1
152 588 221 655 1
256 509 292 589 1
254 415 291 489 1
216 428 253 494 1
175 424 216 501 1
136 423 178 502 1
98 421 138 505 1
64 431 100 506 1
26 422 68 501 1
213 507 253 590 1
176 514 212 596 1
98 513 139 592 1
53 516 96 596 1
19 529 56 594 1
0 517 22 598 1
0 413 27 495 1
704 421 738 500 1
707 506 744 586 1
748 404 788 488 1
745 502 783 577 1
789 505 825 583 1
790 415 827 483 1
828 413 866 493 1
829 506 866 580 1
868 506 904 586 1
909 504 947 574 1
948 499 986 566 1
990 496 1026 572 1
1027 503 1066 573 1
866 412 906 490 1
908 401 945 475 1
950 397 985 473 1
985 397 1025 479 1
1026 397 1065 474 1
