498 147 579 182 1
508 261 588 300 1
507 383 596 426 1
515 445 600 480 1
509 506 593 542 1
534 567 615 606 1
724 400 761 481 1
520 0 565 30 1
715 127 754 207 1
718 211 755 291 1
764 207 802 290 1
803 202 842 289 1
846 213 884 297 1
888 207 926 290 1
930 211 965 293 1
970 204 1007 289 1
1010 211 1046 283 1
1050 205 1087 286 1
1087 211 1124 279 1
1126 204 1166 285 1
1169 201 1202 279 1
1204 212 1249 286 1
654 0 692 25 1
716 0 751 16 1
775 0 813 22 1
840 0 874 17 1
897 0 933 12 1
1016 0 1047 21 1
1071 0 1111 21 1
1120 0 1158 22 1
1166 0 1200 12 1
1206 0 1241 13 1
804 116 838 201 1
844 125 880 204 1
882 112 919 197 1
920 115 961 191 1
962 121 1001 193 1
1003 122 1040 197 1
1078 115 1121 196 1
1119 115 1160 193 1
1157 121 1201 194 1
766 400 803 470 1
809 399 847 480 1
850 401 884 469 1
890 391 929 476 1
934 388 971 476 1
971 399 1011 476 1
1011 393 1051 472 1
1050 390 1091 470 1
1087 391 1127 468 1
1129 395 1171 465 1
1166 388 1213 470 1
1200 120 1241 197 1
1210 383 1250 458 1
815 486 853 560 1
854 485 891 567 1
894 490 934 567 1
935 492 973 563 1
976 485 1014 560 1
1019 478 1055 559 1
1056 482 1092 556 1
1093 476 1131 554 1
1133 483 1174 558 1
1173 481 1211 547 1
1208 474 1249 548 1
895 668 934 719 1
934 658 970 719 1
972 653 1013 719 1
1015 652 1056 719 1
1057 656 1094 719 1
1096 658 1136 719 1
1133 653 1176 719 1
1175 646 1218 719 1
1215 644 1259 719 1
1253 643 1279 719 1
761 117 800 198 1
504 85 586 124 1
597 0 630 26 1
1241 0 1279 21 1
1238 112 1277 192 1
1248 207 1279 283 1
1042 81 1077 155 1
1248 383 1279 459 1
1253 470 1279 545 1
629 369 694 453 1
