586 215 625 295 1
589 300 627 381 1
544 213 584 297 1
548 302 589 385 1
507 306 548 386 1
504 215 541 296 1
421 307 465 392 1
381 316 421 391 1
537 22 573 103 1
581 28 618 110 1
623 25 659 109 1
711 206 747 286 1
720 299 757 373 1
678 297 717 375 1
635 304 674 379 1
632 212 667 294 1
671 208 711 288 1
459 214 495 299 1
466 311 502 396 1
412 217 453 299 1
373 222 409 304 1
333 225 369 295 1
338 316 377 391 1
292 218 329 295 1
296 317 336 397 1
256 315 293 396 1
249 224 287 303 1
209 226 246 304 1
161 228 204 315 1
122 237 160 313 1
81 237 121 316 1
36 234 81 316 1
0 235 35 317 1
214 319 253 397 1
173 326 213 398 1
135 330 172 408 1
86 321 131 407 1
43 328 86 407 1
0 324 42 410 1
773 391 848 424 1
602 485 641 569 1
644 484 680 561 1
685 491 723 558 1
726 478 764 561 1
767 474 806 553 1
809 471 846 553 1
850 471 887 549 1
888 467 922 545 1
923 469 963 547 1
962 467 1002 544 1
1004 461 1042 540 1
1041 458 1081 540 1
1081 457 1111 531 1
1111 454 1153 529 1
1151 459 1192 530 1
1185 451 1223 527 1
1223 446 1262 524 1
1260 452 1279 527 1
755 206 793 285 1
759 293 797 378 1
800 293 840 378 1
841 289 879 370 1
882 292 922 372 1
922 296 960 365 1
798 207 833 284 1
836 205 875 284 1
876 203 915 282 1
915 206 953 284 1
960 291 997 366 1
997 286 1035 361 1
1035 286 1072 358 1
1072 287 1110 358 1
1110 289 1150 362 1
1150 292 1187 364 1
1186 286 1223 360 1
1223 284 1262 361 1
1261 288 1279 362 1
955 203 996 285 1
993 206 1028 280 1
1028 206 1063 277 1
1067 196 1109 276 1
1106 199 1139 269 1
1138 189 1182 266 1
1181 196 1218 268 1
1217 194 1259 272 1
1255 194 1279 259 1
1247 18 1279 98 1
1243 0 1279 13 1
1207 24 1249 91 1
1211 0 1245 14 1
1167 20 1210 97 1
1170 0 1209 19 1
1134 0 1166 19 1
1094 0 1133 21 1
1054 0 1090 19 1
1130 25 1167 98 1
1093 28 1134 94 1
1056 26 1097 103 1
1020 27 1055 105 1
982 22 1019 102 1
1012 0 1050 18 1
979 0 1013 15 1
939 0 974 12 1
941 24 981 107 1
906 21 941 99 1
862 0 896 10 1
824 0 857 17 1
862 20 902 101 1
827 21 862 99 1
782 0 814 12 1
786 19 824 100 1
744 14 784 97 1
744 0 778 14 1
697 0 733 14 1
701 26 741 103 1
667 27 697 106 1
656 0 689 13 1
616 0 652 21 1
579 0 613 23 1
534 0 563 15 1
494 0 528 18 1
498 29 534 109 1
456 0 489 27 1
451 32 488 107 1
408 0 446 30 1
411 38 446 117 1
367 0 402 23 1
371 44 406 115 1
321 0 357 29 1
327 38 365 119 1
287 35 322 111 1
282 0 315 32 1
238 0 274 30 1
241 41 285 121 1
199 47 240 123 1
195 0 235 32 1
154 0 194 36 1
110 0 150 32 1
60 0 107 35 1
0 0 20 40 1
115 39 158 128 1
125 138 205 172 1
159 38 199 123 1
68 47 113 127 1
28 45 71 129 1
0 54 28 128 1
559 490 598 569 1
515 492 553 574 1
474 492 508 571 1
436 486 472 567 1
388 495 426 575 1
348 498 386 578 1
304 497 343 580 1
263 492 302 573 1
224 499 264 581 1
184 498 223 577 1
140 505 182 584 1
100 510 141 585 1
54 509 95 590 1
8 504 51 584 1
0 508 7 584 1
