765 0 807 22 1
679 0 719 26 1
630 0 670 33 1
585 0 626 31 1
542 0 582 34 1
498 0 536 40 1
455 0 491 42 1
415 0 452 38 1
371 0 413 41 1
331 0 370 34 1
292 0 328 35 1
242 0 284 55 1
199 0 240 52 1
156 0 199 48 1
24 0 72 46 1
0 0 31 53 1
685 180 728 269 1
748 409 789 492 1
640 175 680 263 1
690 414 731 502 1
646 424 681 495 1
598 402 640 493 1
555 423 595 510 1
596 176 631 264 1
544 185 585 272 1
500 184 539 267 1
457 191 492 267 1
412 192 452 284 1
324 200 366 291 1
281 203 319 291 1
508 419 548 510 1
464 425 506 517 1
417 430 461 517 1
237 187 278 272 1
364 405 416 537 1
247 435 292 521 1
196 194 236 278 1
154 192 195 276 1
207 421 250 506 1
73 445 122 535 1
72 197 114 281 1
26 201 75 289 1
0 209 30 280 1
0 428 38 521 1
