811 93 849 177 1
807 202 849 283 1
801 298 839 379 1
805 407 845 490 1
837 614 877 695 1
797 621 834 702 1
583 590 660 626 1
592 636 663 672 1
588 677 668 717 1
591 466 670 507 1
602 341 668 381 1
590 174 665 215 1
423 6 497 55 1
427 46 501 100 1
413 306 494 353 1
411 387 496 444 1
405 682 484 719 1
250 690 316 719 1
244 632 324 689 1
233 579 318 640 1
238 534 324 602 1
245 492 326 552 1
244 439 328 499 1
248 400 329 448 1
248 341 333 403 1
253 296 331 348 1
243 240 327 298 1
249 203 329 255 1
254 155 339 211 1
255 111 337 161 1
251 53 332 107 1
256 11 338 68 1
609 50 679 88 1
621 7 682 44 1
601 130 675 169 1
