827 649 941 702 1
831 598 938 645 1
695 597 808 659 1
685 547 801 597 1
692 488 808 546 1
686 662 811 710 1
690 435 802 487 1
816 395 918 446 1
806 337 911 389 1
681 379 796 433 1
435 595 556 646 1
416 534 540 592 1
430 481 541 530 1
306 390 416 446 1
312 446 430 500 1
75 463 194 519 1
70 516 193 567 1
422 368 538 420 1
440 425 531 476 1
418 255 527 316 1
420 311 535 364 1
411 150 523 203 1
418 204 531 257 1
304 273 407 332 1
670 321 782 372 1
668 260 779 317 1
1102 205 1192 299 1
1072 155 1150 240 1
1027 106 1123 195 1
76 406 181 457 1
65 351 186 404 1
67 242 177 299 1
62 187 177 241 1
54 622 191 688 1
74 681 201 719 1
320 661 437 719 1
444 651 561 714 1
0 577 75 634 1
0 470 68 523 1
0 360 68 412 1
0 308 65 353 1
0 251 63 302 1
0 199 48 248 1
0 93 43 142 1
56 86 178 140 1
58 33 170 89 1
0 38 58 93 1
0 0 52 35 1
52 0 173 36 1
277 0 384 22 1
290 15 397 72 1
405 0 518 59 1
403 66 507 116 1
299 72 390 121 1
296 121 389 172 1
295 173 401 231 1
1003 62 1088 138 1
941 19 1035 106 1
903 0 1003 66 1
1194 0 1268 31 1
1246 0 1279 70 1
823 511 935 567 1
