665 294 743 332 1
474 217 555 255 1
479 258 553 295 1
473 297 557 334 1
482 338 560 375 1
475 381 559 417 1
484 423 565 460 1
473 467 561 503 1
478 506 559 543 1
484 551 562 588 1
401 551 479 591 1
390 507 470 547 1
388 468 470 506 1
396 424 474 462 1
383 383 462 423 1
384 343 462 381 1
388 301 461 341 1
391 262 468 300 1
390 222 460 261 1
215 254 297 290 1
208 369 282 406 1
211 427 291 463 1
209 493 298 527 1
211 610 299 650 1
215 667 304 710 1
658 252 737 290 1
743 248 826 287 1
746 211 823 247 1
655 210 734 250 1
742 172 824 209 1
657 172 738 209 1
661 133 734 174 1
749 129 823 167 1
745 95 814 129 1
652 93 732 131 1
920 212 997 248 1
919 171 993 209 1
915 130 989 171 1
909 91 979 129 1
905 53 987 88 1
739 55 815 91 1
653 54 725 95 1
209 141 296 178 1
211 190 292 229 1
481 59 555 97 1
391 62 466 102 1
472 99 553 135 1
391 102 462 140 1
203 101 286 137 1
386 141 462 179 1
385 180 463 221 1
479 178 554 216 1
471 136 554 174 1
669 548 747 583 1
752 292 826 329 1
654 336 743 375 1
659 380 742 420 1
667 424 735 460 1
665 465 745 502 1
665 506 734 543 1
749 456 823 494 1
751 417 835 456 1
754 374 836 413 1
755 334 829 370 1
857 280 894 361 1
929 374 1007 413 1
920 335 993 372 1
919 294 998 333 1
916 252 991 290 1
738 11 815 53 1
902 15 977 52 1
904 0 986 18 1
736 0 813 15 1
645 0 722 15 1
651 16 727 52 1
475 16 555 55 1
471 0 546 15 1
392 0 468 25 1
386 26 462 62 1
308 0 344 15 1
215 0 294 19 1
209 23 295 62 1
206 62 287 97 1
204 550 285 587 1
647 706 684 719 1
707 697 745 719 1
766 705 801 719 1
