852 0 888 34 1
849 41 885 121 1
852 146 893 231 1
854 255 891 343 1
849 360 888 440 1
1047 449 1123 489 1
841 472 881 556 1
656 89 717 126 1
644 211 722 248 1
643 334 716 370 1
648 378 720 408 1
646 414 722 454 1
648 457 723 491 1
466 51 543 100 1
466 131 550 186 1
465 425 541 478 1
464 640 535 692 1
460 683 538 719 1
297 666 369 717 1
311 620 375 670 1
303 569 373 627 1
294 528 365 571 1
298 477 373 529 1
307 434 377 484 1
309 378 386 435 1
295 326 376 385 1
296 280 382 340 1
302 238 385 296 1
299 187 387 247 1
304 146 384 195 1
312 92 391 149 1
309 47 389 97 1
299 0 384 52 1
644 499 721 532 1
644 537 721 577 1
635 577 716 614 1
637 619 715 659 1
638 662 714 700 1
638 702 713 719 1
