747 218 781 302 1
708 229 743 310 1
622 221 659 304 1
665 310 701 396 1
624 313 662 395 1
361 481 448 521 1
526 35 560 121 1
706 322 743 402 1
749 315 785 398 1
703 509 736 577 1
662 508 698 588 1
619 505 653 575 1
574 506 609 586 1
364 541 452 579 1
667 593 702 666 1
366 360 445 400 1
359 246 440 281 1
870 229 909 307 1
712 41 747 121 1
829 596 866 674 1
382 663 461 700 1
358 599 441 639 1
376 44 434 126 1
464 43 499 128 1
588 32 620 113 1
647 39 681 126 1
770 39 806 114 1
888 51 922 130 1
577 232 612 311 1
576 317 610 395 1
664 220 699 306 1
830 227 869 301 1
790 221 826 297 1
951 225 992 306 1
994 228 1031 305 1
1033 232 1072 302 1
1071 232 1112 311 1
1112 230 1148 306 1
1149 235 1189 311 1
1189 236 1231 311 1
1231 241 1270 305 1
1268 241 1279 310 1
745 503 781 586 1
706 595 739 678 1
790 602 823 677 1
750 599 786 678 1
793 321 828 401 1
834 314 871 399 1
876 320 912 395 1
917 315 954 397 1
956 321 993 396 1
995 315 1035 397 1
1034 315 1073 396 1
1075 326 1116 401 1
1114 325 1158 399 1
1154 318 1192 393 1
1191 324 1232 402 1
1233 332 1272 399 1
1234 509 1279 589 1
1237 598 1279 671 1
1272 332 1279 400 1
1193 506 1239 573 1
1194 597 1237 667 1
1157 593 1194 671 1
1156 498 1197 572 1
1112 502 1154 578 1
1076 502 1115 578 1
1113 592 1158 669 1
1074 595 1112 668 1
1035 600 1074 667 1
995 603 1035 677 1
953 593 991 675 1
914 597 951 675 1
873 594 914 676 1
791 499 827 588 1
832 509 867 590 1
872 506 910 586 1
913 503 952 585 1
954 507 990 586 1
995 511 1032 586 1
1034 503 1075 587 1
1234 53 1279 139 1
1197 53 1234 130 1
1154 58 1196 135 1
1115 52 1154 136 1
1081 46 1116 127 1
1040 45 1077 124 1
998 50 1039 134 1
947 49 987 128 1
368 185 449 221 1
