912 585 1019 640 1
917 640 1021 694 1
762 322 819 407 1
804 288 863 403 1
911 529 1022 578 1
985 215 1041 322 1
929 224 984 330 1
773 523 892 575 1
392 580 503 632 1
522 588 628 636 1
1037 203 1092 314 1
1124 193 1186 302 1
1169 187 1236 295 1
1215 184 1279 282 1
705 314 758 432 1
589 328 647 443 1
537 336 591 444 1
477 345 531 455 1
412 356 469 472 1
141 325 240 375 1
130 680 222 719 1
54 51 165 104 1
358 43 406 143 1
410 17 459 126 1
463 6 515 114 1
510 8 566 106 1
566 4 617 100 1
667 0 719 89 1
722 0 768 77 1
768 0 816 69 1
823 0 874 81 1
790 702 884 719 1
917 698 1025 719 1
1165 642 1264 693 1
1152 594 1273 637 1
1153 541 1270 583 1
1265 543 1279 583 1
1256 484 1279 530 1
1152 483 1257 529 1
