911 407 955 517 1
856 415 900 526 1
795 411 843 516 1
651 189 766 236 1
678 415 729 524 1
736 411 781 508 1
402 196 509 242 1
301 196 406 239 1
613 425 664 528 1
960 414 1013 518 1
1016 409 1058 512 1
1065 409 1111 507 1
1114 401 1159 506 1
1162 422 1210 521 1
1211 403 1267 507 1
802 188 903 234 1
619 536 667 645 1
698 648 752 719 1
750 654 807 719 1
805 642 856 719 1
1016 634 1079 719 1
1068 634 1129 719 1
1111 631 1171 719 1
1173 636 1242 719 1
1262 412 1279 507 1
1100 200 1195 244 1
926 192 1015 240 1
