1061 134 1132 171 1
1060 96 1129 135 1
855 65 935 104 1
860 103 940 143 1
1058 55 1141 98 1
1063 174 1143 210 1
953 155 990 219 1
943 75 985 151 1
865 145 948 184 1
1067 211 1141 248 1
1072 251 1151 289 1
1078 291 1159 329 1
1091 330 1165 367 1
1086 371 1164 407 1
1086 409 1165 443 1
1092 446 1180 487 1
1090 489 1174 526 1
1094 526 1176 563 1
1097 566 1179 601 1
1099 603 1181 639 1
1103 640 1177 681 1
1109 681 1193 719 1
1055 13 1146 55 1
1035 0 1108 14 1
856 0 930 24 1
937 0 976 68 1
854 27 930 62 1
956 224 995 301 1
966 305 1003 382 1
971 387 1012 463 1
978 472 1023 551 1
985 554 1025 629 1
988 636 1028 712 1
867 187 946 223 1
866 225 948 264 1
872 265 953 306 1
875 306 958 347 1
873 348 958 384 1
874 388 960 424 1
877 435 954 469 1
883 473 963 511 1
891 511 972 549 1
901 551 980 586 1
903 584 985 625 1
903 624 982 662 1
898 662 982 706 1
623 2 691 40 1
635 38 711 79 1
643 78 715 116 1
638 120 712 157 1
638 163 711 200 1
640 202 717 239 1
643 245 721 279 1
647 284 729 321 1
656 324 735 361 1
661 368 736 401 1
675 407 738 442 1
662 443 745 485 1
662 487 744 526 1
669 528 743 565 1
678 567 756 609 1
677 608 752 650 1
677 649 752 689 1
669 692 749 719 1
