668 539 745 577 1
756 538 837 577 1
670 500 750 537 1
399 418 475 459 1
487 417 566 455 1
489 378 569 415 1
404 379 477 417 1
404 340 479 379 1
489 335 565 376 1
401 297 482 335 1
491 296 557 332 1
488 260 562 296 1
407 261 480 295 1
393 546 469 582 1
397 506 465 539 1
396 464 470 501 1
488 460 569 496 1
484 502 561 537 1
486 542 566 583 1
485 585 561 621 1
397 586 478 619 1
486 624 564 663 1
397 627 474 664 1
211 505 294 539 1
672 457 754 494 1
761 460 839 494 1
671 583 750 621 1
756 582 834 618 1
758 623 841 660 1
672 627 751 661 1
765 499 834 534 1
403 177 480 215 1
408 139 482 177 1
489 135 566 175 1
667 213 740 250 1
760 213 835 251 1
763 255 840 289 1
763 292 839 331 1
759 335 832 372 1
758 377 832 413 1
755 417 834 452 1
665 334 746 371 1
929 418 1010 452 1
932 459 1014 499 1
932 504 1011 538 1
929 539 1009 574 1
675 378 745 414 1
673 421 751 457 1
489 177 560 214 1
486 216 564 254 1
402 217 484 255 1
271 408 308 487 1
213 547 295 582 1
218 587 298 625 1
220 625 298 666 1
400 100 473 138 1
482 99 556 135 1
669 135 735 171 1
666 174 746 209 1
668 95 743 131 1
759 174 838 210 1
764 136 836 172 1
750 96 832 134 1
667 57 742 96 1
925 219 1000 254 1
930 256 1009 293 1
660 253 738 293 1
668 298 743 332 1
934 579 1009 618 1
488 60 568 96 1
412 59 480 100 1
929 617 1012 651 1
759 55 830 94 1
493 19 565 58 1
408 20 481 59 1
405 0 482 20 1
491 0 566 18 1
670 19 744 54 1
761 17 831 52 1
756 0 835 16 1
672 0 741 16 1
915 0 996 22 1
917 25 997 62 1
918 61 994 98 1
928 100 1000 137 1
925 138 1001 174 1
922 177 1002 214 1
928 295 1005 332 1
928 335 1003 370 1
928 374 1013 411 1
930 655 1009 692 1
930 698 1010 719 1
758 663 839 698 1
759 702 837 719 1
669 708 747 719 1
672 665 751 702 1
270 323 307 396 1
267 228 310 312 1
274 148 314 223 1
278 67 313 131 1
274 0 312 55 1
224 670 304 705 1
234 709 309 719 1
398 708 474 719 1
492 709 570 719 1
477 666 559 701 1
402 669 477 702 1
596 278 629 364 1
