827 0 863 81 1
828 101 862 185 1
819 196 856 278 1
826 302 865 389 1
822 411 862 496 1
821 518 859 605 1
811 632 849 715 1
1018 608 1096 651 1
619 35 693 75 1
605 78 686 121 1
624 247 690 285 1
611 367 694 406 1
609 492 683 525 1
616 535 687 570 1
612 575 691 615 1
614 618 690 654 1
610 656 688 695 1
607 697 689 719 1
435 206 512 259 1
431 291 515 345 1
431 583 506 639 1
273 21 354 71 1
270 67 361 118 1
272 112 351 161 1
267 147 347 205 1
270 202 354 253 1
268 249 354 307 1
271 309 352 356 1
267 347 354 403 1
273 398 350 455 1
264 440 347 502 1
257 484 341 542 1
272 540 348 594 1
275 595 339 643 1
264 642 339 686 1
260 687 330 719 1
