1112 150 1182 189 1
917 0 956 40 1
917 55 955 140 1
907 166 948 252 1
714 22 785 61 1
719 67 791 100 1
720 105 793 143 1
722 146 793 181 1
718 184 789 222 1
711 227 793 260 1
708 267 788 303 1
708 310 789 342 1
712 349 787 386 1
709 393 783 425 1
707 431 791 464 1
702 474 779 506 1
541 110 614 167 1
542 323 610 372 1
539 366 613 416 1
535 409 607 464 1
377 589 458 640 1
374 540 443 584 1
387 495 453 541 1
375 442 447 491 1
373 395 448 447 1
376 350 443 398 1
382 305 453 356 1
386 258 450 307 1
380 214 443 255 1
381 170 448 215 1
392 119 454 165 1
386 62 461 121 1
387 17 451 72 1
387 0 457 34 1
