856 152 896 229 1
805 135 845 230 1
751 129 792 231 1
699 139 741 229 1
646 131 686 223 1
597 148 634 206 1
540 129 584 224 1
490 128 534 223 1
928 354 989 450 1
824 374 884 465 1
661 365 723 460 1
998 553 1076 658 1
716 357 781 459 1
975 347 1039 454 1
435 141 484 242 1
330 136 375 225 1
215 138 277 247 1
178 135 223 232 1
132 133 178 228 1
74 128 128 224 1
24 144 76 241 1
1104 149 1150 236 1
1243 14 1279 63 1
709 556 785 656 1
47 546 124 641 1
1064 553 1143 649 1
1115 565 1182 650 1
1162 561 1242 661 1
1235 543 1279 635 1
1151 154 1199 248 1
1055 137 1100 233 1
906 142 947 233 1
952 146 1001 243 1
1007 137 1051 240 1
378 123 426 233 1
0 123 25 223 1
1228 275 1279 375 1
1028 359 1093 454 1
877 365 932 462 1
449 358 504 456 1
391 348 451 452 1
287 351 349 448 1
26 353 100 446 1
0 345 40 442 1
216 550 288 648 1
102 541 177 642 1
522 542 603 654 1
583 558 649 649 1
831 547 906 644 1
884 563 948 652 1
940 557 1012 646 1
765 556 839 653 1
281 132 327 230 1
