507 161 548 249 1
460 156 500 255 1
554 155 600 259 1
620 381 673 476 1
566 371 623 472 1
462 373 519 466 1
202 364 264 460 1
270 558 341 655 1
390 567 455 660 1
610 170 659 270 1
663 162 706 250 1
715 163 754 256 1
764 182 803 241 1
398 158 450 268 1
740 578 806 662 1
815 165 854 258 1
864 178 904 263 1
911 168 953 265 1
959 176 1000 269 1
1007 195 1049 269 1
1056 186 1098 272 1
1101 190 1151 283 1
1153 183 1199 280 1
1196 182 1245 276 1
1241 196 1277 280 1
353 157 397 250 1
310 152 350 242 1
255 143 301 242 1
205 161 252 255 1
157 142 207 239 1
109 150 157 239 1
1025 397 1079 489 1
1071 386 1127 480 1
1116 382 1176 484 1
1167 394 1229 485 1
147 358 212 454 1
104 361 167 454 1
860 579 934 671 1
914 578 988 672 1
974 568 1055 662 1
1019 585 1089 686 1
1076 583 1150 681 1
1126 584 1218 680 1
1197 581 1277 681 1
218 557 287 646 1
1211 0 1278 41 1
723 0 815 21 1
612 0 700 16 1
987 0 1079 34 1
975 404 1029 490 1
874 387 936 483 1
826 391 882 484 1
684 564 767 674 1
36 542 125 651 1
0 557 53 645 1
58 356 122 452 1
59 144 112 243 1
10 146 64 241 1
0 143 16 235 1
