844 611 918 648 1
927 610 1003 648 1
844 573 910 609 1
840 534 916 571 1
849 653 927 690 1
840 492 921 528 1
929 492 991 528 1
563 378 630 413 1
285 627 354 658 1
282 584 358 619 1
277 543 343 576 1
277 503 356 538 1
561 337 640 377 1
1123 646 1200 677 1
1123 608 1198 642 1
558 299 633 337 1
648 299 728 335 1
375 262 453 300 1
657 541 739 576 1
659 579 731 617 1
660 623 726 655 1
659 662 735 695 1
141 530 182 610 1
368 545 448 581 1
368 586 440 618 1
371 622 445 657 1
929 650 1005 688 1
282 387 351 421 1
280 428 350 462 1
280 466 343 498 1
366 464 439 500 1
361 503 434 538 1
364 422 441 458 1
371 381 445 417 1
145 630 183 716 1
1120 564 1210 601 1
1117 526 1194 560 1
1116 490 1190 524 1
1118 449 1197 484 1
1115 410 1199 443 1
1110 369 1190 405 1
1109 330 1188 366 1
1111 293 1186 327 1
1104 257 1179 290 1
1104 220 1182 255 1
1100 182 1173 218 1
1100 145 1169 179 1
920 330 997 366 1
922 296 994 330 1
913 257 986 294 1
920 217 994 255 1
913 178 986 215 1
829 180 908 218 1
834 218 913 251 1
836 259 907 293 1
827 294 903 329 1
832 334 911 372 1
836 376 908 411 1
280 146 360 183 1
544 144 620 180 1
649 143 715 178 1
640 179 714 216 1
543 183 623 216 1
549 260 619 297 1
645 258 717 297 1
643 220 707 256 1
543 221 617 253 1
932 529 1007 566 1
931 572 1005 608 1
552 419 631 454 1
568 463 645 498 1
564 501 641 537 1
928 414 999 447 1
928 451 1001 485 1
141 242 182 319 1
140 333 178 410 1
147 0 186 79 1
144 436 180 513 1
369 143 446 182 1
276 184 353 221 1
276 225 348 261 1
375 223 449 257 1
376 184 451 219 1
374 306 454 338 1
371 343 450 378 1
275 266 352 301 1
280 306 352 340 1
284 343 357 380 1
290 663 367 699 1
379 663 455 700 1
379 702 456 719 1
291 702 368 719 1
460 429 495 510 1
568 546 648 580 1
567 589 631 624 1
563 626 636 663 1
564 666 638 704 1
565 705 637 719 1
658 702 740 719 1
658 504 721 535 1
651 460 728 494 1
646 421 719 455 1
649 380 726 413 1
649 338 724 373 1
917 138 984 174 1
829 139 902 176 1
849 420 914 455 1
839 458 918 494 1
844 693 924 719 1
933 691 1010 719 1
1130 681 1206 719 1
1094 51 1168 86 1
1081 0 1157 14 1
892 0 975 21 1
822 0 888 16 1
1081 14 1163 47 1
638 0 716 14 1
551 0 626 12 1
372 0 446 24 1
282 0 358 27 1
490 198 527 275 1
