1149 390 1245 435 1
864 399 967 442 1
744 395 847 444 1
245 396 352 442 1
63 394 167 436 1
0 393 51 435 1
1224 602 1276 701 1
1171 615 1223 698 1
1123 602 1169 705 1
1071 594 1118 707 1
1019 607 1066 705 1
969 602 1013 705 1
918 620 962 689 1
865 605 909 711 1
814 608 857 708 1
758 624 806 719 1
696 609 742 719 1
646 620 689 715 1
594 618 637 719 1
532 624 582 719 1
480 620 526 719 1
430 615 474 719 1
368 609 421 719 1
317 625 364 719 1
263 608 312 718 1
212 614 260 718 1
157 609 206 719 1
101 615 155 719 1
44 607 102 719 1
0 616 47 719 1
