484 0 531 29 1
435 0 504 54 1
406 11 473 83 1
375 38 443 108 1
346 69 412 135 1
320 101 386 166 1
287 125 358 194 1
258 153 330 225 1
206 222 270 283 1
181 250 249 315 1
152 276 225 345 1
129 303 193 366 1
92 330 158 393 1
56 355 128 419 1
28 384 101 449 1
0 407 76 483 1
0 454 48 512 1
0 500 20 544 1
551 117 621 192 1
526 156 594 225 1
493 182 563 256 1
461 204 524 268 1
434 236 499 304 1
413 270 480 341 1
380 298 445 368 1
354 329 422 397 1
321 354 389 421 1
291 381 359 452 1
267 416 333 481 1
238 445 303 513 1
214 471 279 537 1
183 498 252 568 1
162 529 231 599 1
137 563 201 627 1
97 581 162 645 1
65 605 138 678 1
42 638 114 713 1
8 672 79 719 1
273 698 308 719 1
289 665 355 719 1
320 640 381 706 1
342 605 409 673 1
363 569 423 642 1
403 552 456 603 1
421 515 478 571 1
450 486 507 549 1
480 459 539 519 1
507 431 562 487 1
534 396 589 451 1
560 367 624 429 1
589 337 649 399 1
617 309 677 370 1
