563 600 606 701 1
506 579 553 688 1
456 589 502 691 1
400 586 450 695 1
347 594 401 699 1
297 583 346 695 1
242 596 295 705 1
184 591 238 694 1
74 593 129 702 1
130 591 180 685 1
0 607 63 714 1
617 581 666 686 1
677 585 720 683 1
724 587 769 686 1
780 586 837 716 1
836 582 879 685 1
883 581 928 675 1
932 568 978 679 1
986 582 1037 684 1
1040 567 1083 661 1
1084 565 1133 660 1
1138 581 1186 641 1
1185 557 1236 657 1
1233 568 1279 660 1
1082 362 1180 406 1
974 359 1068 409 1
491 371 596 417 1
306 371 404 415 1
182 374 289 417 1
43 379 158 423 1
