646 353 728 386 1
656 311 730 347 1
568 311 647 348 1
568 272 642 308 1
561 434 637 469 1
564 396 631 430 1
395 311 461 346 1
562 354 639 389 1
558 231 631 268 1
656 391 729 425 1
563 474 641 508 1
652 271 735 306 1
922 324 999 358 1
921 362 1002 396 1
929 403 990 436 1
931 523 1008 557 1
938 637 1015 674 1
940 599 1015 636 1
932 559 1013 595 1
852 560 925 591 1
850 602 925 636 1
845 643 913 676 1
852 522 924 559 1
847 482 926 517 1
930 442 1007 479 1
933 482 1010 519 1
841 402 915 436 1
838 364 908 399 1
1111 512 1196 549 1
1114 551 1191 588 1
1112 591 1194 627 1
392 198 465 230 1
375 231 451 269 1
384 275 467 310 1
395 156 452 193 1
382 355 457 388 1
376 391 459 429 1
374 435 451 469 1
378 474 452 509 1
376 516 448 549 1
666 435 737 468 1
661 475 735 508 1
661 512 742 548 1
663 555 741 591 1
662 593 740 628 1
663 634 736 669 1
569 517 641 548 1
579 558 651 592 1
566 597 647 631 1
579 634 647 669 1
1110 666 1188 704 1
1113 628 1187 663 1
221 299 294 332 1
331 610 368 692 1
337 700 372 719 1
1108 702 1190 719 1
918 281 990 311 1
846 325 908 355 1
840 282 908 314 1
837 442 911 478 1
847 678 926 716 1
935 675 1014 710 1
565 676 644 712 1
572 712 649 719 1
657 671 738 711 1
664 710 730 719 1
379 676 459 714 1
388 638 458 674 1
387 597 459 631 1
380 555 458 592 1
658 115 732 151 1
655 154 732 189 1
662 192 733 226 1
662 231 733 266 1
564 151 641 190 1
565 115 642 150 1
570 79 638 113 1
575 194 650 226 1
398 117 462 150 1
206 100 278 132 1
204 60 284 99 1
200 22 281 60 1
198 0 277 22 1
564 0 642 37 1
564 41 639 77 1
661 38 736 76 1
668 2 733 37 1
657 75 734 111 1
835 0 905 12 1
832 13 906 45 1
832 49 909 85 1
838 89 913 126 1
844 126 905 162 1
838 165 918 200 1
833 204 909 236 1
835 242 914 276 1
918 241 996 275 1
923 203 1003 237 1
923 166 993 200 1
921 125 992 160 1
926 88 987 125 1
915 52 988 87 1
929 15 1001 48 1
927 0 997 14 1
1091 0 1165 22 1
1102 54 1180 90 1
1110 93 1167 125 1
1103 129 1181 162 1
1105 168 1182 204 1
1090 203 1176 241 1
1095 242 1168 276 1
1098 279 1174 310 1
1108 320 1173 353 1
1106 359 1186 391 1
1116 398 1192 431 1
1120 434 1191 467 1
1110 470 1191 504 1
