832 456 950 511 1
838 397 949 450 1
825 515 937 564 1
825 566 933 618 1
726 382 834 438 1
720 445 831 492 1
712 499 824 548 1
718 551 809 601 1
802 660 918 717 1
690 649 794 712 1
965 300 1080 362 1
1044 481 1148 532 1
1048 536 1155 584 1
1047 588 1141 636 1
1158 542 1267 596 1
1144 604 1241 655 1
1139 686 1244 719 1
1037 637 1134 690 1
1023 690 1135 719 1
304 377 430 432 1
450 395 568 454 1
443 458 563 519 1
441 522 559 577 1
431 633 543 689 1
300 561 405 619 1
276 685 393 719 1
39 412 157 462 1
0 394 29 447 1
0 163 17 280 1
368 138 425 258 1
316 167 368 257 1
257 155 312 273 1
140 152 200 272 1
87 156 144 266 1
24 160 83 270 1
515 82 562 194 1
571 78 625 192 1
629 73 682 191 1
731 77 784 189 1
787 75 838 188 1
839 81 892 182 1
884 75 941 188 1
943 72 995 178 1
999 61 1059 175 1
