772 494 813 585 1
723 490 767 589 1
574 483 614 580 1
618 487 659 583 1
516 476 561 577 1
673 491 718 612 1
815 482 859 590 1
870 498 915 596 1
919 485 957 575 1
964 488 1003 578 1
1010 506 1051 560 1
1055 488 1098 577 1
1099 497 1144 583 1
1145 485 1192 581 1
1191 495 1238 585 1
1239 508 1279 579 1
466 492 507 586 1
416 472 457 573 1
366 477 410 573 1
316 473 362 573 1
266 478 313 574 1
217 467 263 568 1
168 474 214 576 1
113 468 161 565 1
56 465 107 552 1
3 467 56 569 1
969 297 1061 341 1
1216 302 1279 349 1
866 289 955 337 1
408 272 507 320 1
236 264 331 310 1
120 263 221 306 1
0 264 98 307 1
1109 696 1159 719 1
1063 700 1107 719 1
881 696 921 719 1
826 690 872 719 1
725 697 771 719 1
473 692 520 719 1
416 688 463 719 1
373 689 416 719 1
322 688 372 719 1
121 683 165 719 1
68 687 119 719 1
15 685 70 719 1
