664 1 700 74 1
581 36 658 74 1
579 80 653 116 1
579 121 652 156 1
330 8 401 40 1
330 46 412 81 1
335 87 404 126 1
346 126 426 164 1
350 166 427 206 1
347 211 424 246 1
344 253 420 289 1
676 327 709 406 1
670 80 703 163 1
670 170 703 251 1
675 258 705 322 1
587 246 667 280 1
578 165 657 198 1
794 280 870 313 1
796 359 873 397 1
347 340 425 377 1
347 382 430 417 1
355 421 438 461 1
357 465 436 502 1
373 503 439 539 1
680 409 714 488 1
580 326 660 366 1
581 287 662 325 1
586 369 662 411 1
586 409 669 450 1
585 450 668 489 1
582 491 665 530 1
794 118 877 154 1
796 159 872 195 1
796 202 863 235 1
791 242 861 273 1
797 320 867 354 1
584 540 660 575 1
777 74 847 111 1
684 494 721 575 1
588 580 665 617 1
342 296 424 331 1
360 629 435 665 1
583 202 660 240 1
685 583 724 666 1
354 542 441 582 1
604 660 680 691 1
574 0 650 34 1
773 0 848 26 1
802 404 884 438 1
814 444 891 477 1
808 484 886 520 1
808 523 886 558 1
810 564 895 603 1
808 606 892 645 1
808 642 889 681 1
812 684 892 719 1
693 669 728 719 1
608 697 687 719 1
368 671 450 711 1
353 587 438 626 1
596 620 676 657 1
804 32 880 70 1
