955 688 1037 718 1
951 645 1029 684 1
384 206 466 246 1
478 207 557 247 1
199 211 282 248 1
107 208 187 246 1
952 603 1034 641 1
672 688 738 719 1
660 645 734 684 1
660 605 739 640 1
655 560 734 596 1
754 601 830 637 1
754 686 827 719 1
368 390 447 427 1
476 395 547 433 1
467 434 542 471 1
468 478 534 513 1
468 520 543 553 1
469 559 551 595 1
470 599 544 634 1
467 639 545 676 1
464 678 535 719 1
668 524 743 561 1
749 525 826 563 1
366 430 448 469 1
367 472 441 509 1
369 515 440 550 1
378 556 455 594 1
101 165 179 204 1
385 167 462 202 1
490 169 564 205 1
673 180 753 219 1
671 222 745 261 1
670 479 751 516 1
762 482 840 519 1
757 440 833 477 1
762 397 835 437 1
376 595 457 633 1
380 635 447 673 1
367 676 448 715 1
179 666 257 704 1
319 521 357 601 1
180 707 250 719 1
86 706 161 719 1
90 668 167 705 1
94 624 167 667 1
96 584 176 620 1
188 625 263 664 1
188 587 269 624 1
189 549 277 586 1
96 543 171 580 1
188 504 275 541 1
91 502 171 539 1
195 464 272 499 1
194 423 272 459 1
188 377 272 417 1
98 376 181 414 1
95 417 169 456 1
93 459 172 495 1
105 267 188 318 1
194 167 269 204 1
391 128 463 162 1
486 88 558 123 1
671 102 751 141 1
756 142 830 181 1
759 182 838 218 1
753 224 837 263 1
765 104 843 141 1
767 62 840 102 1
762 24 839 61 1
760 0 838 25 1
668 0 742 24 1
666 24 742 59 1
672 61 750 100 1
492 48 564 85 1
486 11 561 46 1
203 129 275 165 1
102 125 182 162 1
202 84 276 122 1
107 85 185 122 1
110 45 187 84 1
193 46 274 84 1
207 9 280 45 1
114 4 188 44 1
393 11 468 48 1
394 50 473 86 1
390 88 466 126 1
947 0 1030 31 1
943 31 1027 68 1
950 70 1025 107 1
952 108 1030 146 1
947 146 1022 183 1
948 183 1023 221 1
954 224 1030 260 1
952 265 1031 301 1
961 305 1036 343 1
958 406 1029 442 1
957 447 1031 485 1
957 488 1034 527 1
954 529 1031 562 1
958 563 1034 600 1
667 395 744 432 1
667 442 747 478 1
