1047 412 1121 451 1
840 433 877 519 1
848 317 884 402 1
851 219 889 304 1
852 106 892 192 1
845 3 885 86 1
650 48 716 92 1
641 171 721 212 1
641 292 713 330 1
648 335 718 372 1
644 375 722 412 1
646 419 721 452 1
642 459 717 493 1
640 499 719 536 1
633 541 715 576 1
633 580 712 619 1
634 621 712 657 1
634 662 709 698 1
632 700 715 719 1
462 385 540 438 1
463 599 535 648 1
460 643 537 690 1
457 684 534 719 1
462 89 544 150 1
465 11 541 66 1
305 9 387 60 1
307 51 386 108 1
303 108 385 158 1
299 150 388 206 1
303 199 385 260 1
301 241 380 302 1
292 288 377 348 1
303 340 384 396 1
312 397 378 441 1
298 436 372 492 1
293 486 365 532 1
297 528 373 584 1
307 580 376 630 1
302 626 369 674 1
292 672 373 719 1
