973 260 1004 331 1
844 261 874 326 1
814 256 842 324 1
778 254 810 320 1
708 253 738 317 1
677 253 705 320 1
641 250 671 321 1
606 255 639 323 1
538 254 567 324 1
500 251 532 318 1
645 401 685 465 1
681 401 719 466 1
711 400 751 464 1
751 404 790 467 1
917 405 959 467 1
706 121 769 152 1
941 265 970 323 1
1068 265 1097 326 1
1100 277 1129 315 1
1166 532 1218 595 1
1200 532 1252 595 1
1093 534 1138 592 1
1062 525 1114 591 1
795 528 843 593 1
759 531 803 591 1
520 535 564 600 1
564 534 604 598 1
642 525 690 600 1
600 535 640 599 1
410 522 449 594 1
370 533 410 596 1
336 526 376 591 1
303 517 345 579 1
744 262 772 331 1
1130 265 1157 326 1
1157 274 1191 330 1
1192 266 1222 330 1
1222 271 1253 333 1
1232 417 1274 477 1
1068 139 1127 172 1
419 115 491 146 1
511 114 575 146 1
590 117 650 148 1
267 118 334 149 1
467 248 495 305 1
431 252 461 321 1
389 257 421 320 1
388 325 421 395 1
1252 281 1279 331 1
1265 413 1279 470 1
1237 523 1279 586 1
979 401 1017 466 1
1015 407 1050 469 1
1167 409 1209 469 1
1137 412 1178 468 1
912 263 942 329 1
879 265 914 336 1
1006 270 1036 335 1
1036 264 1064 323 1
445 534 490 597 1
872 531 919 593 1
505 399 542 459 1
473 404 512 468 1
442 401 477 458 1
997 134 1057 165 1
576 251 603 321 1
206 118 269 148 1
1237 142 1279 175 1
