635 257 681 364 1
555 133 599 232 1
498 128 542 221 1
447 115 493 216 1
654 0 760 45 1
411 346 481 446 1
328 547 396 640 1
378 547 452 646 1
512 563 574 651 1
562 560 637 664 1
635 542 701 636 1
691 549 754 639 1
752 564 813 655 1
396 114 438 224 1
335 126 385 224 1
289 126 334 219 1
239 138 284 216 1
185 122 232 218 1
133 117 184 218 1
86 127 133 215 1
33 118 85 214 1
0 137 31 194 1
355 332 418 443 1
304 341 368 441 1
255 350 315 449 1
201 358 263 450 1
92 343 164 443 1
43 351 112 443 1
0 537 36 621 1
89 538 164 634 1
148 538 217 635 1
210 531 282 633 1
259 551 330 644 1
447 547 522 651 1
