650 319 732 352 1
848 490 923 528 1
845 453 924 486 1
923 333 1004 371 1
835 413 908 449 1
841 372 914 406 1
838 334 908 367 1
657 239 738 276 1
660 277 734 313 1
572 277 651 314 1
572 238 646 274 1
400 161 471 194 1
402 121 461 156 1
847 100 909 136 1
922 295 1000 329 1
845 296 909 328 1
567 442 644 474 1
661 441 733 474 1
565 400 641 435 1
568 362 635 396 1
665 401 736 437 1
659 359 732 393 1
400 83 471 117 1
216 66 286 96 1
229 259 301 295 1
216 25 294 64 1
214 0 293 23 1
381 196 455 232 1
391 240 472 273 1
399 277 465 312 1
385 319 459 352 1
380 355 462 391 1
378 399 455 431 1
381 438 455 473 1
379 477 447 513 1
380 518 457 552 1
388 557 459 591 1
387 596 455 633 1
378 635 457 671 1
378 673 453 707 1
337 658 372 719 1
334 571 369 651 1
144 692 184 719 1
566 674 643 714 1
649 679 729 717 1
655 637 735 674 1
563 640 639 674 1
661 600 735 635 1
577 600 646 633 1
660 560 736 596 1
566 560 646 596 1
392 711 461 719 1
566 320 643 355 1
569 482 643 513 1
660 480 740 514 1
663 521 738 555 1
577 523 651 558 1
665 201 737 233 1
561 198 640 235 1
668 162 739 197 1
580 161 656 196 1
659 126 737 159 1
663 85 738 125 1
570 120 646 157 1
571 84 647 119 1
663 48 739 85 1
577 50 645 84 1
666 11 742 48 1
670 0 740 11 1
573 0 650 12 1
573 12 645 47 1
839 0 911 23 1
933 0 1006 27 1
918 29 992 64 1
840 24 913 62 1
841 63 917 99 1
929 66 988 100 1
925 101 995 136 1
925 139 994 175 1
925 178 1003 212 1
920 214 998 250 1
920 254 989 284 1
841 252 910 287 1
837 215 916 248 1
836 177 912 209 1
842 139 921 175 1
928 373 991 403 1
932 451 1007 486 1
929 410 1004 445 1
933 491 1008 526 1
932 528 1009 563 1
849 528 922 562 1
848 568 922 604 1
937 567 1011 604 1
934 607 1012 642 1
931 646 1008 679 1
930 687 997 719 1
847 687 920 719 1
842 649 921 681 1
842 610 912 643 1
1105 710 1180 719 1
1103 675 1185 712 1
1105 639 1180 674 1
1108 599 1180 635 1
1109 562 1189 597 1
1110 523 1187 559 1
1107 485 1191 518 1
1109 448 1187 478 1
1117 410 1188 444 1
1113 375 1191 408 1
1105 336 1185 368 1
1110 295 1174 330 1
1097 255 1174 288 1
1097 220 1168 252 1
1092 183 1177 218 1
1105 147 1184 181 1
1106 107 1184 143 1
1111 69 1170 104 1
1109 32 1182 69 1
