710 175 751 271 1
726 18 816 97 1
720 0 758 14 1
666 0 707 14 1
522 0 563 15 1
477 0 518 12 1
609 166 653 257 1
246 0 293 14 1
619 0 659 13 1
575 0 611 14 1
661 170 702 263 1
557 171 597 265 1
509 167 552 255 1
461 172 500 253 1
412 172 457 268 1
318 172 364 265 1
271 175 314 266 1
229 153 273 243 1
181 158 228 246 1
138 152 185 239 1
49 152 97 238 1
0 150 50 246 1
761 423 800 513 1
698 427 740 523 1
650 434 687 512 1
600 409 645 506 1
550 430 593 519 1
502 420 545 514 1
453 424 496 517 1
405 425 448 518 1
343 395 402 537 1
221 418 266 511 1
181 401 224 490 1
33 415 83 509 1
