1076 128 1138 161 1
1006 124 1066 158 1
711 110 774 144 1
592 106 652 140 1
512 103 578 137 1
420 105 493 138 1
265 107 332 141 1
203 106 266 139 1
1234 260 1269 327 1
1203 257 1236 325 1
1173 264 1205 323 1
1139 258 1172 318 1
1109 269 1139 307 1
1077 254 1106 319 1
1046 254 1077 318 1
1015 262 1048 329 1
978 253 1009 324 1
948 258 982 317 1
919 255 949 322 1
886 255 922 328 1
849 254 879 319 1
819 249 847 317 1
783 247 815 313 1
750 254 776 320 1
713 246 743 310 1
682 246 710 313 1
646 243 676 314 1
611 248 644 316 1
576 243 606 312 1
543 247 572 317 1
505 244 537 311 1
467 242 496 303 1
432 243 463 314 1
389 250 421 315 1
387 318 423 391 1
443 394 478 452 1
475 397 514 464 1
508 393 545 452 1
650 394 690 458 1
686 394 724 459 1
716 393 756 457 1
756 397 795 460 1
922 398 964 460 1
988 396 1028 463 1
1024 401 1060 463 1
1148 406 1191 465 1
1179 401 1224 464 1
1215 524 1263 589 1
1174 526 1228 590 1
1101 526 1148 585 1
1068 518 1126 586 1
880 526 927 591 1
801 521 849 591 1
765 526 809 588 1
642 521 695 600 1
603 531 646 600 1
567 528 610 592 1
523 531 569 596 1
448 530 492 593 1
412 517 454 590 1
373 526 411 591 1
337 521 379 590 1
304 512 347 576 1
1251 130 1279 163 1
1245 407 1279 472 1
1268 272 1279 324 1
1251 524 1279 581 1
