828 6 864 92 1
825 114 863 199 1
816 212 856 289 1
822 318 861 403 1
819 435 864 523 1
812 533 852 616 1
1018 625 1090 669 1
802 651 842 719 1
617 44 690 81 1
603 87 682 129 1
616 254 686 297 1
607 379 689 420 1
603 505 678 542 1
608 549 681 583 1
604 588 684 626 1
605 633 684 669 1
600 672 680 709 1
428 216 507 267 1
426 297 506 353 1
421 598 502 649 1
253 649 329 702 1
263 603 330 653 1
259 547 340 605 1
250 497 332 553 1
256 447 340 514 1
257 405 343 467 1
258 352 346 412 1
265 311 346 364 1
261 254 348 313 1
266 209 350 260 1
266 153 342 213 1
265 113 347 170 1
272 67 352 122 1
269 25 352 74 1
