875 211 921 311 1
922 221 967 314 1
969 215 1009 315 1
654 13 752 58 1
335 8 429 52 1
427 12 522 53 1
783 16 873 61 1
611 219 656 311 1
613 320 657 417 1
732 429 783 519 1
777 423 829 504 1
1100 234 1144 322 1
830 218 869 317 1
775 214 818 307 1
722 209 761 296 1
670 210 713 312 1
893 23 975 70 1
1052 36 1138 83 1
1144 224 1193 312 1
1193 231 1235 317 1
1230 234 1276 320 1
1014 223 1056 311 1
1057 218 1102 313 1
685 425 734 504 1
970 422 1025 511 1
1018 424 1068 514 1
1057 423 1110 509 1
1111 428 1164 514 1
1168 602 1233 693 1
1117 607 1183 690 1
955 599 1029 693 1
903 612 962 704 1
856 609 913 695 1
795 614 859 701 1
688 616 751 700 1
640 601 698 696 1
583 614 641 701 1
532 604 592 693 1
483 593 543 680 1
