309 4 381 42 1
298 42 367 81 1
303 84 377 124 1
313 124 387 158 1
103 0 185 33 1
105 35 184 75 1
102 75 184 115 1
111 116 198 150 1
113 153 199 191 1
119 192 203 229 1
123 230 207 269 1
128 274 206 306 1
136 315 216 349 1
312 323 385 361 1
323 367 399 400 1
309 403 384 439 1
320 447 405 483 1
331 487 399 521 1
320 528 398 563 1
318 566 404 603 1
320 610 398 643 1
324 650 399 686 1
324 689 396 719 1
583 72 661 107 1
589 41 656 72 1
595 112 670 146 1
600 151 673 187 1
492 151 577 187 1
496 196 573 231 1
596 190 677 226 1
593 230 675 264 1
501 238 574 272 1
596 270 673 308 1
500 273 578 307 1
499 313 577 349 1
594 312 675 347 1
604 351 677 385 1
513 354 591 390 1
495 397 571 434 1
604 392 679 425 1
595 434 680 470 1
508 442 585 474 1
601 475 677 513 1
510 483 588 518 1
594 515 678 553 1
506 522 586 557 1
510 564 582 599 1
603 554 680 592 1
614 595 688 634 1
510 599 590 639 1
513 641 592 681 1
612 637 685 674 1
611 674 698 713 1
519 683 593 719 1
777 0 856 34 1
862 0 935 35 1
867 38 937 72 1
779 36 857 74 1
776 73 855 112 1
875 74 946 110 1
870 112 944 147 1
776 112 853 147 1
778 151 854 187 1
878 152 955 185 1
865 190 941 229 1
780 192 856 228 1
784 232 861 269 1
876 231 941 263 1
874 267 947 303 1
789 274 854 307 1
786 313 871 350 1
876 311 947 344 1
877 350 958 385 1
780 354 861 390 1
873 390 953 425 1
784 396 867 430 1
790 436 861 470 1
872 429 946 464 1
876 471 958 508 1
794 477 860 513 1
878 509 964 549 1
789 517 862 552 1
794 554 871 593 1
885 551 948 586 1
791 598 866 637 1
802 636 884 674 1
807 674 885 714 1
898 708 972 719 1
895 669 970 708 1
892 631 971 671 1
888 589 964 628 1
1035 0 1119 34 1
1039 36 1115 75 1
1049 77 1119 109 1
1045 112 1119 150 1
1061 186 1137 221 1
1066 222 1127 258 1
1062 261 1143 298 1
1063 304 1143 341 1
1052 343 1138 379 1
1056 379 1129 415 1
1057 417 1136 450 1
1074 461 1137 492 1
1068 499 1151 534 1
1077 540 1158 571 1
1083 574 1156 611 1
1074 613 1158 648 1
1078 649 1164 690 1
1082 691 1162 719 1
