395 284 438 377 1
449 273 494 382 1
504 284 545 383 1
516 528 576 622 1
575 519 632 620 1
627 511 689 612 1
680 509 742 617 1
739 516 802 617 1
956 432 1007 537 1
880 303 925 403 1
826 297 872 392 1
775 281 819 387 1
537 68 638 116 1
788 73 887 123 1
972 162 1082 211 1
559 298 599 379 1
613 287 654 384 1
664 290 710 394 1
723 283 767 390 1
253 71 359 118 1
137 61 242 115 1
342 275 389 371 1
290 293 336 351 1
239 270 288 369 1
190 272 240 365 1
132 281 189 385 1
79 264 137 374 1
29 274 87 364 1
0 269 40 372 1
0 489 54 587 1
89 489 155 591 1
149 500 209 597 1
354 512 418 608 1
403 506 471 611 1
238 687 296 719 1
300 699 339 719 1
426 704 468 719 1
489 705 528 719 1
552 701 598 719 1
972 704 1020 719 1
