473 118 531 179 1
754 217 821 287 1
721 245 793 318 1
789 308 861 377 1
691 276 763 346 1
666 308 739 380 1
375 202 444 270 1
351 233 422 307 1
757 335 831 406 1
733 369 800 433 1
442 267 515 331 1
702 399 768 463 1
672 427 741 494 1
539 181 599 245 1
589 114 660 187 1
311 8 383 74 1
285 40 354 105 1
251 68 326 137 1
468 230 537 298 1
644 452 709 522 1
574 392 643 461 1
600 359 669 428 1
639 338 698 397 1
340 0 418 51 1
416 298 487 367 1
379 320 450 390 1
350 349 426 424 1
326 387 393 452 1
295 410 366 479 1
202 385 271 454 1
232 354 297 417 1
255 321 329 390 1
288 290 356 359 1
319 263 385 330 1
405 174 477 245 1
438 143 501 212 1
235 469 312 544 1
545 423 614 492 1
613 485 681 552 1
588 519 653 580 1
516 454 589 529 1
493 488 557 552 1
565 147 634 216 1
502 203 575 275 1
818 278 885 349 1
854 490 923 567 1
563 545 628 614 1
459 515 530 588 1
213 504 281 574 1
267 444 335 510 1
500 88 569 156 1
530 55 600 124 1
564 34 623 93 1
582 4 648 68 1
613 0 688 43 1
668 0 712 15 1
622 88 687 153 1
643 56 713 122 1
680 31 749 101 1
706 4 778 76 1
735 0 803 49 1
780 0 828 24 1
217 94 292 163 1
188 119 260 189 1
158 157 240 231 1
122 196 201 268 1
81 245 159 312 1
0 325 67 387 1
0 387 30 435 1
85 373 164 449 1
174 411 238 478 1
136 438 210 506 1
176 532 251 604 1
150 565 228 636 1
107 590 192 661 1
86 620 164 688 1
62 652 134 719 1
0 595 76 668 1
24 559 98 628 1
55 527 127 602 1
91 501 163 575 1
110 464 180 538 1
428 543 500 614 1
525 574 595 647 1
496 607 566 673 1
466 632 539 703 1
400 573 470 645 1
374 607 442 676 1
436 663 508 719 1
412 695 467 719 1
338 627 414 704 1
309 661 383 719 1
659 698 701 719 1
683 669 751 719 1
710 633 777 701 1
737 606 811 674 1
764 575 833 643 1
793 550 866 623 1
827 521 897 587 1
882 454 950 524 1
909 432 976 504 1
940 405 1008 474 1
965 375 1033 441 1
989 343 1066 417 1
1014 318 1081 383 1
1049 296 1105 356 1
1066 262 1134 329 1
1088 233 1156 297 1
1115 205 1185 271 1
1144 181 1209 244 1
1163 154 1233 221 1
1189 132 1261 199 1
1216 101 1279 174 1
1240 72 1279 132 1
1264 45 1279 83 1
1148 0 1189 19 1
1100 0 1168 47 1
1078 10 1143 72 1
1052 31 1121 103 1
1023 54 1090 125 1
996 84 1070 156 1
972 111 1042 179 1
951 138 1012 202 1
923 163 987 230 1
898 198 962 258 1
867 222 933 288 1
844 247 911 319 1
285 696 333 719 1
781 190 855 257 1
811 161 879 230 1
837 135 906 203 1
860 105 928 172 1
884 81 951 144 1
915 50 983 116 1
943 26 1008 91 1
966 0 1034 66 1
994 0 1058 38 1
1044 0 1086 16 1
521 286 595 363 1
