810 0 890 36 1
817 32 893 72 1
819 72 900 111 1
817 109 896 147 1
815 149 890 185 1
844 190 926 225 1
815 231 890 264 1
838 267 920 307 1
834 312 918 348 1
839 354 909 388 1
832 392 906 428 1
836 432 919 468 1
841 470 912 508 1
841 513 924 550 1
845 553 929 591 1
859 595 937 630 1
851 635 928 673 1
854 675 935 715 1
698 0 727 68 1
699 72 730 146 1
707 151 742 231 1
712 237 744 318 1
715 328 747 404 1
719 408 751 474 1
721 481 759 562 1
730 565 763 645 1
731 647 768 719 1
617 0 690 30 1
610 34 688 71 1
617 73 687 112 1
614 115 690 151 1
621 153 692 189 1
629 194 708 228 1
628 231 700 269 1
626 276 697 308 1
623 317 705 352 1
628 357 704 391 1
630 397 711 433 1
629 439 709 474 1
627 482 708 513 1
630 524 711 563 1
633 565 716 603 1
626 606 717 642 1
628 646 716 684 1
630 691 707 719 1
392 5 480 41 1
385 43 461 81 1
383 83 460 125 1
393 122 461 162 1
386 166 453 202 1
387 203 465 241 1
389 245 457 280 1
396 284 474 319 1
404 326 480 357 1
397 367 477 400 1
397 407 471 442 1
392 447 473 484 1
395 490 474 528 1
394 533 481 569 1
404 574 484 607 1
402 616 483 652 1
417 657 488 695 1
397 699 489 719 1
