477 159 533 280 1
547 154 602 276 1
605 167 662 291 1
668 169 725 293 1
734 165 793 288 1
798 177 848 289 1
857 165 918 290 1
922 175 976 292 1
981 184 1038 294 1
1041 191 1095 304 1
1097 200 1155 309 1
1158 210 1222 322 1
1218 215 1279 328 1
1202 524 1263 632 1
1261 540 1279 654 1
1139 528 1205 649 1
1082 524 1137 645 1
1018 525 1080 637 1
959 516 1020 635 1
900 522 960 643 1
833 516 890 639 1
774 515 829 626 1
712 515 768 627 1
646 503 704 625 1
589 521 637 616 1
520 503 576 618 1
461 481 510 596 1
396 488 455 606 1
331 483 389 598 1
0 445 114 498 1
0 375 124 427 1
0 308 119 364 1
0 247 127 297 1
0 190 130 239 1
12 125 140 181 1
26 61 147 119 1
20 5 152 65 1
