620 379 661 474 1
665 375 710 472 1
714 369 759 464 1
766 373 804 460 1
811 363 855 459 1
858 365 902 455 1
904 367 949 451 1
951 369 991 458 1
995 370 1037 455 1
1087 376 1129 465 1
1126 373 1174 463 1
1168 367 1218 463 1
1217 375 1266 455 1
851 126 898 216 1
805 114 852 208 1
760 107 800 194 1
713 97 753 190 1
669 107 708 198 1
616 111 656 212 1
571 372 616 466 1
520 380 565 473 1
1088 610 1134 696 1
1043 616 1091 711 1
174 327 259 363 1
162 280 258 321 1
162 229 255 272 1
902 116 942 204 1
987 115 1032 209 1
1032 113 1079 193 1
1116 115 1170 196 1
1202 108 1254 196 1
1251 115 1279 200 1
1267 372 1279 462 1
1045 372 1090 459 1
1230 609 1279 707 1
1183 615 1234 708 1
1139 618 1185 719 1
1001 618 1042 710 1
956 623 999 712 1
913 617 952 707 1
862 627 907 719 1
770 629 808 715 1
814 627 853 719 1
723 633 762 719 1
671 629 712 719 1
626 644 665 719 1
579 634 616 719 1
531 621 567 710 1
484 632 526 719 1
434 631 475 719 1
176 613 263 660 1
170 564 265 607 1
172 516 260 558 1
159 468 257 509 1
160 423 257 461 1
164 375 261 413 1
1144 257 1242 301 1
