743 271 816 336 1
719 300 790 371 1
689 333 760 403 1
659 360 731 433 1
784 364 849 426 1
350 292 408 353 1
631 391 698 461 1
695 451 765 519 1
721 420 793 490 1
749 393 817 460 1
598 419 670 492 1
666 482 738 551 1
568 450 640 520 1
543 482 616 554 1
313 318 379 390 1
346 405 417 475 1
284 349 355 419 1
252 376 321 444 1
228 407 299 481 1
294 472 365 540 1
259 494 333 565 1
229 524 308 595 1
634 509 708 580 1
610 543 677 607 1
319 441 392 505 1
197 438 266 503 1
809 330 875 396 1
839 305 902 368 1
772 244 838 311 1
803 213 871 282 1
830 186 898 255 1
889 246 963 318 1
863 273 932 344 1
916 216 981 281 1
855 156 924 226 1
882 129 951 196 1
909 107 979 173 1
946 188 1017 262 1
973 168 1036 231 1
994 139 1063 204 1
934 78 1011 149 1
960 55 1026 118 1
1022 108 1082 171 1
1043 83 1107 148 1
1070 61 1135 123 1
1098 31 1165 98 1
1126 9 1190 75 1
1146 0 1212 51 1
1199 0 1242 22 1
949 0 1008 50 1
1008 0 1081 63 1
1043 0 1099 35 1
579 573 645 637 1
549 601 618 668 1
516 511 574 572 1
481 535 546 602 1
454 567 522 634 1
522 627 589 694 1
491 658 559 719 1
467 689 521 719 1
425 596 493 666 1
393 627 468 704 1
371 662 437 719 1
340 688 395 719 1
314 710 342 719 1
492 367 567 443 1
379 379 450 451 1
416 355 476 419 1
377 259 445 329 1
440 322 510 393 1
466 288 537 361 1
497 259 565 326 1
520 226 591 297 1
406 226 477 296 1
441 203 500 264 1
458 170 525 237 1
492 141 567 212 1
559 199 629 269 1
584 169 660 244 1
520 112 592 182 1
547 86 613 148 1
617 142 685 212 1
643 117 711 186 1
576 55 643 123 1
664 77 739 151 1
607 27 675 92 1
632 0 701 64 1
669 0 735 40 1
698 55 767 123 1
727 31 794 99 1
752 0 823 74 1
782 0 846 43 1
828 0 879 26 1
423 0 486 24 1
386 0 454 55 1
358 17 420 79 1
331 46 399 116 1
301 77 369 142 1
216 149 294 223 1
188 182 260 248 1
162 214 231 279 1
128 242 203 311 1
94 268 169 336 1
62 294 138 361 1
34 333 118 405 1
0 371 77 442 1
0 438 36 485 1
166 465 236 533 1
134 494 208 565 1
207 563 273 623 1
176 584 247 654 1
110 528 177 594 1
146 619 218 682 1
113 644 191 716 1
88 680 161 719 1
51 707 96 719 1
0 641 58 713 1
10 613 86 684 1
50 586 116 654 1
82 559 150 630 1
1257 97 1279 139 1
1238 127 1279 193 1
1207 150 1279 216 1
1185 178 1252 243 1
1157 202 1237 273 1
1135 232 1206 292 1
1112 259 1181 331 1
1086 289 1154 355 1
1061 312 1126 378 1
1037 341 1102 408 1
1008 368 1077 432 1
984 395 1049 461 1
956 428 1025 494 1
937 462 996 519 1
903 483 970 553 1
879 511 950 586 1
851 544 918 610 1
823 575 890 645 1
792 605 858 674 1
761 625 831 697 1
733 662 803 719 1
707 693 751 719 1
