927 0 974 61 1
889 9 941 81 1
849 16 903 95 1
807 13 861 91 1
772 24 820 97 1
741 45 783 109 1
697 45 738 111 1
658 54 706 128 1
617 69 665 136 1
584 86 631 160 1
548 102 595 176 1
506 102 553 180 1
463 115 507 186 1
421 122 471 203 1
378 134 428 214 1
337 147 387 229 1
295 164 348 247 1
251 177 305 258 1
213 200 262 271 1
163 192 222 281 1
115 203 175 289 1
73 221 129 297 1
24 240 87 324 1
0 249 40 330 1
923 225 980 294 1
880 227 929 302 1
843 243 896 313 1
805 248 855 326 1
768 266 822 338 1
733 284 783 362 1
695 295 748 369 1
652 303 702 378 1
612 309 661 390 1
574 329 627 405 1
534 342 584 423 1
492 350 541 429 1
452 362 502 441 1
407 377 460 457 1
363 389 418 470 1
323 397 378 486 1
278 409 335 495 1
232 422 283 500 1
184 437 243 522 1
145 456 206 542 1
107 476 160 561 1
59 493 118 579 1
18 500 73 583 1
0 510 25 594 1
1044 370 1101 447 1
1003 392 1059 472 1
974 410 1025 487 1
940 423 990 497 1
899 438 950 516 1
868 447 915 518 1
832 455 880 526 1
801 492 847 569 1
753 476 802 552 1
717 507 767 592 1
676 519 728 601 1
637 533 682 602 1
598 543 646 614 1
557 558 609 635 1
521 569 568 642 1
476 586 529 667 1
435 597 489 683 1
399 625 452 704 1
351 629 406 713 1
311 643 365 719 1
263 656 323 719 1
219 669 270 719 1
179 682 228 719 1
907 301 978 344 1
833 319 902 366 1
754 351 831 401 1
670 377 753 428 1
585 404 665 452 1
519 430 583 477 1
434 454 514 503 1
349 481 432 533 1
260 509 345 563 1
161 538 254 595 1
75 569 162 623 1
0 595 69 646 1
