1174 395 1278 443 1
878 404 987 449 1
753 401 860 451 1
226 404 343 448 1
33 399 144 444 1
0 397 21 443 1
1258 620 1279 719 1
1202 633 1258 719 1
1149 620 1201 719 1
1094 612 1145 719 1
1040 626 1090 719 1
987 619 1033 719 1
936 639 979 708 1
879 622 923 719 1
823 622 870 719 1
767 642 815 719 1
702 625 751 719 1
650 634 694 719 1
593 634 640 719 1
530 639 582 719 1
472 634 522 719 1
420 632 467 719 1
355 628 411 719 1
300 641 348 719 1
247 622 295 719 1
190 630 243 719 1
132 627 186 719 1
71 631 130 719 1
14 620 75 719 1
0 635 14 719 1
