768 16 846 52 1
777 57 853 90 1
780 97 854 131 1
782 137 859 173 1
778 175 852 211 1
770 214 846 248 1
801 253 878 290 1
772 295 847 330 1
790 337 872 374 1
788 379 868 415 1
789 420 856 453 1
786 459 852 494 1
788 499 864 532 1
788 535 858 570 1
789 575 869 611 1
655 53 689 130 1
657 136 689 208 1
664 214 700 296 1
666 300 699 384 1
664 393 701 477 1
671 477 701 544 1
671 549 707 628 1
576 44 648 87 1
566 95 646 132 1
571 136 645 173 1
569 178 646 211 1
574 217 650 255 1
581 258 658 296 1
579 302 653 338 1
579 343 652 378 1
577 384 652 420 1
577 422 660 460 1
584 465 663 504 1
577 505 658 545 1
579 547 659 582 1
582 586 660 628 1
348 12 426 50 1
342 56 427 95 1
331 99 410 136 1
328 142 409 177 1
341 183 412 218 1
330 230 401 262 1
330 268 412 303 1
335 309 404 348 1
346 348 426 386 1
350 388 427 428 1
340 432 422 469 1
341 474 416 511 1
340 515 422 553 1
339 556 423 595 1
342 598 426 637 1
794 616 873 654 1
582 629 663 671 1
351 637 433 673 1
803 657 880 692 1
674 629 711 706 1
579 672 664 706 1
355 677 436 716 1
800 695 876 719 1
