627 382 668 477 1
672 378 717 475 1
721 372 766 467 1
773 376 811 463 1
818 366 862 462 1
865 368 909 458 1
911 370 956 454 1
958 372 998 461 1
1002 373 1044 458 1
1045 376 1093 464 1
1094 379 1136 468 1
1133 376 1181 466 1
1175 370 1225 466 1
1224 378 1273 458 1
1207 117 1258 205 1
1124 125 1174 201 1
1037 122 1086 200 1
994 124 1038 213 1
907 122 949 212 1
858 129 905 219 1
812 117 859 211 1
767 110 807 197 1
720 100 760 193 1
676 110 715 201 1
623 114 663 215 1
174 513 265 556 1
167 418 266 459 1
171 373 269 414 1
578 375 623 469 1
527 383 572 476 1
1257 122 1279 209 1
1190 261 1279 303 1
1232 614 1279 714 1
1185 617 1236 711 1
1142 620 1189 719 1
1095 613 1141 699 1
1050 619 1098 714 1
1005 621 1047 713 1
958 626 1002 714 1
913 620 957 716 1
865 631 914 719 1
815 631 858 719 1
770 632 812 715 1
727 636 766 719 1
673 630 718 719 1
630 647 669 719 1
582 637 620 719 1
535 622 571 711 1
489 634 532 719 1
438 630 481 719 1
175 567 270 606 1
184 614 268 659 1
181 330 266 366 1
169 283 265 324 1
169 232 262 275 1
167 466 263 507 1
