177 290 266 335 1
172 351 281 396 1
165 473 269 519 1
173 527 282 577 1
428 343 539 391 1
574 508 684 555 1
183 693 282 719 1
558 159 664 212 1
430 160 541 214 1
440 0 499 66 1
508 0 558 48 1
569 0 612 38 1
619 0 667 30 1
797 86 914 140 1
931 84 1042 138 1
937 143 1046 197 1
949 200 1052 247 1
830 261 927 308 1
827 379 939 433 1
958 306 1060 354 1
1097 290 1179 395 1
1158 37 1262 83 1
1260 31 1279 83 1
1164 88 1279 139 1
1168 141 1279 187 1
1183 191 1279 231 1
1187 283 1279 329 1
1182 335 1279 382 1
1187 386 1279 430 1
1190 437 1279 487 1
1198 535 1279 583 1
1208 633 1279 689 1
