581 555 632 687 1
518 557 569 673 1
456 555 510 674 1
650 560 709 685 1
718 551 773 678 1
784 560 840 680 1
846 556 903 683 1
909 558 967 685 1
976 553 1029 668 1
1033 567 1094 686 1
1096 566 1158 688 1
1160 559 1225 688 1
1227 236 1279 360 1
1162 231 1222 342 1
1095 221 1163 351 1
1040 226 1101 349 1
979 227 1036 346 1
921 224 981 340 1
852 216 908 332 1
793 209 845 329 1
727 204 785 320 1
667 199 718 322 1
594 190 651 317 1
531 206 581 317 1
465 197 524 325 1
397 207 454 333 1
337 206 395 332 1
276 195 337 319 1
209 205 270 326 1
385 545 446 673 1
326 564 382 665 1
263 547 320 667 1
201 525 257 647 1
137 538 200 658 1
69 534 137 652 1
