531 349 612 382 1
537 392 615 428 1
543 435 617 467 1
630 709 703 719 1
549 709 624 719 1
635 669 710 705 1
824 671 902 706 1
830 710 899 719 1
909 707 977 719 1
1096 709 1164 719 1
627 476 660 563 1
668 473 699 554 1
709 480 741 550 1
749 472 784 548 1
788 477 822 554 1
827 480 863 553 1
870 479 903 551 1
907 475 939 549 1
529 155 605 193 1
536 195 612 231 1
531 235 617 271 1
545 275 621 308 1
538 311 612 345 1
541 672 615 707 1
346 510 419 546 1
349 468 418 502 1
342 428 419 464 1
341 386 422 425 1
335 347 415 383 1
341 311 412 344 1
354 270 426 307 1
352 229 428 266 1
348 192 422 227 1
350 152 423 189 1
348 114 421 149 1
517 115 592 152 1
537 79 610 115 1
525 42 607 76 1
524 8 602 38 1
352 3 423 39 1
347 40 424 75 1
351 76 424 111 1
174 142 242 177 1
167 180 241 215 1
165 219 241 252 1
943 480 978 558 1
982 477 1018 554 1
1017 466 1053 545 1
1059 461 1098 540 1
1100 543 1182 580 1
1102 590 1175 622 1
1102 628 1180 663 1
1091 669 1168 707 1
162 295 243 330 1
153 258 244 294 1
180 99 255 137 1
175 63 258 97 1
181 30 257 63 1
182 0 253 29 1
168 450 246 485 1
167 491 242 524 1
161 535 233 569 1
148 575 238 609 1
157 617 241 652 1
158 654 240 686 1
158 691 240 719 1
360 671 438 706 1
362 711 440 719 1
530 516 611 554 1
532 474 611 510 1
913 668 977 703 1
169 336 242 371 1
159 374 239 408 1
