541 616 579 702 1
636 351 675 442 1
585 347 630 443 1
538 360 579 448 1
491 355 532 452 1
732 610 774 699 1
685 605 727 697 1
583 612 625 710 1
824 605 868 699 1
779 606 818 697 1
637 614 681 706 1
916 605 960 701 1
963 603 1005 694 1
1009 596 1052 691 1
1096 591 1148 693 1
871 359 912 448 1
827 359 869 449 1
776 358 816 441 1
732 355 768 441 1
683 352 727 439 1
495 616 534 702 1
875 598 913 683 1
919 357 961 451 1
960 351 1004 449 1
1007 357 1050 442 1
1057 360 1100 453 1
1101 355 1142 431 1
1144 350 1185 443 1
1187 350 1231 435 1
1264 101 1279 187 1
1130 103 1177 180 1
1088 104 1132 189 1
1041 104 1087 191 1
997 93 1042 185 1
908 103 955 183 1
822 99 865 178 1
774 99 818 195 1
648 259 745 313 1
683 103 724 192 1
635 111 676 203 1
587 99 630 192 1
540 90 580 181 1
493 84 535 176 1
450 95 491 184 1
399 97 441 195 1
443 360 487 457 1
398 363 441 456 1
350 354 399 448 1
303 361 349 455 1
445 610 491 702 1
403 622 441 700 1
356 613 396 703 1
309 599 349 688 1
263 608 308 698 1
214 608 262 695 1
0 593 53 639 1
0 540 58 586 1
0 493 56 535 1
0 446 58 486 1
0 403 56 443 1
0 357 59 395 1
0 308 61 348 1
0 265 63 308 1
0 215 57 259 1
1188 608 1242 707 1
1264 345 1279 429 1
