634 281 710 317 1
549 277 626 316 1
635 241 709 276 1
552 238 624 275 1
547 202 626 238 1
632 201 710 236 1
636 322 711 359 1
640 363 720 399 1
646 403 720 435 1
644 440 719 475 1
647 482 728 516 1
635 520 722 556 1
552 536 629 570 1
826 638 900 676 1
825 679 899 716 1
908 675 985 717 1
922 636 998 675 1
548 319 623 355 1
551 359 630 396 1
559 401 633 434 1
548 443 622 479 1
555 483 628 518 1
635 164 705 197 1
546 163 619 198 1
544 122 613 158 1
634 123 705 160 1
628 84 701 122 1
542 85 613 121 1
549 47 615 87 1
623 50 694 85 1
625 15 699 50 1
543 13 617 47 1
634 0 701 12 1
546 0 616 12 1
826 599 903 636 1
918 598 992 632 1
927 559 996 592 1
829 561 905 599 1
836 521 910 556 1
921 521 989 553 1
917 479 990 519 1
913 441 991 475 1
820 325 895 361 1
826 285 889 319 1
909 243 983 276 1
818 246 898 280 1
911 203 981 239 1
902 168 969 203 1
808 170 889 205 1
818 209 884 240 1
814 128 881 163 1
915 95 979 131 1
818 90 880 125 1
815 56 888 90 1
911 57 987 95 1
908 24 979 58 1
823 19 891 54 1
806 0 880 15 1
1070 0 1148 24 1
1082 25 1154 55 1
1082 58 1157 91 1
1098 244 1166 278 1
1093 283 1171 318 1
1093 320 1173 358 1
1092 362 1174 396 1
1093 403 1161 435 1
1092 440 1174 474 1
1091 477 1170 515 1
1091 516 1167 552 1
1100 556 1169 590 1
1094 597 1168 632 1
1107 671 1183 706 1
1109 708 1171 719 1
362 0 433 12 1
368 13 436 50 1
376 52 444 89 1
370 92 444 129 1
369 129 445 164 1
373 166 447 201 1
368 205 445 241 1
371 244 446 278 1
373 282 447 316 1
370 321 447 356 1
365 362 447 397 1
375 399 445 433 1
373 440 441 475 1
368 479 438 514 1
356 517 426 553 1
363 561 436 595 1
371 598 446 634 1
370 641 445 678 1
371 681 450 717 1
172 0 251 42 1
170 42 246 79 1
170 83 243 116 1
177 152 249 188 1
195 190 261 226 1
173 227 252 265 1
188 268 259 302 1
183 306 247 340 1
170 346 255 379 1
170 387 249 421 1
183 425 255 457 1
171 463 252 495 1
177 506 248 540 1
172 545 245 581 1
182 584 262 618 1
179 623 261 659 1
184 661 266 697 1
189 701 273 719 1
