740 168 816 204 1
738 205 820 243 1
739 243 818 279 1
739 282 820 320 1
741 364 817 400 1
558 446 636 484 1
570 407 635 443 1
556 369 635 405 1
549 327 631 362 1
554 286 634 321 1
554 246 628 284 1
460 405 542 443 1
780 655 856 693 1
790 696 860 719 1
621 623 687 660 1
560 587 641 624 1
350 708 424 719 1
261 709 343 719 1
529 707 606 719 1
300 590 376 626 1
547 205 625 244 1
547 166 620 203 1
545 127 621 165 1
552 51 629 89 1
731 91 805 126 1
731 132 808 168 1
728 51 805 87 1
744 327 821 361 1
1001 25 1074 62 1
1006 64 1080 100 1
1011 101 1084 135 1
1017 136 1076 171 1
1011 173 1089 209 1
1012 210 1090 246 1
1021 441 1095 473 1
1021 365 1094 400 1
1010 324 1081 362 1
1012 285 1084 322 1
1009 248 1083 283 1
612 707 692 719 1
788 617 866 655 1
871 599 905 676 1
908 602 945 669 1
734 19 801 51 1
816 22 886 54 1
821 57 894 94 1
825 134 888 168 1
825 96 892 132 1
825 173 899 204 1
826 207 888 242 1
824 245 904 281 1
832 287 903 321 1
830 326 909 360 1
833 364 906 399 1
829 406 905 441 1
740 409 816 443 1
833 447 908 483 1
750 450 825 485 1
460 16 531 51 1
545 16 622 50 1
552 92 626 126 1
452 444 531 483 1
1018 405 1101 439 1
1019 479 1090 515 1
1020 517 1091 553 1
1017 555 1089 592 1
948 605 982 672 1
982 606 1018 680 1
529 628 606 664 1
528 669 597 705 1
604 666 684 706 1
260 628 334 665 1
269 669 338 704 1
347 666 425 702 1
342 626 418 664 1
34 0 80 79 1
36 87 80 167 1
36 186 78 256 1
31 271 75 341 1
460 0 527 16 1
549 0 622 15 1
1000 0 1074 22 1
814 0 889 18 1
729 0 803 17 1
470 367 546 400 1
460 328 541 365 1
461 287 540 323 1
461 246 543 283 1
466 210 533 243 1
455 167 528 204 1
452 128 532 165 1
459 93 532 128 1
459 52 535 91 1
277 0 359 13 1
192 0 267 16 1
189 17 261 53 1
280 13 353 50 1
278 49 350 90 1
190 55 263 91 1
184 91 263 128 1
268 90 338 124 1
271 124 356 164 1
183 132 253 165 1
273 167 350 207 1
187 167 260 204 1
276 209 351 243 1
278 246 347 278 1
184 208 258 246 1
187 249 263 282 1
279 286 348 321 1
277 324 355 359 1
182 287 253 322 1
180 325 259 362 1
264 364 344 400 1
182 365 261 400 1
190 406 268 442 1
276 404 359 440 1
190 448 269 483 1
