244 61 341 142 1
36 214 151 266 1
349 205 401 308 1
399 183 454 289 1
458 177 508 275 1
499 167 561 271 1
556 145 615 258 1
666 138 724 248 1
726 136 772 230 1
827 126 883 234 1
28 363 146 411 1
410 528 469 643 1
477 518 531 628 1
539 513 591 616 1
589 500 650 615 1
709 485 763 602 1
769 490 823 581 1
811 460 875 575 1
941 387 996 493 1
996 371 1057 483 1
1045 362 1104 474 1
1135 349 1201 462 1
1184 341 1253 451 1
1233 334 1279 436 1
1168 638 1277 689 1
1171 697 1279 719 1
917 689 1034 719 1
775 689 899 719 1
