674 249 755 286 1
861 253 931 286 1
686 209 757 244 1
937 250 1021 287 1
940 210 1019 245 1
860 214 938 247 1
584 250 661 288 1
582 210 658 245 1
582 174 654 207 1
674 129 744 166 1
580 133 656 172 1
677 90 746 127 1
582 93 658 131 1
578 57 653 92 1
669 56 742 91 1
661 14 734 55 1
575 17 649 59 1
572 0 644 17 1
656 0 729 15 1
937 174 1008 208 1
858 172 933 213 1
941 134 1018 171 1
853 134 933 171 1
850 97 927 131 1
941 95 1010 129 1
933 59 1007 90 1
842 60 915 95 1
841 22 916 58 1
930 23 1004 60 1
927 0 997 23 1
835 0 916 21 1
397 262 477 297 1
389 220 466 251 1
395 183 473 216 1
393 138 467 176 1
386 102 461 138 1
395 65 465 102 1
390 26 456 63 1
386 0 461 24 1
304 0 381 29 1
302 32 371 67 1
304 68 375 103 1
304 106 378 141 1
301 141 374 181 1
299 184 376 222 1
300 225 372 260 1
306 266 385 300 1
170 275 210 355 1
166 192 205 264 1
169 97 207 176 1
171 5 207 78 1
172 526 212 607 1
173 620 212 702 1
1107 0 1178 16 1
1108 19 1190 54 1
1105 56 1188 92 1
1114 94 1191 127 1
1119 129 1198 164 1
1115 165 1191 202 1
1119 202 1197 236 1
1127 242 1206 276 1
1125 282 1208 315 1
1138 319 1214 352 1
1142 417 1215 449 1
1141 455 1219 488 1
1146 495 1227 531 1
1146 533 1225 566 1
1155 569 1231 602 1
1151 608 1236 644 1
1149 646 1235 687 1
1155 687 1249 719 1
956 418 1027 452 1
955 456 1028 495 1
962 497 1036 533 1
951 541 1027 577 1
960 577 1034 612 1
960 614 1036 648 1
966 693 1037 719 1
885 705 952 719 1
873 662 945 698 1
869 619 949 657 1
863 579 942 614 1
872 501 955 535 1
869 462 947 499 1
867 421 945 453 1
684 429 754 466 1
676 468 754 504 1
680 509 745 546 1
686 550 757 585 1
688 588 766 626 1
689 628 762 664 1
687 668 765 703 1
685 708 757 719 1
591 707 669 719 1
601 671 668 704 1
598 631 675 667 1
596 592 672 629 1
584 553 655 587 1
578 511 654 546 1
577 472 661 507 1
577 430 657 466 1
532 537 570 616 1
399 427 476 468 1
407 473 484 508 1
408 514 484 548 1
406 554 486 588 1
413 596 491 635 1
409 636 485 670 1
408 670 483 707 1
406 709 477 719 1
317 675 388 715 1
319 634 394 671 1
316 595 389 627 1
308 556 383 588 1
307 514 382 547 1
307 469 382 507 1
308 432 386 465 1
877 544 950 578 1
