817 0 855 72 1
807 120 849 204 1
805 231 841 300 1
804 306 844 390 1
787 537 832 617 1
781 644 824 719 1
585 147 664 185 1
598 196 674 231 1
601 238 679 272 1
588 278 666 316 1
584 316 657 357 1
578 358 654 399 1
584 404 655 442 1
602 448 662 481 1
588 485 661 521 1
582 566 653 608 1
563 612 640 653 1
501 87 578 125 1
422 176 500 227 1
424 226 493 274 1
405 268 490 318 1
406 316 484 363 1
404 438 479 486 1
407 481 484 530 1
263 0 345 62 1
264 53 339 110 1
249 94 327 154 1
251 147 327 203 1
249 199 326 250 1
248 243 324 295 1
242 292 329 350 1
236 340 319 396 1
236 392 324 444 1
237 439 316 491 1
224 482 309 541 1
232 545 311 594 1
228 589 313 642 1
223 633 302 692 1
215 675 296 719 1
