1155 233 1250 337 1
1216 412 1278 520 1
1162 407 1223 519 1
1103 405 1165 517 1
1045 399 1098 515 1
983 396 1036 508 1
923 399 972 510 1
1211 541 1279 657 1
1156 534 1214 650 1
1103 533 1160 640 1
1045 528 1098 647 1
979 536 1036 662 1
922 533 970 647 1
979 180 1098 233 1
915 108 975 215 1
859 103 913 219 1
799 91 852 210 1
690 362 736 483 1
681 530 731 650 1
690 96 740 192 1
624 386 672 504 1
620 518 672 645 1
559 376 606 495 1
554 514 605 638 1
495 514 544 623 1
497 388 549 501 1
431 371 481 495 1
434 527 486 622 1
371 372 424 493 1
366 521 422 634 1
307 378 364 489 1
251 372 305 484 1
306 544 356 636 1
246 501 301 627 1
185 504 243 616 1
126 508 182 608 1
63 501 124 613 1
0 498 64 614 1
186 376 241 483 1
130 384 188 491 1
62 376 128 491 1
0 368 64 487 1
630 91 679 211 1
573 96 620 194 1
507 91 557 188 1
386 91 443 201 1
322 80 374 199 1
266 91 317 200 1
203 87 262 207 1
