427 380 467 469 1
520 376 562 466 1
564 380 606 470 1
614 376 655 464 1
663 396 703 490 1
616 129 658 224 1
566 123 612 217 1
525 118 563 211 1
710 393 755 488 1
807 390 846 485 1
577 627 615 718 1
425 647 466 719 1
335 627 379 719 1
243 628 285 719 1
197 633 239 719 1
758 612 808 719 1
810 637 848 719 1
856 633 897 719 1
903 626 943 719 1
152 636 195 719 1
104 623 148 711 1
57 631 103 719 1
12 630 57 719 1
107 390 147 479 1
147 387 189 481 1
190 383 233 479 1
240 388 280 472 1
288 391 329 482 1
333 385 373 464 1
61 390 107 475 1
628 580 700 666 1
378 379 420 478 1
668 106 708 202 1
716 124 756 210 1
761 125 802 216 1
807 133 846 217 1
850 132 891 220 1
895 136 934 223 1
942 130 985 219 1
986 118 1028 217 1
1029 133 1074 224 1
1078 136 1120 217 1
1118 112 1166 198 1
286 130 329 217 1
243 125 286 215 1
155 135 201 214 1
66 135 114 214 1
22 137 67 232 1
0 385 15 472 1
0 633 10 719 1
855 387 892 469 1
902 381 943 471 1
946 385 989 476 1
996 378 1037 468 1
1042 380 1087 470 1
1088 384 1134 472 1
951 634 991 719 1
995 612 1041 709 1
1040 635 1084 713 1
1085 623 1132 713 1
1143 618 1190 706 1
338 131 378 216 1
382 126 423 207 1
15 387 60 469 1
