459 577 538 615 1
454 536 530 573 1
461 496 541 536 1
901 617 982 652 1
644 454 726 492 1
464 412 542 448 1
379 456 442 490 1
377 414 452 450 1
642 329 722 369 1
458 371 535 409 1
375 370 452 409 1
384 333 447 369 1
735 660 805 694 1
189 571 275 609 1
195 528 271 564 1
195 484 262 523 1
190 445 276 479 1
203 337 276 373 1
454 290 532 327 1
461 331 538 365 1
372 296 448 330 1
641 622 714 657 1
730 619 808 655 1
730 575 806 616 1
639 580 718 615 1
733 537 811 573 1
643 287 723 325 1
370 498 445 535 1
368 543 449 577 1
365 584 443 618 1
370 622 446 658 1
461 623 540 657 1
471 456 540 490 1
905 653 978 691 1
908 695 985 719 1
738 697 817 719 1
642 662 725 702 1
647 704 722 719 1
457 701 544 719 1
370 701 447 719 1
191 693 280 719 1
182 651 264 687 1
186 612 268 646 1
374 662 447 696 1
455 660 538 697 1
637 537 713 573 1
731 249 808 285 1
731 287 813 325 1
736 329 812 365 1
738 371 817 407 1
732 413 814 449 1
643 415 723 453 1
647 497 714 533 1
642 372 724 407 1
649 247 725 285 1
904 575 978 613 1
906 537 987 573 1
910 495 989 534 1
907 454 987 492 1
900 409 981 447 1
908 374 984 408 1
911 331 988 369 1
908 290 985 327 1
906 248 988 286 1
906 209 978 248 1
913 170 975 208 1
901 130 979 169 1
896 92 976 130 1
895 53 975 91 1
897 16 971 52 1
896 0 966 18 1
735 207 806 243 1
647 206 727 243 1
730 166 806 202 1
646 166 721 205 1
737 455 811 488 1
735 497 808 531 1
733 128 804 162 1
644 130 716 165 1
645 87 719 126 1
728 89 808 127 1
729 50 809 88 1
646 50 721 86 1
644 10 720 48 1
725 11 801 48 1
731 0 809 8 1
642 0 720 9 1
379 0 452 15 1
468 0 544 12 1
466 14 539 48 1
464 49 540 86 1
454 87 536 124 1
466 128 544 167 1
468 167 543 205 1
460 205 543 245 1
463 247 542 283 1
379 247 457 289 1
376 209 457 246 1
379 170 449 210 1
376 129 452 170 1
380 88 451 127 1
377 52 454 88 1
381 13 457 51 1
201 296 280 334 1
199 257 271 292 1
202 217 277 254 1
196 174 276 212 1
217 134 287 172 1
209 97 285 135 1
209 54 284 94 1
205 18 286 55 1
205 0 288 15 1
