927 25 972 95 1
889 48 938 118 1
850 54 899 133 1
806 54 861 128 1
770 65 820 139 1
740 85 785 149 1
696 87 737 147 1
660 96 705 168 1
618 111 665 177 1
584 130 635 207 1
548 143 596 219 1
504 150 555 226 1
466 162 511 232 1
423 169 473 250 1
380 184 430 263 1
340 196 391 279 1
300 215 354 292 1
257 225 310 307 1
218 253 270 319 1
166 245 230 333 1
123 258 184 342 1
80 275 138 351 1
34 294 97 376 1
0 302 50 379 1
922 260 981 330 1
880 266 931 339 1
848 280 898 350 1
806 287 856 361 1
772 306 823 378 1
734 326 784 401 1
697 336 746 407 1
659 345 704 417 1
614 353 665 433 1
578 369 631 449 1
539 385 590 467 1
495 394 547 474 1
455 405 511 484 1
411 424 466 502 1
369 435 429 519 1
330 443 386 529 1
285 453 345 540 1
241 470 290 546 1
197 484 254 567 1
157 505 215 590 1
116 526 173 609 1
73 541 133 627 1
30 550 88 632 1
0 554 43 643 1
1047 402 1101 479 1
1005 426 1061 503 1
977 446 1027 520 1
940 462 989 533 1
901 472 954 552 1
871 483 918 554 1
835 489 880 563 1
803 529 850 606 1
757 516 806 589 1
721 546 773 632 1
679 558 734 639 1
641 574 689 643 1
605 581 652 650 1
564 596 616 675 1
526 611 575 684 1
482 624 536 707 1
444 640 498 719 1
408 667 456 719 1
363 671 406 719 1
319 685 363 719 1
274 701 320 719 1
911 337 977 379 1
836 358 906 402 1
758 391 836 438 1
676 419 753 466 1
592 446 669 493 1
525 472 588 517 1
439 497 522 547 1
359 527 439 577 1
270 556 355 609 1
173 583 265 646 1
91 618 174 671 1
0 644 84 704 1
