744 1 821 88 1
704 174 744 270 1
653 172 694 263 1
603 166 644 259 1
551 173 591 266 1
503 168 544 258 1
456 177 496 256 1
407 178 452 271 1
313 178 359 273 1
267 182 313 273 1
223 162 271 249 1
178 167 223 254 1
134 163 179 250 1
47 167 94 250 1
0 167 48 260 1
196 0 234 12 1
240 0 282 19 1
377 0 417 11 1
422 0 460 10 1
465 0 502 16 1
513 0 549 18 1
560 0 599 12 1
605 0 646 13 1
653 0 695 19 1
758 420 796 509 1
696 424 737 519 1
648 433 682 509 1
598 411 641 505 1
551 430 590 519 1
501 420 541 515 1
454 427 494 520 1
404 427 448 520 1
344 400 399 542 1
220 425 268 518 1
181 408 225 500 1
37 427 87 522 1
