531 460 572 558 1
375 477 418 551 1
580 457 622 553 1
629 469 671 559 1
425 464 470 553 1
472 466 520 564 1
325 459 369 554 1
228 460 269 548 1
178 451 223 542 1
130 466 175 524 1
77 448 129 540 1
31 447 85 536 1
593 253 694 300 1
759 599 803 699 1
358 253 452 300 1
780 339 884 385 1
686 477 724 573 1
274 448 317 550 1
85 252 186 297 1
0 248 75 293 1
548 676 596 719 1
490 670 540 719 1
443 672 492 719 1
395 679 440 719 1
340 684 391 719 1
236 669 293 719 1
190 674 245 719 1
0 665 34 719 1
0 456 29 555 1
