940 631 1016 668 1
848 627 930 662 1
945 671 1015 704 1
845 665 926 702 1
936 591 1011 621 1
854 586 930 619 1
935 544 1004 578 1
854 545 929 580 1
849 505 927 540 1
935 506 999 539 1
1109 670 1189 702 1
1110 626 1186 664 1
652 661 730 698 1
565 662 643 699 1
1113 591 1188 625 1
1118 551 1197 588 1
1110 512 1187 548 1
1121 468 1198 505 1
1035 306 1073 386 1
1001 315 1036 390 1
966 316 999 393 1
925 309 959 384 1
891 306 925 378 1
849 300 886 381 1
810 303 846 383 1
770 300 805 378 1
732 308 764 378 1
689 304 726 382 1
650 307 686 388 1
556 295 633 333 1
553 337 633 377 1
566 259 642 294 1
180 437 260 472 1
179 476 260 509 1
179 514 258 548 1
186 556 264 588 1
188 595 262 634 1
1123 430 1194 463 1
1121 384 1202 420 1
655 502 733 536 1
654 625 726 658 1
655 584 731 617 1
653 544 730 580 1
559 503 636 537 1
567 541 643 578 1
565 582 642 618 1
373 658 448 693 1
169 636 250 673 1
178 679 256 716 1
1082 298 1122 379 1
1118 706 1195 719 1
839 705 914 719 1
654 706 735 719 1
565 700 639 719 1
371 694 450 719 1
559 623 635 659 1
379 499 457 534 1
379 539 457 573 1
384 579 456 614 1
383 618 458 654 1
172 397 261 434 1
185 358 255 391 1
191 313 266 348 1
194 273 271 307 1
559 218 639 255 1
556 174 631 209 1
567 139 635 173 1
573 102 640 137 1
559 64 637 102 1
565 27 634 61 1
556 0 632 26 1
380 0 456 19 1
377 21 451 56 1
382 59 456 96 1
383 97 454 135 1
369 137 438 171 1
364 173 440 211 1
368 212 444 248 1
366 251 441 288 1
372 293 440 328 1
368 334 442 371 1
189 200 266 236 1
198 160 270 196 1
194 121 272 157 1
184 81 274 121 1
194 47 272 82 1
197 10 270 47 1
