793 162 873 199 1
803 204 880 243 1
810 248 888 284 1
814 287 890 322 1
812 331 892 362 1
813 366 882 400 1
805 406 878 436 1
831 443 908 478 1
804 486 877 520 1
822 530 903 563 1
822 569 902 607 1
820 612 887 646 1
816 647 885 684 1
690 246 724 321 1
690 327 725 400 1
697 405 733 488 1
699 492 734 578 1
697 585 731 670 1
702 668 736 719 1
608 238 685 276 1
601 288 679 323 1
605 330 679 362 1
600 369 681 403 1
606 410 686 446 1
612 452 690 489 1
614 493 689 527 1
609 534 685 570 1
604 576 684 613 1
612 613 690 651 1
615 652 695 695 1
608 695 687 719 1
373 156 447 195 1
383 205 461 242 1
379 248 463 286 1
365 290 448 331 1
363 335 446 371 1
376 375 445 409 1
367 421 435 454 1
363 458 444 495 1
368 500 439 541 1
377 538 458 581 1
382 582 462 619 1
375 620 455 661 1
376 663 448 702 1
369 702 451 719 1
817 686 897 719 1
