493 106 561 173 1
463 133 531 204 1
439 168 505 233 1
706 148 761 203 1
408 198 474 265 1
385 226 450 293 1
355 252 423 320 1
333 284 401 354 1
306 318 374 385 1
682 180 736 229 1
414 480 478 542 1
383 501 448 563 1
270 336 335 402 1
240 362 312 432 1
217 393 288 467 1
189 425 257 495 1
168 458 233 523 1
135 487 205 555 1
356 537 426 605 1
232 114 297 178 1
262 89 325 149 1
301 62 363 128 1
327 32 396 103 1
354 7 418 73 1
378 0 441 41 1
584 28 652 94 1
553 51 616 118 1
528 82 594 148 1
602 0 666 58 1
637 0 692 30 1
694 0 728 21 1
203 142 273 206 1
165 166 247 241 1
149 200 221 266 1
126 234 193 299 1
94 257 168 320 1
45 317 119 384 1
15 345 87 410 1
0 374 51 436 1
0 429 26 471 1
732 120 787 175 1
757 89 814 146 1
783 64 846 121 1
445 458 504 517 1
461 420 528 483 1
492 390 555 456 1
514 358 586 422 1
536 319 601 389 1
576 303 635 355 1
595 264 657 324 1
621 236 681 299 1
655 203 720 266 1
333 570 401 638 1
300 590 374 659 1
269 617 342 688 1
30 615 108 686 1
2 645 79 712 1
0 678 50 719 1
