730 226 803 298 1
736 345 805 412 1
708 370 773 440 1
664 277 733 346 1
703 256 762 315 1
390 305 457 370 1
359 328 430 397 1
266 303 335 372 1
383 181 449 248 1
677 403 745 470 1
652 437 717 498 1
580 372 653 447 1
557 406 621 470 1
627 463 692 532 1
331 362 399 428 1
200 356 274 424 1
240 450 315 522 1
214 483 292 554 1
119 445 191 520 1
174 382 244 456 1
492 461 564 532 1
589 492 659 565 1
464 491 534 563 1
828 493 897 561 1
414 152 482 220 1
439 121 509 188 1
480 213 552 285 1
445 236 518 307 1
416 266 489 341 1
509 181 579 250 1
538 253 612 328 1
155 421 227 495 1
174 508 255 583 1
299 388 373 462 1
274 423 345 494 1
351 207 420 277 1
236 330 300 398 1
293 272 360 335 1
318 238 392 308 1
757 195 825 265 1
852 228 920 301 1
819 252 891 326 1
796 287 861 354 1
766 317 830 381 1
859 468 930 539 1
772 553 841 620 1
802 525 875 596 1
529 550 602 623 1
561 526 631 593 1
525 434 595 507 1
641 310 709 378 1
610 340 679 409 1
438 526 508 596 1
503 585 572 651 1
477 616 543 682 1
402 548 477 624 1
443 645 516 711 1
373 582 446 654 1
409 671 484 719 1
380 696 430 719 1
349 618 409 676 1
319 643 390 714 1
289 669 354 719 1
260 699 302 719 1
152 539 228 608 1
92 477 165 548 1
66 514 140 586 1
128 571 197 644 1
223 217 300 294 1
14 286 94 356 1
0 337 48 403 1
56 244 128 310 1
149 162 221 232 1
189 114 263 186 1
225 74 303 151 1
255 38 324 110 1
285 16 354 84 1
318 0 389 59 1
357 0 417 31 1
472 94 543 164 1
504 64 568 135 1
538 41 597 101 1
565 9 634 79 1
593 0 663 46 1
643 0 686 18 1
535 148 604 216 1
568 123 639 197 1
606 102 665 166 1
629 68 698 138 1
653 37 721 109 1
686 10 750 79 1
704 0 776 49 1
753 0 811 29 1
785 164 857 237 1
817 138 885 210 1
842 111 914 180 1
871 85 938 155 1
896 59 964 129 1
918 29 987 98 1
942 7 1009 71 1
966 0 1040 42 1
1023 0 1066 20 1
880 200 945 265 1
903 169 970 238 1
927 144 991 212 1
956 119 1019 182 1
979 88 1044 156 1
1006 64 1068 126 1
1029 36 1096 107 1
1054 11 1127 84 1
1077 0 1145 48 1
1124 0 1182 29 1
1248 54 1279 106 1
1220 78 1279 144 1
1199 104 1268 172 1
1171 130 1241 195 1
1144 157 1213 222 1
1120 187 1190 253 1
1103 219 1162 279 1
1072 240 1139 304 1
1050 266 1124 341 1
1026 295 1093 365 1
998 326 1067 396 1
971 354 1035 420 1
940 374 1011 443 1
915 412 986 482 1
890 442 960 509 1
747 591 816 654 1
722 622 785 684 1
689 646 759 719 1
653 674 725 719 1
626 703 663 719 1
