814 130 872 258 1
750 123 806 249 1
485 459 544 591 1
691 114 744 240 1
809 463 857 588 1
739 469 792 591 1
555 460 607 580 1
496 117 549 224 1
422 469 479 575 1
865 493 923 616 1
929 492 989 618 1
1048 489 1104 615 1
1105 491 1163 595 1
1166 485 1235 598 1
1225 490 1279 610 1
678 465 732 583 1
436 117 488 231 1
363 119 420 235 1
301 104 359 228 1
180 114 244 222 1
60 110 127 217 1
0 109 64 236 1
361 471 416 600 1
295 466 347 581 1
223 454 286 587 1
167 458 224 585 1
109 462 166 582 1
47 456 112 576 1
0 451 44 568 1
877 108 933 235 1
939 134 994 247 1
1001 142 1055 260 1
1056 155 1110 260 1
1113 157 1167 271 1
1167 165 1224 275 1
1229 152 1279 268 1
