374 438 440 474 1
281 441 354 478 1
932 470 1002 508 1
923 429 1006 466 1
840 433 919 468 1
837 393 921 432 1
922 391 986 424 1
922 355 998 390 1
839 354 917 392 1
826 318 906 353 1
920 316 986 351 1
644 357 720 392 1
643 315 720 353 1
546 314 626 356 1
648 278 722 313 1
554 279 627 314 1
552 239 629 276 1
368 401 445 436 1
275 402 354 438 1
363 359 440 396 1
278 360 353 397 1
272 324 343 357 1
362 314 448 356 1
357 280 430 313 1
275 282 353 321 1
277 245 353 282 1
1113 509 1186 544 1
1112 468 1188 502 1
1109 430 1188 463 1
1113 390 1193 427 1
1110 351 1192 386 1
1114 315 1180 349 1
1111 275 1186 310 1
922 276 990 312 1
829 273 904 309 1
915 231 990 272 1
825 234 905 272 1
645 235 723 273 1
365 239 439 275 1
126 467 167 541 1
130 381 169 451 1
128 282 171 360 1
129 196 170 273 1
909 195 980 231 1
827 195 897 229 1
820 154 898 193 1
907 156 983 194 1
637 196 717 234 1
551 198 624 236 1
548 159 620 197 1
638 159 716 195 1
367 198 437 237 1
276 203 347 241 1
1125 546 1203 582 1
1124 586 1211 626 1
1125 624 1206 657 1
1127 661 1201 701 1
1126 702 1206 719 1
840 474 922 509 1
637 119 711 154 1
543 119 618 158 1
906 116 980 153 1
823 116 898 154 1
816 77 890 114 1
900 79 977 113 1
901 42 974 79 1
818 40 882 77 1
550 361 622 395 1
643 400 725 434 1
561 401 630 437 1
557 441 637 479 1
651 443 734 476 1
656 481 735 518 1
559 482 639 520 1
653 523 732 557 1
656 564 737 600 1
559 523 645 563 1
570 564 649 595 1
671 603 736 637 1
661 641 739 679 1
558 602 644 636 1
554 639 635 682 1
371 485 444 519 1
273 485 346 519 1
373 521 451 555 1
271 526 355 559 1
359 561 441 598 1
275 564 356 598 1
286 604 365 642 1
374 602 458 638 1
287 649 367 683 1
361 158 437 199 1
279 160 352 202 1
277 121 349 163 1
363 121 437 157 1
360 81 432 120 1
273 87 341 124 1
271 50 347 86 1
355 47 430 82 1
358 10 437 46 1
267 14 335 52 1
268 0 351 15 1
354 0 426 10 1
134 101 174 180 1
132 4 174 78 1
541 81 615 121 1
638 81 705 116 1
638 40 707 80 1
548 43 611 81 1
551 2 622 43 1
636 6 714 40 1
815 6 887 39 1
903 3 973 42 1
1103 236 1183 273 1
1096 196 1176 232 1
1100 155 1174 194 1
1094 117 1172 154 1
1094 81 1169 117 1
1090 40 1178 78 1
1087 12 1164 44 1
1083 0 1156 9 1
842 518 923 551 1
931 510 1011 544 1
931 550 1010 585 1
932 591 1008 626 1
933 633 1010 668 1
849 638 928 674 1
841 599 917 635 1
840 554 918 592 1
