786 327 905 383 1
926 337 1030 391 1
926 395 1033 450 1
931 450 1035 504 1
1162 412 1273 456 1
1172 465 1273 506 1
1164 355 1279 402 1
1162 301 1264 348 1
1167 555 1273 612 1
1263 305 1279 350 1
1158 607 1279 660 1
1160 661 1277 714 1
788 635 897 689 1
928 570 1032 615 1
929 512 1036 562 1
797 518 899 563 1
532 395 639 440 1
402 388 516 437 1
390 567 498 615 1
144 486 234 534 1
133 548 243 598 1
119 668 223 719 1
152 131 256 190 1
429 163 483 278 1
494 148 545 261 1
552 140 603 252 1
604 131 660 248 1
719 125 771 241 1
776 132 833 217 1
818 98 877 213 1
937 39 995 145 1
995 31 1050 139 1
1043 25 1101 131 1
1129 16 1194 125 1
1181 7 1243 119 1
1225 5 1279 105 1
