671 517 747 554 1
666 474 733 510 1
666 433 746 469 1
749 425 824 463 1
668 395 735 428 1
752 387 833 423 1
754 341 833 383 1
660 346 740 387 1
756 302 829 337 1
654 303 743 341 1
665 266 743 304 1
750 262 825 298 1
927 343 1008 381 1
921 306 990 340 1
917 261 998 301 1
913 221 988 258 1
474 189 555 227 1
479 230 553 267 1
473 269 557 306 1
482 310 560 347 1
475 353 559 389 1
484 395 565 432 1
473 439 561 475 1
478 478 559 515 1
484 523 562 560 1
401 523 479 563 1
390 479 470 519 1
388 440 470 478 1
396 396 474 434 1
383 355 462 395 1
384 315 462 353 1
388 273 461 313 1
391 234 468 272 1
390 194 460 233 1
215 226 297 262 1
208 341 282 378 1
211 399 291 435 1
209 465 298 499 1
204 523 290 562 1
211 582 299 622 1
215 639 304 682 1
658 224 737 262 1
743 220 826 259 1
746 183 823 219 1
655 182 734 222 1
742 144 824 181 1
657 144 738 181 1
661 105 734 146 1
749 101 823 139 1
745 67 814 101 1
652 65 732 103 1
920 184 997 220 1
919 143 993 181 1
915 102 989 143 1
909 63 979 101 1
905 25 987 60 1
739 27 815 63 1
653 26 725 67 1
209 113 296 150 1
211 162 292 201 1
256 704 304 719 1
362 688 397 719 1
422 692 458 719 1
531 684 571 719 1
650 677 687 719 1
707 669 748 719 1
767 677 803 719 1
827 656 864 719 1
857 232 896 312 1
736 0 814 24 1
903 0 975 22 1
649 0 727 26 1
478 0 553 31 1
385 0 464 36 1
481 31 555 69 1
391 34 466 74 1
472 71 553 107 1
391 74 462 112 1
309 0 348 38 1
210 0 297 36 1
205 38 289 72 1
203 73 286 109 1
386 113 462 151 1
385 152 463 193 1
479 150 554 188 1
471 108 554 146 1
