593 347 661 416 1
624 432 689 497 1
567 378 630 442 1
536 402 604 468 1
514 430 575 495 1
460 217 525 279 1
439 252 505 320 1
408 276 478 346 1
381 309 451 377 1
354 336 425 405 1
323 363 397 436 1
601 462 668 531 1
578 495 641 557 1
483 461 551 530 1
455 490 525 562 1
938 519 1001 588 1
962 487 1022 552 1
988 455 1048 514 1
1014 426 1069 484 1
953 370 1016 435 1
931 401 996 463 1
907 429 970 495 1
875 455 946 527 1
2 192 83 268 1
462 0 514 27 1
419 0 487 54 1
383 4 450 72 1
355 38 426 105 1
329 62 396 131 1
295 90 364 157 1
267 121 335 187 1
486 180 554 247 1
515 155 582 221 1
550 136 614 201 1
576 108 642 168 1
601 75 673 142 1
629 48 699 118 1
852 60 922 130 1
884 35 951 101 1
913 15 982 77 1
935 0 1001 52 1
913 101 983 172 1
943 133 1007 192 1
974 157 1034 218 1
1000 185 1064 241 1
1026 209 1089 272 1
1051 230 1124 302 1
1086 258 1146 331 1
1107 290 1170 350 1
1126 322 1188 381 1
1152 347 1214 408 1
1180 360 1244 430 1
1211 387 1279 456 1
1213 471 1279 539 1
1189 505 1252 562 1
1165 529 1232 594 1
1129 552 1197 615 1
1108 583 1178 649 1
1081 610 1146 671 1
1057 634 1122 694 1
1027 661 1094 719 1
1007 693 1057 719 1
846 480 915 549 1
911 551 974 614 1
818 507 885 571 1
861 611 923 673 1
835 640 902 706 1
807 668 869 719 1
800 550 862 610 1
765 572 829 636 1
741 602 800 655 1
710 623 772 684 1
677 651 745 718 1
654 683 715 719 1
630 707 659 719 1
655 404 724 472 1
688 383 751 445 1
715 348 783 416 1
741 320 804 384 1
771 294 836 361 1
794 266 861 331 1
823 238 890 303 1
757 173 823 237 1
737 207 803 269 1
709 232 776 299 1
674 257 741 322 1
654 288 720 356 1
624 317 690 383 1
434 521 502 587 1
552 526 615 587 1
521 551 591 621 1
495 581 562 649 1
467 611 534 677 1
404 552 472 620 1
378 578 444 642 1
439 640 504 706 1
413 670 485 719 1
393 700 431 719 1
351 607 420 674 1
332 639 397 705 1
292 664 361 719 1
272 694 317 719 1
300 396 365 465 1
273 426 341 492 1
246 453 317 523 1
217 479 287 551 1
196 513 261 575 1
168 539 232 602 1
136 563 202 628 1
99 582 166 643 1
73 620 146 685 1
49 653 124 716 1
16 681 87 719 1
220 183 288 246 1
208 223 269 284 1
160 240 235 309 1
149 275 213 341 1
109 293 178 359 1
76 322 158 396 1
49 355 126 426 1
30 391 104 452 1
0 413 73 476 1
0 448 39 508 1
0 510 12 534 1
