629 390 708 425 1
633 347 710 384 1
827 430 894 462 1
915 471 987 505 1
918 547 996 582 1
624 271 706 305 1
630 228 710 267 1
638 311 704 346 1
543 312 628 353 1
544 355 616 388 1
542 393 620 430 1
548 432 623 468 1
634 428 713 464 1
634 468 712 506 1
637 509 714 548 1
545 472 619 507 1
541 268 621 306 1
547 515 623 551 1
550 555 629 590 1
555 596 634 632 1
653 590 725 624 1
645 553 721 588 1
651 629 724 669 1
555 635 630 673 1
555 676 629 710 1
822 473 903 508 1
825 511 905 548 1
824 551 903 586 1
832 592 912 628 1
926 585 999 621 1
923 624 1006 663 1
835 631 914 671 1
836 672 914 708 1
919 668 991 704 1
920 705 1001 719 1
836 709 913 719 1
659 708 732 719 1
1106 691 1188 719 1
1104 655 1184 691 1
1109 614 1191 653 1
1108 576 1184 612 1
1097 537 1181 573 1
1102 498 1184 534 1
1103 456 1174 494 1
1093 383 1160 418 1
1090 344 1165 381 1
905 316 977 354 1
816 324 897 359 1
827 276 900 313 1
911 277 977 312 1
1086 296 1164 338 1
1082 262 1164 297 1
1081 223 1158 261 1
1082 183 1153 223 1
1080 143 1158 182 1
1079 109 1156 143 1
1075 68 1157 109 1
1071 33 1150 71 1
1078 0 1148 31 1
889 3 963 41 1
895 41 971 82 1
898 82 972 118 1
900 118 980 153 1
908 156 983 194 1
909 194 986 231 1
907 234 985 270 1
819 237 898 274 1
816 198 886 234 1
818 158 893 194 1
820 115 891 152 1
815 78 889 114 1
810 42 887 78 1
797 6 868 44 1
628 2 699 39 1
628 39 696 74 1
628 74 708 112 1
634 113 707 151 1
632 151 708 188 1
634 190 708 226 1
552 191 616 231 1
539 232 613 268 1
537 154 618 191 1
550 120 620 153 1
542 78 611 117 1
535 39 609 77 1
533 0 607 38 1
354 11 428 48 1
357 49 428 82 1
355 86 422 121 1
357 123 432 160 1
363 164 435 197 1
365 202 431 237 1
356 237 434 274 1
310 183 345 257 1
355 279 433 312 1
366 319 443 348 1
316 265 348 339 1
356 359 430 392 1
360 399 435 434 1
271 359 341 392 1
272 399 350 436 1
276 444 339 475 1
269 479 348 515 1
357 439 431 474 1
356 480 427 513 1
355 521 427 553 1
362 560 438 594 1
354 601 431 638 1
365 640 441 675 1
369 680 443 718 1
269 679 348 719 1
271 640 347 674 1
270 600 345 637 1
271 558 345 595 1
266 521 339 554 1
132 681 174 719 1
134 584 174 666 1
134 485 171 560 1
134 399 172 476 1
131 313 168 386 1
