1201 296 1279 384 1
1068 177 1163 270 1
1026 154 1109 232 1
985 99 1081 182 1
949 52 1038 141 1
909 17 988 104 1
1221 0 1279 45 1
894 447 983 486 1
888 504 997 545 1
775 394 883 432 1
771 444 873 487 1
763 495 871 538 1
763 550 874 591 1
762 599 881 638 1
773 646 883 695 1
536 431 637 483 1
536 531 640 586 1
542 581 652 635 1
572 634 657 686 1
550 689 661 719 1
432 608 534 659 1
430 559 530 610 1
413 400 524 457 1
515 278 625 326 1
514 192 609 246 1
498 145 603 195 1
393 99 493 150 1
392 196 489 252 1
165 67 268 114 1
163 119 273 172 1
61 72 156 126 1
171 216 282 271 1
188 270 290 321 1
190 372 297 427 1
195 417 293 475 1
204 518 312 573 1
205 574 314 624 1
214 667 331 719 1
102 630 207 686 1
120 681 211 719 1
