728 116 786 244 1
664 109 720 235 1
399 445 458 577 1
605 100 658 226 1
786 480 837 605 1
723 449 771 574 1
653 455 706 577 1
594 448 643 570 1
469 446 521 566 1
846 480 905 605 1
968 476 1027 602 1
1030 479 1081 583 1
1086 470 1151 585 1
1145 475 1207 593 1
1211 464 1273 585 1
1206 121 1271 255 1
1147 138 1207 254 1
1087 145 1142 259 1
1030 138 1085 254 1
975 138 1030 246 1
410 103 463 210 1
349 104 404 221 1
277 105 335 221 1
218 95 281 216 1
96 103 160 212 1
0 98 44 207 1
336 455 393 561 1
275 459 334 583 1
211 452 269 568 1
139 445 207 575 1
84 445 148 572 1
24 451 85 570 1
0 444 27 564 1
917 122 969 244 1
858 117 909 231 1
796 93 850 220 1
