711 126 747 209 1
710 223 744 302 1
699 357 737 434 1
693 465 725 527 1
696 535 732 614 1
479 381 561 420 1
491 430 569 467 1
496 473 571 504 1
486 507 560 544 1
480 548 551 587 1
470 590 544 628 1
482 632 551 666 1
499 672 558 708 1
396 326 474 365 1
280 180 359 219 1
172 209 247 256 1
170 252 253 302 1
171 296 244 351 1
151 339 236 390 1
156 385 236 444 1
150 436 233 484 1
154 482 231 530 1
153 526 234 578 1
144 574 228 623 1
149 624 233 672 1
144 673 226 717 1
323 414 402 458 1
325 462 397 502 1
298 505 381 550 1
313 547 384 590 1
307 663 382 708 1
