625 235 659 303 1
664 232 701 306 1
673 514 709 589 1
714 514 752 591 1
673 424 707 490 1
712 421 746 498 1
753 421 788 498 1
792 418 827 499 1
417 0 451 23 1
371 0 417 40 1
620 135 654 212 1
577 136 613 211 1
585 232 618 311 1
538 141 573 216 1
539 233 574 313 1
497 145 532 219 1
498 234 535 314 1
453 146 490 225 1
415 148 451 223 1
632 424 667 499 1
635 512 668 589 1
587 428 624 507 1
590 514 629 591 1
544 425 584 508 1
548 518 588 597 1
506 432 542 505 1
788 227 825 304 1
748 232 781 295 1
704 233 741 314 1
660 143 693 206 1
704 139 739 220 1
745 139 779 217 1
784 147 817 220 1
333 146 369 221 1
376 142 412 224 1
419 243 452 319 1
457 241 495 323 1
377 238 414 318 1
335 0 369 36 1
623 0 655 22 1
581 0 615 33 1
539 0 575 31 1
499 0 536 33 1
457 0 492 33 1
661 0 694 19 1
700 0 733 24 1
739 0 772 15 1
776 0 811 18 1
819 0 852 22 1
855 0 891 27 1
894 0 931 32 1
930 0 968 41 1
970 0 1005 37 1
1007 0 1043 36 1
1082 0 1116 38 1
1044 0 1082 39 1
1231 0 1273 38 1
293 0 332 37 1
256 0 290 39 1
211 0 250 44 1
170 0 211 47 1
132 0 169 39 1
84 0 130 55 1
93 158 133 239 1
49 153 91 232 1
134 169 170 248 1
171 157 209 240 1
209 157 249 235 1
250 156 289 233 1
292 159 329 225 1
337 240 374 317 1
294 242 332 323 1
255 251 292 330 1
213 252 252 331 1
175 250 210 329 1
129 255 170 333 1
94 269 129 334 1
51 259 95 336 1
512 521 546 594 1
754 510 789 576 1
794 509 829 582 1
831 509 866 581 1
830 426 862 492 1
866 415 903 488 1
870 508 906 586 1
911 501 946 575 1
948 502 981 574 1
981 492 1015 565 1
1017 500 1053 575 1
1060 494 1094 566 1
1096 496 1130 565 1
1092 408 1128 482 1
1053 411 1092 486 1
1018 414 1054 491 1
981 417 1017 487 1
945 405 982 480 1
904 411 943 489 1
826 223 861 297 1
824 129 861 210 1
899 140 935 217 1
861 140 897 209 1
936 140 973 213 1
974 130 1008 199 1
1008 126 1044 199 1
1045 128 1082 205 1
1084 129 1120 201 1
866 225 900 303 1
903 228 939 301 1
940 229 975 307 1
976 226 1014 297 1
1014 224 1048 288 1
1049 222 1086 294 1
1085 230 1122 297 1
1239 139 1279 213 1
1240 226 1279 301 1
1242 405 1279 473 1
1240 478 1279 559 1
1253 672 1279 719 1
1217 668 1260 719 1
1183 682 1217 719 1
1091 685 1128 719 1
1054 684 1091 719 1
1014 690 1052 719 1
979 688 1018 719 1
949 697 979 719 1
910 694 943 719 1
869 696 906 719 1
833 701 867 719 1
794 703 828 719 1
754 705 787 719 1
719 707 748 719 1
679 709 709 719 1
641 710 669 719 1
602 710 630 719 1
520 712 549 719 1
462 431 500 511 1
467 525 506 602 1
425 433 460 510 1
429 529 464 601 1
379 431 417 511 1
387 529 422 595 1
342 441 377 524 1
348 529 383 608 1
302 441 339 525 1
310 530 345 595 1
265 440 302 520 1
222 442 263 524 1
180 445 218 526 1
266 530 308 610 1
227 537 266 609 1
187 538 223 618 1
142 441 179 520 1
148 536 185 617 1
95 441 137 520 1
55 453 96 533 1
101 534 144 615 1
60 539 100 618 1
