1087 452 1178 537 1
773 647 881 694 1
781 587 870 634 1
660 534 763 579 1
658 587 759 633 1
645 639 753 689 1
646 691 757 719 1
408 574 519 631 1
294 542 405 599 1
414 676 521 719 1
307 698 407 719 1
70 660 191 713 1
63 560 170 614 1
52 507 174 564 1
61 403 167 458 1
42 351 158 402 1
32 255 146 301 1
40 199 149 247 1
0 204 31 249 1
268 234 374 281 1
267 336 371 388 1
376 290 486 329 1
391 334 493 388 1
394 413 509 465 1
987 371 1082 451 1
957 318 1051 410 1
835 198 922 272 1
795 159 877 235 1
766 110 848 189 1
1185 179 1279 276 1
1240 238 1279 316 1
1232 334 1279 402 1
1243 10 1279 122 1
1160 135 1254 226 1
1116 83 1218 184 1
1065 50 1181 153 1
1016 9 1130 108 1
987 0 1081 55 1
