837 343 881 411 1
796 363 849 439 1
756 374 806 453 1
715 372 766 449 1
677 379 726 458 1
642 400 688 468 1
598 404 639 468 1
560 410 609 491 1
515 429 566 496 1
482 447 533 526 1
448 462 495 536 1
405 463 452 543 1
360 477 407 552 1
316 485 370 565 1
274 500 326 578 1
229 513 286 597 1
188 532 246 613 1
144 543 203 625 1
105 567 159 638 1
55 564 120 652 1
6 575 69 658 1
825 576 876 660 1
779 580 830 661 1
747 599 794 676 1
704 607 755 687 1
668 626 719 703 1
633 642 683 719 1
590 652 641 719 1
546 661 595 719 1
505 673 549 719 1
466 686 507 719 1
808 652 875 704 1
731 674 800 719 1
