1029 160 1107 226 1
1008 199 1082 264 1
996 232 1065 297 1
972 263 1041 327 1
946 295 1021 361 1
923 321 991 384 1
897 345 963 408 1
890 398 963 461 1
844 408 911 471 1
829 455 906 523 1
802 487 879 553 1
777 521 841 576 1
748 546 815 608 1
724 580 797 648 1
698 614 769 675 1
671 644 749 713 1
650 679 715 719 1
845 104 919 166 1
811 133 882 198 1
794 163 861 225 1
763 192 835 255 1
742 223 812 288 1
720 259 792 323 1
697 290 761 350 1
667 318 734 380 1
636 352 708 414 1
615 385 688 447 1
590 418 665 485 1
560 446 632 513 1
532 477 607 545 1
507 514 578 580 1
476 548 556 617 1
448 574 528 647 1
418 607 498 679 1
387 641 459 707 1
360 679 434 719 1
671 0 742 45 1
638 0 704 60 1
613 28 680 90 1
596 59 658 119 1
559 87 619 144 1
534 115 605 173 1
509 148 574 201 1
493 181 562 240 1
469 214 538 275 1
437 239 508 301 1
409 271 475 333 1
380 299 453 366 1
354 331 422 400 1
325 366 398 434 1
299 400 377 466 1
274 433 346 500 1
258 473 320 532 1
209 495 296 562 1
178 528 263 596 1
153 564 231 626 1
125 600 210 669 1
92 634 176 699 1
62 667 144 719 1
26 691 89 719 1
879 160 939 223 1
832 218 892 279 1
785 280 849 353 1
728 349 800 423 1
676 416 739 488 1
631 482 686 543 1
576 538 640 614 1
523 608 589 681 1
476 675 535 719 1
