1092 428 1183 512 1
1237 306 1279 384 1
786 573 878 614 1
781 626 891 676 1
661 513 769 561 1
666 567 762 613 1
651 621 762 667 1
649 674 765 719 1
422 657 527 713 1
313 683 417 719 1
419 554 526 612 1
309 525 413 586 1
73 548 183 605 1
83 647 202 701 1
63 491 184 547 1
68 393 181 447 1
50 338 174 390 1
41 241 156 289 1
48 181 157 234 1
0 192 40 240 1
276 222 382 268 1
276 320 381 368 1
382 268 495 320 1
398 319 504 372 1
402 400 514 451 1
997 352 1086 441 1
962 300 1052 387 1
920 265 1003 344 1
892 220 972 303 1
837 174 927 261 1
800 144 880 226 1
762 96 848 173 1
1235 216 1279 293 1
1184 158 1279 258 1
1158 115 1259 203 1
1116 66 1219 165 1
1070 30 1182 134 1
1021 0 1132 96 1
992 0 1063 42 1
1242 0 1279 98 1
80 698 197 719 1
