700 122 767 188 1
645 176 706 241 1
478 79 550 147 1
416 15 484 80 1
279 286 351 355 1
813 408 874 472 1
869 463 941 535 1
336 231 404 298 1
357 197 431 265 1
296 131 364 198 1
209 215 278 284 1
184 248 251 315 1
217 342 290 411 1
453 352 524 427 1
524 422 591 491 1
496 454 553 515 1
469 484 534 547 1
400 414 460 478 1
378 450 444 517 1
443 514 515 581 1
417 542 483 604 1
675 148 739 215 1
507 43 572 107 1
539 21 605 89 1
98 100 174 169 1
194 368 257 436 1
155 278 226 346 1
759 592 821 657 1
729 619 794 681 1
641 588 709 660 1
559 397 620 461 1
427 380 492 448 1
357 593 421 658 1
386 568 456 634 1
289 524 359 598 1
327 506 382 566 1
354 475 421 546 1
239 184 302 252 1
267 154 333 224 1
244 317 321 388 1
309 255 374 325 1
697 528 762 594 1
665 559 735 629 1
611 620 673 685 1
619 205 687 272 1
683 268 752 338 1
723 249 782 311 1
771 188 833 249 1
801 162 861 223 1
821 133 886 196 1
901 438 968 504 1
843 381 909 447 1
28 162 106 233 1
0 239 33 297 1
283 40 349 102 1
439 0 504 44 1
485 0 539 21 1
600 0 653 26 1
568 0 634 56 1
587 235 648 299 1
496 225 568 295 1
145 534 217 597 1
483 323 552 393 1
332 623 400 689 1
272 568 336 638 1
242 590 308 660 1
214 620 282 687 1
307 657 366 715 1
280 682 335 719 1
182 653 243 712 1
150 675 212 719 1
122 704 165 719 1
131 303 188 369 1
162 393 225 459 1
98 332 160 396 1
69 360 127 418 1
37 384 108 453 1
132 421 192 486 1
100 447 166 513 1
9 412 68 471 1
76 480 143 549 1
45 506 108 573 1
0 443 50 513 1
0 499 21 539 1
20 538 85 601 1
0 571 62 643 1
0 620 32 672 1
731 97 799 164 1
755 67 820 134 1
778 41 848 104 1
805 13 870 73 1
833 0 900 51 1
870 0 922 28 1
1017 0 1050 16 1
975 0 1029 38 1
945 0 1008 64 1
917 20 982 88 1
895 47 957 113 1
868 71 934 132 1
841 99 911 165 1
862 240 930 291 1
893 323 962 390 1
924 407 988 471 1
955 387 1025 452 1
703 650 771 715 1
667 672 731 719 1
646 703 680 719 1
577 636 643 703 1
551 670 621 719 1
523 702 563 719 1
920 294 986 363 1
940 262 1005 326 1
968 236 1033 301 1
989 208 1057 276 1
1020 182 1080 242 1
1091 242 1146 306 1
1055 271 1112 338 1
1031 297 1093 368 1
1006 326 1071 391 1
985 357 1045 418 1
1080 110 1152 180 1
1179 144 1232 202 1
1200 115 1268 180 1
1226 89 1279 159 1
1253 69 1279 113 1
1219 0 1279 38 1
1190 8 1257 69 1
1162 31 1223 89 1
1136 60 1207 124 1
1118 88 1184 153 1
1250 320 1279 369 1
1228 347 1279 404 1
1185 401 1247 461 1
1157 429 1226 496 1
1128 451 1198 520 1
1109 484 1172 547 1
1086 511 1153 575 1
1056 536 1121 599 1
1034 563 1098 627 1
1010 596 1077 661 1
982 621 1049 692 1
962 656 1024 719 1
