777 112 817 196 1
777 211 813 292 1
764 351 806 429 1
759 460 797 526 1
760 531 801 612 1
543 373 624 412 1
554 420 632 460 1
558 463 635 504 1
546 506 623 544 1
544 545 615 584 1
531 589 610 628 1
543 633 615 669 1
559 673 623 709 1
454 314 534 353 1
377 403 459 455 1
383 456 453 501 1
366 496 447 549 1
365 546 442 592 1
362 663 439 712 1
203 521 288 577 1
195 568 281 624 1
203 619 286 674 1
196 666 275 717 1
212 479 284 529 1
202 428 283 480 1
211 377 289 441 1
206 326 290 387 1
222 283 297 343 1
224 234 306 291 1
223 193 302 242 1
335 164 418 202 1
