766 653 839 690 1
572 567 649 599 1
304 695 382 719 1
569 526 648 562 1
293 612 370 650 1
300 577 370 610 1
851 567 928 600 1
849 607 928 642 1
852 649 918 684 1
763 530 835 566 1
247 554 282 629 1
255 641 286 713 1
299 537 371 568 1
292 494 367 531 1
290 454 359 490 1
292 418 362 451 1
469 368 544 406 1
568 367 639 403 1
567 407 636 439 1
471 408 547 448 1
478 449 547 483 1
565 443 646 480 1
293 655 371 685 1
758 450 832 486 1
761 487 832 521 1
474 530 556 565 1
575 688 642 719 1
480 691 567 719 1
478 647 560 685 1
563 650 645 686 1
567 605 649 642 1
476 611 552 645 1
488 568 555 604 1
570 488 647 523 1
487 494 557 527 1
843 409 918 444 1
841 450 920 486 1
846 489 925 520 1
851 527 928 563 1
759 612 840 647 1
757 574 830 605 1
470 332 538 367 1
830 285 909 321 1
742 291 810 324 1
746 253 809 288 1
827 248 902 284 1
559 323 634 361 1
550 286 632 320 1
466 291 545 325 1
472 250 548 283 1
556 244 634 279 1
554 206 636 242 1
460 171 535 210 1
470 214 547 246 1
62 678 103 719 1
134 245 208 279 1
128 206 201 242 1
115 0 172 19 1
301 26 376 63 1
299 64 369 101 1
291 297 366 330 1
303 253 367 289 1
293 216 376 254 1
284 177 357 214 1
299 144 373 179 1
299 103 359 143 1
287 335 371 368 1
287 374 362 409 1
755 412 835 446 1
841 366 915 405 1
837 327 899 363 1
563 166 635 199 1
744 212 812 245 1
823 208 895 244 1
735 172 816 208 1
823 168 900 205 1
826 130 905 168 1
733 132 812 169 1
739 94 819 132 1
824 93 894 130 1
821 53 894 88 1
741 56 803 94 1
825 18 886 54 1
737 18 810 58 1
558 0 636 16 1
466 0 537 21 1
470 22 539 58 1
557 15 632 52 1
558 54 634 90 1
467 58 541 89 1
556 93 632 125 1
561 130 635 165 1
478 129 552 168 1
466 93 541 127 1
734 0 807 16 1
814 0 886 19 1
1005 0 1078 14 1
1014 13 1070 49 1
1008 51 1087 87 1
1010 92 1088 127 1
999 129 1079 165 1
1004 165 1077 203 1
1006 202 1082 234 1
1022 242 1084 276 1
1018 283 1095 315 1
1028 320 1106 354 1
1032 357 1103 393 1
1026 395 1105 429 1
1028 433 1109 471 1
1030 475 1108 511 1
1031 513 1109 551 1
1032 553 1106 589 1
1029 591 1105 625 1
1028 630 1110 665 1
1033 668 1113 707 1
844 689 920 719 1
758 698 836 719 1
1036 711 1108 719 1
747 329 820 367 1
744 373 820 408 1
