777 0 851 23 1
656 0 688 20 1
663 26 699 108 1
568 0 645 23 1
573 29 649 67 1
580 70 657 108 1
578 114 652 150 1
578 155 651 190 1
576 234 659 272 1
340 0 411 30 1
329 42 400 74 1
329 80 411 115 1
334 121 403 160 1
345 160 425 198 1
349 200 426 240 1
346 245 423 280 1
343 287 419 323 1
675 361 708 440 1
669 114 702 197 1
669 204 702 285 1
674 292 704 356 1
586 280 666 314 1
577 199 656 232 1
793 314 869 347 1
795 393 872 431 1
798 435 875 469 1
346 374 424 411 1
346 416 429 451 1
354 455 437 495 1
356 499 435 536 1
372 537 438 573 1
679 443 713 522 1
579 360 659 400 1
580 321 661 359 1
585 403 661 445 1
585 443 668 484 1
584 484 667 523 1
581 525 664 564 1
803 553 883 589 1
811 472 885 508 1
805 512 881 551 1
793 152 876 188 1
795 193 871 229 1
795 236 862 269 1
790 276 860 307 1
796 354 866 388 1
774 25 848 61 1
353 576 440 623 1
583 574 659 609 1
802 69 882 104 1
776 108 846 145 1
683 528 720 609 1
587 614 664 651 1
351 622 440 662 1
806 596 889 635 1
341 330 423 365 1
806 638 883 674 1
685 618 724 694 1
593 651 671 694 1
802 673 883 714 1
359 663 434 699 1
366 703 449 719 1
603 695 678 719 1
