854 674 920 710 1
850 635 926 672 1
850 593 931 629 1
939 593 1001 629 1
287 604 366 639 1
658 400 738 436 1
378 646 458 682 1
290 529 360 563 1
290 567 353 599 1
371 604 444 639 1
1126 591 1200 625 1
1128 550 1207 585 1
1120 470 1200 506 1
930 431 1007 467 1
932 397 1004 431 1
837 395 913 430 1
842 435 921 473 1
650 280 724 317 1
655 359 727 398 1
653 321 717 357 1
942 630 1017 667 1
941 673 1015 709 1
938 515 1009 548 1
938 552 1011 586 1
285 367 362 402 1
290 407 362 441 1
294 444 367 481 1
668 605 731 636 1
661 561 738 595 1
656 522 729 556 1
659 481 736 514 1
659 439 734 474 1
859 521 924 556 1
849 559 928 595 1
657 242 724 278 1
550 284 632 318 1
548 323 626 359 1
557 363 629 399 1
564 405 643 439 1
568 442 647 477 1
572 483 637 516 1
560 522 642 558 1
578 567 655 601 1
573 604 650 639 1
576 647 658 682 1
846 362 919 395 1
923 358 995 392 1
932 318 1007 352 1
843 315 924 354 1
927 276 997 312 1
928 235 996 275 1
841 281 919 314 1
847 481 922 514 1
666 643 748 681 1
1132 665 1222 703 1
1132 627 1207 664 1
1127 511 1214 546 1
551 241 630 279 1
576 689 640 719 1
666 685 738 718 1
939 710 1009 719 1
855 711 922 719 1
1135 707 1215 719 1
1120 430 1202 465 1
1123 391 1200 424 1
1117 356 1194 387 1
1116 317 1197 354 1
1112 277 1188 315 1
1113 238 1184 275 1
840 238 917 273 1
501 325 541 403 1
468 532 505 612 1
377 686 453 719 1
288 685 367 719 1
284 643 349 679 1
374 568 447 601 1
374 525 448 560 1
379 483 452 518 1
289 486 358 523 1
380 442 458 478 1
382 405 466 441 1
378 361 460 397 1
383 321 460 356 1
282 322 358 359 1
282 281 359 318 1
381 283 460 318 1
374 239 455 279 1
286 244 364 277 1
147 337 189 417 1
147 431 185 509 1
152 534 188 613 1
147 629 188 713 1
1109 145 1182 181 1
1097 108 1177 144 1
1099 69 1175 106 1
1089 30 1167 67 1
1083 0 1162 32 1
905 0 979 36 1
911 35 990 72 1
907 74 991 113 1
832 76 900 111 1
832 37 907 74 1
829 0 904 36 1
659 32 730 68 1
648 68 728 109 1
560 69 637 111 1
558 31 635 67 1
559 0 629 31 1
377 4 453 38 1
369 41 446 76 1
378 79 456 118 1
288 80 366 120 1
280 41 354 80 1
281 3 357 39 1
147 10 188 84 1
153 93 192 171 1
