806 86 924 139 1
945 90 1052 145 1
949 148 1055 202 1
958 207 1059 257 1
962 316 1063 362 1
829 265 931 312 1
818 387 933 435 1
1110 324 1193 430 1
1179 55 1279 106 1
1180 111 1279 160 1
1180 164 1279 211 1
1193 215 1279 261 1
1190 309 1279 359 1
1185 360 1279 411 1
1187 413 1279 462 1
1185 467 1279 512 1
1190 564 1279 619 1
1194 666 1279 719 1
559 150 666 195 1
429 141 543 195 1
415 323 526 372 1
551 502 665 546 1
168 252 257 298 1
154 315 263 362 1
141 438 248 484 1
144 499 253 545 1
144 668 242 719 1
457 0 507 45 1
526 0 568 30 1
585 0 625 13 1
639 0 681 12 1
