666 111 723 234 1
543 119 595 227 1
528 471 581 599 1
468 472 520 597 1
407 468 461 588 1
589 468 644 604 1
662 477 711 594 1
726 485 784 611 1
791 479 842 583 1
850 470 907 602 1
915 475 968 591 1
1033 473 1089 592 1
1090 481 1145 598 1
1151 475 1211 594 1
1207 506 1275 628 1
335 462 392 576 1
275 455 332 570 1
214 446 273 562 1
152 443 211 563 1
82 434 152 563 1
25 448 90 562 1
0 439 35 563 1
422 112 473 219 1
355 112 415 240 1
233 114 293 232 1
167 122 231 243 1
99 108 170 226 1
47 92 113 210 1
0 78 48 200 1
730 125 781 244 1
801 130 852 245 1
858 130 912 238 1
1038 135 1097 258 1
1098 144 1158 266 1
1157 154 1215 280 1
1219 132 1279 255 1
