527 306 641 361 1
523 241 645 297 1
407 416 513 464 1
506 521 623 575 1
399 238 516 288 1
385 293 514 347 1
395 358 509 409 1
760 259 873 308 1
760 315 867 366 1
937 500 1036 595 1
749 480 859 531 1
522 464 637 521 1
532 409 626 461 1
516 359 634 411 1
371 568 499 624 1
522 575 615 625 1
764 533 859 578 1
747 582 856 633 1
134 613 256 663 1
381 624 499 679 1
506 628 609 679 1
735 631 853 679 1
148 555 269 607 1
161 506 270 554 1
158 455 272 504 1
159 400 278 454 1
160 290 286 337 1
165 234 291 280 1
45 227 171 274 1
46 282 165 329 1
46 345 158 390 1
157 352 266 393 1
140 667 265 719 1
2 659 135 719 1
377 679 493 719 1
497 682 623 719 1
736 684 858 719 1
978 665 1042 719 1
943 576 1035 655 1
950 234 1049 331 1
966 326 1052 408 1
961 390 1042 465 1
938 440 1035 526 1
754 372 858 420 1
740 421 845 473 1
881 0 988 51 1
762 0 870 32 1
535 0 650 28 1
421 0 528 20 1
