717 170 775 229 1
689 197 758 269 1
634 254 692 314 1
481 277 546 342 1
574 311 640 381 1
545 337 614 408 1
327 168 390 234 1
426 333 488 400 1
463 422 529 490 1
493 402 557 466 1
767 383 834 449 1
378 110 444 177 1
236 253 307 323 1
436 455 502 522 1
288 479 355 549 1
213 286 278 352 1
406 483 474 553 1
394 357 464 427 1
453 304 518 374 1
521 372 590 443 1
383 517 451 583 1
259 507 328 579 1
241 540 308 609 1
205 559 277 632 1
652 503 724 572 1
685 475 750 537 1
710 442 781 511 1
775 504 843 572 1
803 472 868 543 1
628 530 694 594 1
595 558 664 627 1
162 346 223 408 1
128 375 202 437 1
88 274 152 339 1
117 251 186 319 1
178 192 242 258 1
203 161 263 224 1
230 134 298 202 1
261 108 323 176 1
351 145 418 205 1
60 302 133 374 1
92 393 166 461 1
190 316 246 378 1
266 221 340 300 1
291 190 354 257 1
145 221 212 287 1
604 279 671 346 1
661 224 724 288 1
325 570 393 640 1
357 545 425 616 1
346 425 406 487 1
315 450 382 519 1
366 389 430 455 1
829 442 893 509 1
798 356 856 413 1
739 416 809 481 1
722 565 788 631 1
749 533 810 596 1
967 588 1030 649 1
34 333 104 404 1
9 367 79 439 1
72 430 146 500 1
0 395 50 467 1
0 527 27 570 1
0 594 26 649 1
0 658 27 707 1
60 666 111 719 1
169 585 243 658 1
243 658 316 719 1
282 641 342 697 1
298 604 367 673 1
351 692 400 719 1
0 160 39 220 1
32 99 103 164 1
98 31 175 100 1
165 0 229 38 1
286 80 351 141 1
318 54 387 119 1
345 23 414 90 1
371 0 432 54 1
407 0 464 32 1
409 86 475 152 1
436 53 497 116 1
459 26 524 90 1
488 0 554 68 1
519 0 577 31 1
509 245 572 308 1
534 214 601 278 1
562 184 626 249 1
594 165 652 220 1
624 132 693 199 1
652 103 719 174 1
683 84 750 149 1
701 42 771 114 1
736 27 793 86 1
760 1 827 67 1
787 0 853 37 1
870 11 933 72 1
744 137 809 205 1
764 111 828 171 1
797 83 860 151 1
822 59 886 124 1
848 35 914 104 1
894 0 948 42 1
939 0 983 21 1
1230 5 1279 77 1
1258 0 1279 16 1
1075 62 1140 120 1
1139 120 1194 182 1
1110 145 1171 206 1
576 595 641 664 1
546 619 618 693 1
520 646 586 716 1
491 675 553 719 1
465 705 502 719 1
585 702 620 719 1
612 679 675 719 1
639 651 703 719 1
666 624 723 684 1
695 596 756 659 1
819 327 886 391 1
855 419 921 482 1
885 391 949 456 1
908 362 965 420 1
849 300 917 367 1
873 274 942 340 1
902 254 960 314 1
922 219 986 282 1
935 332 997 396 1
962 309 1023 372 1
946 191 1017 257 1
970 159 1038 222 1
1002 143 1065 203 1
1028 114 1095 180 1
1049 88 1117 150 1
1087 174 1149 242 1
1055 197 1117 260 1
1037 224 1097 288 1
1012 248 1075 315 1
1261 258 1279 296 1
1237 282 1279 338 1
1213 309 1279 376 1
1190 334 1255 397 1
1171 363 1236 427 1
1142 386 1210 455 1
1118 413 1186 480 1
1094 442 1166 512 1
1070 472 1136 539 1
1042 501 1102 563 1
1017 527 1076 590 1
992 555 1066 626 1
941 612 1005 677 1
914 642 977 703 1
883 668 953 719 1
856 703 894 719 1
