595 278 641 384 1
515 148 558 246 1
460 148 504 237 1
408 132 456 230 1
360 133 403 239 1
301 141 351 243 1
252 141 300 232 1
206 152 247 230 1
152 136 200 234 1
100 131 150 231 1
55 140 100 229 1
372 361 437 462 1
315 349 379 461 1
215 363 275 458 1
163 372 225 462 1
57 351 126 452 1
46 546 123 642 1
105 548 178 643 1
170 541 243 640 1
215 560 288 653 1
335 560 408 657 1
401 562 477 663 1
465 578 529 663 1
514 574 591 680 1
589 559 658 653 1
643 565 708 653 1
701 580 761 671 1
618 12 725 64 1
267 355 328 452 1
10 362 76 450 1
283 559 351 651 1
3 133 52 226 1
