756 443 810 562 1
691 450 742 558 1
494 447 553 576 1
428 449 486 572 1
642 99 696 209 1
70 73 141 181 1
580 85 634 208 1
701 99 755 218 1
763 106 817 226 1
831 97 887 218 1
520 82 573 196 1
454 57 513 186 1
386 82 444 210 1
322 75 378 201 1
263 69 322 195 1
12 76 82 185 1
890 86 947 221 1
948 108 1008 232 1
1019 116 1071 227 1
1073 88 1134 204 1
1136 106 1208 229 1
1013 452 1074 574 1
951 448 1010 571 1
886 438 941 565 1
818 448 875 574 1
366 414 422 540 1
301 418 358 544 1
239 414 299 533 1
122 413 180 528 1
52 409 119 538 1
0 415 60 521 1
