1045 0 1123 32 1
1051 35 1119 71 1
1062 110 1132 146 1
1063 150 1142 187 1
1061 189 1141 225 1
1073 226 1146 261 1
1075 263 1155 299 1
1072 304 1147 337 1
1075 339 1151 374 1
1084 384 1159 414 1
1081 421 1163 456 1
1095 461 1168 493 1
1098 559 1170 592 1
1098 598 1175 634 1
1101 640 1183 676 1
1103 677 1181 710 1
906 569 978 604 1
904 608 980 646 1
912 647 989 686 1
815 575 893 610 1
818 616 895 653 1
821 654 905 691 1
822 697 898 719 1
902 690 978 719 1
625 589 694 625 1
617 628 696 665 1
624 672 690 707 1
627 707 698 719 1
517 675 595 709 1
515 635 599 672 1
514 592 597 630 1
329 592 412 636 1
338 637 419 676 1
340 678 421 717 1
234 683 311 717 1
233 638 311 678 1
233 600 317 635 1
88 701 132 719 1
79 439 123 522 1
70 348 114 429 1
71 250 115 332 1
69 147 109 225 1
67 59 109 142 1
61 0 103 49 1
126 0 175 52 1
215 15 290 54 1
216 56 298 95 1
223 98 290 134 1
214 133 296 175 1
210 175 285 216 1
217 217 290 252 1
215 257 293 295 1
215 297 295 335 1
216 340 293 379 1
216 382 293 420 1
226 427 307 463 1
322 422 405 461 1
312 377 389 414 1
317 337 396 374 1
314 293 390 329 1
303 251 382 289 1
311 211 387 248 1
304 171 377 208 1
302 132 378 169 1
305 90 382 129 1
308 50 385 91 1
308 15 382 48 1
319 0 397 17 1
499 6 570 43 1
587 0 666 38 1
584 40 666 76 1
496 41 574 82 1
502 83 580 115 1
590 77 668 113 1
589 112 668 153 1
497 118 576 157 1
501 160 579 199 1
593 153 671 196 1
603 197 680 236 1
504 202 584 240 1
511 242 590 280 1
610 235 687 272 1
611 275 686 315 1
510 283 590 326 1
513 326 587 361 1
513 366 597 402 1
622 362 697 397 1
612 403 694 444 1
515 408 599 445 1
782 76 852 111 1
771 0 843 17 1
876 75 953 110 1
875 118 950 154 1
781 118 862 155 1
787 160 865 192 1
879 157 956 191 1
787 197 863 234 1
883 193 960 228 1
890 233 963 269 1
794 237 875 275 1
799 280 883 317 1
892 273 972 309 1
886 315 960 350 1
795 318 876 360 1
807 360 887 395 1
891 354 970 390 1
887 397 973 432 1
806 404 880 438 1
