1122 654 1201 691 1
1114 615 1191 651 1
1125 571 1202 608 1
1005 418 1040 493 1
970 419 1003 496 1
929 412 963 487 1
895 409 929 481 1
853 403 890 484 1
814 406 850 486 1
570 362 646 397 1
1127 533 1198 566 1
563 321 643 358 1
560 277 635 312 1
571 242 639 276 1
372 315 448 351 1
370 354 445 391 1
376 396 444 431 1
372 437 446 474 1
661 686 734 718 1
369 273 445 312 1
372 237 441 274 1
385 197 458 234 1
386 158 461 195 1
569 129 640 163 1
565 166 645 203 1
575 204 648 237 1
559 402 640 437 1
558 442 640 482 1
563 87 636 126 1
379 120 455 156 1
550 46 626 86 1
210 69 280 105 1
198 144 274 180 1
202 106 274 142 1
189 182 278 219 1
198 221 275 254 1
200 259 274 292 1
192 298 269 332 1
385 44 455 81 1
382 83 455 121 1
571 15 650 46 1
561 0 631 16 1
387 8 458 45 1
217 0 298 30 1
219 30 291 64 1
695 412 728 487 1
655 419 687 497 1
1086 403 1124 484 1
1042 408 1076 488 1
774 408 809 482 1
736 410 767 483 1
1126 489 1207 525 1
1114 693 1190 719 1
936 689 1010 719 1
851 690 927 719 1
933 648 1004 684 1
852 649 926 686 1
934 610 998 642 1
847 610 925 645 1
659 606 736 640 1
655 648 730 682 1
573 643 645 678 1
563 604 639 638 1
569 682 644 719 1
387 677 458 713 1
381 638 461 672 1
383 600 460 635 1
190 694 267 719 1
189 653 268 686 1
183 612 261 648 1
181 575 262 607 1
182 538 265 572 1
175 498 264 534 1
188 457 259 490 1
196 412 269 447 1
198 373 275 406 1
