595 198 669 234 1
594 238 680 276 1
600 281 679 316 1
602 320 681 359 1
603 363 682 396 1
599 398 682 438 1
597 445 678 483 1
516 366 586 402 1
501 326 585 364 1
513 289 588 322 1
313 415 394 448 1
313 454 395 489 1
321 373 391 413 1
318 333 395 367 1
496 202 577 243 1
504 244 574 281 1
505 409 583 443 1
507 444 591 484 1
597 160 669 199 1
493 162 570 201 1
585 119 662 159 1
497 127 567 160 1
492 87 571 123 1
580 81 663 117 1
581 40 660 80 1
497 45 576 84 1
497 8 571 43 1
581 3 662 40 1
303 0 383 17 1
314 19 393 55 1
323 55 391 90 1
311 93 387 131 1
305 131 391 170 1
305 174 384 208 1
310 213 386 247 1
307 251 380 286 1
312 291 390 327 1
132 6 207 43 1
141 45 224 84 1
266 353 305 431 1
273 443 311 517 1
329 496 406 532 1
319 537 396 572 1
229 536 304 571 1
77 488 118 568 1
82 580 125 658 1
83 668 126 719 1
229 579 315 615 1
324 577 400 614 1
322 617 399 654 1
238 620 307 656 1
229 658 314 696 1
227 701 305 719 1
322 697 395 719 1
319 657 397 694 1
511 489 599 530 1
609 488 679 521 1
605 525 685 562 1
514 533 590 567 1
601 564 683 603 1
512 568 592 608 1
605 604 685 642 1
517 609 596 645 1
516 648 594 685 1
607 643 686 680 1
609 684 688 719 1
521 691 598 719 1
805 605 874 634 1
799 643 881 679 1
895 638 965 673 1
893 677 972 714 1
801 681 880 719 1
1078 698 1160 719 1
1083 659 1164 698 1
1081 620 1154 654 1
1076 546 1140 580 1
1073 507 1148 543 1
1065 461 1144 500 1
1062 426 1144 459 1
1063 387 1140 423 1
1065 344 1137 383 1
1062 306 1143 344 1
1062 269 1140 305 1
1055 227 1141 267 1
1052 192 1135 227 1
1059 154 1133 192 1
1054 118 1134 153 1
1042 80 1126 116 1
1047 42 1112 76 1
1032 0 1109 39 1
848 5 921 41 1
769 11 840 46 1
764 0 838 13 1
856 46 933 82 1
857 82 940 119 1
776 49 836 84 1
770 88 841 122 1
775 123 851 160 1
867 124 928 156 1
867 161 947 196 1
772 164 848 200 1
785 205 868 240 1
875 202 954 238 1
878 240 955 277 1
792 243 870 278 1
796 282 871 315 1
881 282 962 312 1
889 321 965 355 1
795 326 873 359 1
793 368 866 401 1
888 360 969 395 1
885 400 967 435 1
889 444 958 478 1
796 405 877 443 1
804 447 878 483 1
795 495 875 533 1
882 487 958 522 1
