772 356 838 423 1
739 382 800 447 1
641 216 706 281 1
802 330 867 389 1
827 301 892 364 1
571 152 642 220 1
554 190 613 246 1
616 246 679 310 1
608 135 669 197 1
669 189 734 257 1
713 412 781 479 1
687 447 753 510 1
715 529 777 595 1
646 474 713 538 1
748 505 809 562 1
779 473 849 542 1
810 446 876 512 1
837 421 901 486 1
859 388 928 456 1
888 360 952 428 1
912 332 977 399 1
934 299 1002 361 1
962 273 1014 328 1
983 240 1053 308 1
1008 214 1073 277 1
1031 184 1091 243 1
1056 157 1121 224 1
1082 139 1150 202 1
1108 107 1165 171 1
1133 82 1194 141 1
1160 62 1213 116 1
1175 31 1240 93 1
1218 14 1278 80 1
1236 0 1279 43 1
1182 0 1208 15 1
1124 0 1188 32 1
1096 3 1165 63 1
1076 32 1133 87 1
1047 55 1116 121 1
1017 75 1084 138 1
993 100 1062 166 1
973 131 1031 190 1
950 160 1005 213 1
922 182 981 239 1
896 211 962 272 1
867 237 930 297 1
849 268 918 337 1
723 135 784 194 1
751 111 813 170 1
772 77 834 137 1
794 45 862 111 1
826 24 891 88 1
849 0 919 64 1
892 0 941 40 1
941 0 971 15 1
1260 214 1279 254 1
1235 241 1279 305 1
1202 258 1275 325 1
1181 288 1246 347 1
1158 311 1225 375 1
1141 348 1197 404 1
1111 373 1181 438 1
1095 407 1160 470 1
1071 433 1134 493 1
1042 454 1109 518 1
1015 481 1089 547 1
991 514 1061 573 1
964 540 1033 602 1
939 566 1004 628 1
909 595 976 655 1
883 621 951 686 1
858 650 926 714 1
831 683 897 719 1
580 552 639 610 1
648 614 712 681 1
611 645 677 706 1
586 673 655 719 1
557 699 604 719 1
543 578 613 648 1
522 607 585 675 1
490 632 557 701 1
468 668 537 719 1
434 698 480 719 1
354 702 412 719 1
347 630 418 698 1
311 564 375 624 1
261 625 326 688 1
221 647 295 715 1
161 584 230 653 1
186 554 252 623 1
216 526 275 593 1
239 498 307 567 1
271 472 338 539 1
296 440 361 507 1
322 411 388 479 1
350 378 414 445 1
378 354 446 422 1
404 323 472 391 1
433 298 496 363 1
457 267 535 345 1
488 236 563 306 1
515 207 583 272 1
340 537 406 599 1
362 506 430 575 1
385 472 454 542 1
412 439 482 507 1
443 413 511 482 1
465 383 536 452 1
498 355 566 423 1
529 333 589 393 1
546 297 616 368 1
582 270 653 340 1
632 100 695 162 1
655 68 722 134 1
681 40 748 104 1
706 17 768 78 1
733 0 798 52 1
776 0 832 32 1
503 0 558 31 1
468 0 534 66 1
445 29 508 95 1
364 7 432 72 1
417 58 478 121 1
385 78 451 143 1
310 71 374 131 1
356 106 421 171 1
336 142 401 210 1
301 163 365 231 1
240 101 305 163 1
212 131 280 202 1
270 194 339 259 1
146 0 208 32 1
86 31 151 98 1
19 92 93 158 1
0 163 21 211 1
185 166 244 223 1
243 221 307 283 1
212 246 278 313 1
152 185 224 256 1
122 213 186 276 1
188 275 248 339 1
162 307 227 374 1
121 331 195 398 1
97 242 162 307 1
65 271 134 338 1
36 297 106 364 1
5 325 77 394 1
0 356 44 420 1
0 420 26 459 1
105 363 172 431 1
78 395 144 463 1
47 419 115 482 1
15 457 92 524 1
0 524 72 578 1
123 507 198 573 1
