134 367 194 463 1
589 169 630 257 1
542 164 582 263 1
636 163 682 267 1
434 162 475 258 1
390 157 427 252 1
702 389 755 484 1
648 379 705 480 1
544 381 601 474 1
284 372 346 468 1
225 365 285 462 1
183 369 242 464 1
15 559 75 647 1
64 564 128 656 1
117 552 195 658 1
298 567 362 658 1
352 566 423 663 1
472 575 537 668 1
692 178 741 278 1
745 170 788 258 1
797 171 836 264 1
846 190 885 249 1
894 174 935 265 1
939 187 983 272 1
986 178 1031 275 1
1035 186 1081 278 1
1084 205 1127 277 1
1131 193 1176 281 1
1177 198 1225 290 1
1229 190 1275 290 1
1058 0 1154 46 1
796 0 896 29 1
687 0 782 19 1
480 166 532 276 1
332 153 380 251 1
283 167 327 263 1
234 150 282 248 1
188 156 236 248 1
134 151 188 248 1
86 156 138 253 1
38 146 92 246 1
0 153 39 254 1
904 399 963 490 1
953 394 1013 491 1
1050 413 1106 498 1
1098 404 1155 494 1
1148 396 1204 489 1
1186 389 1252 490 1
1242 401 1279 494 1
1205 593 1279 687 1
1159 590 1231 680 1
1099 590 1167 683 1
1051 573 1133 669 1
991 583 1065 683 1
937 584 1013 679 1
822 586 888 670 1
765 569 848 678 1
0 563 19 631 1
