1075 127 1137 160 1
1005 123 1065 157 1
419 104 492 137 1
264 106 331 140 1
202 105 265 138 1
1233 259 1268 326 1
1202 256 1235 324 1
1172 263 1204 322 1
1138 257 1171 317 1
1108 268 1138 306 1
1076 253 1105 318 1
1045 253 1076 317 1
1014 261 1047 328 1
977 252 1008 323 1
947 257 981 316 1
918 254 948 321 1
885 254 921 327 1
848 253 878 318 1
818 248 846 316 1
782 246 814 312 1
749 253 775 319 1
712 245 742 309 1
681 245 709 312 1
645 242 675 313 1
610 247 643 315 1
575 242 605 311 1
542 246 571 316 1
504 243 536 310 1
466 241 495 302 1
431 242 462 313 1
388 249 420 314 1
386 317 422 390 1
442 393 477 451 1
474 396 513 463 1
507 392 544 451 1
649 393 689 457 1
685 393 723 458 1
715 392 755 456 1
755 396 794 459 1
921 397 963 459 1
987 395 1027 462 1
1023 400 1059 462 1
1147 405 1190 464 1
1178 400 1223 463 1
1214 523 1262 588 1
1173 525 1227 589 1
1100 525 1147 584 1
1067 517 1125 585 1
879 525 926 590 1
800 520 848 590 1
764 525 808 587 1
641 520 694 599 1
602 530 645 599 1
566 527 609 591 1
522 530 568 595 1
447 529 491 592 1
411 516 453 589 1
372 525 410 590 1
336 520 378 589 1
303 511 346 575 1
1244 406 1278 471 1
1249 518 1279 584 1
1266 273 1279 323 1
1246 128 1279 160 1
703 109 774 140 1
588 102 651 135 1
509 100 575 134 1
