942 29 1022 83 1
937 76 1017 125 1
933 112 1011 162 1
924 147 999 200 1
911 187 994 237 1
900 219 973 271 1
884 252 957 301 1
896 301 973 353 1
853 330 930 378 1
857 375 946 427 1
846 416 926 464 1
833 457 904 502 1
817 490 889 538 1
805 530 886 580 1
796 570 869 617 1
781 611 866 663 1
773 651 856 706 1
770 695 848 719 1
810 76 856 146 1
784 148 832 217 1
764 221 816 299 1
739 303 792 382 1
711 387 763 465 1
691 469 736 533 1
666 536 715 618 1
643 619 693 699 1
752 41 826 93 1
726 83 803 132 1
719 118 792 168 1
704 156 780 204 1
697 194 769 242 1
690 235 767 284 1
674 269 748 317 1
658 308 733 356 1
643 344 720 395 1
634 385 712 432 1
622 424 704 477 1
605 466 684 514 1
591 504 668 550 1
577 545 658 597 1
565 586 648 640 1
548 623 632 678 1
534 663 619 718 1
542 0 620 38 1
516 19 592 65 1
502 53 577 101 1
500 91 564 139 1
478 131 540 172 1
461 161 537 212 1
452 205 516 248 1
446 242 521 291 1
434 281 508 326 1
415 315 489 364 1
400 352 472 403 1
382 392 462 444 1
368 430 448 483 1
356 473 435 524 1
346 513 427 565 1
332 553 413 605 1
328 595 400 646 1
295 633 387 682 1
280 671 368 719 1
