641 243 678 321 1
604 341 639 419 1
647 337 681 412 1
370 36 406 107 1
600 255 634 334 1
678 0 714 52 1
684 243 720 320 1
723 249 758 326 1
691 340 726 417 1
732 338 766 417 1
768 339 806 411 1
764 243 803 325 1
806 245 841 324 1
810 330 847 410 1
849 332 883 394 1
844 246 879 325 1
880 247 916 322 1
916 237 950 312 1
957 239 992 311 1
994 235 1033 312 1
1032 238 1064 308 1
1065 234 1105 309 1
1105 238 1138 310 1
1140 233 1173 302 1
1174 236 1210 296 1
1209 232 1244 302 1
1244 233 1279 307 1
885 331 919 406 1
920 331 955 392 1
958 329 992 400 1
996 325 1033 400 1
1035 322 1068 392 1
1070 321 1107 394 1
1108 318 1143 389 1
1144 316 1177 387 1
1177 319 1210 386 1
1247 317 1279 377 1
1211 319 1248 389 1
425 298 461 377 1
384 292 419 367 1
212 34 248 109 1
253 42 288 116 1
295 29 329 110 1
333 36 369 113 1
414 38 447 113 1
455 66 489 148 1
418 126 454 194 1
372 113 409 193 1
334 120 369 201 1
293 120 328 197 1
255 119 290 198 1
174 117 211 195 1
216 124 251 194 1
128 120 173 200 1
167 30 210 115 1
128 41 167 116 1
86 40 126 116 1
91 120 128 196 1
44 42 82 112 1
53 125 93 201 1
0 36 43 111 1
8 127 52 206 1
342 302 377 375 1
299 299 336 372 1
255 300 291 374 1
217 295 253 365 1
178 299 214 376 1
136 301 175 370 1
98 313 136 376 1
56 310 96 372 1
14 304 57 385 1
0 306 14 386 1
403 386 478 420 1
411 424 477 462 1
408 471 475 504 1
403 509 476 544 1
491 543 527 619 1
532 546 567 618 1
574 542 609 618 1
614 545 648 620 1
652 543 686 622 1
693 542 725 618 1
730 529 766 604 1
772 530 806 602 1
811 526 845 602 1
849 533 883 607 1
886 528 921 604 1
923 534 956 594 1
961 528 993 600 1
995 522 1030 595 1
1033 514 1068 588 1
1069 518 1107 584 1
1109 513 1141 584 1
1144 513 1179 580 1
1179 510 1219 585 1
1212 506 1247 575 1
1245 504 1279 573 1
599 0 634 40 1
641 0 673 50 1
599 63 633 141 1
638 75 673 138 1
678 61 710 135 1
718 57 751 135 1
758 61 792 137 1
797 61 830 135 1
715 0 749 48 1
756 0 789 44 1
794 0 828 47 1
831 0 864 38 1
871 0 904 35 1
836 55 870 129 1
874 55 909 126 1
907 0 944 40 1
945 0 979 40 1
980 0 1017 42 1
1019 0 1054 39 1
1055 0 1092 37 1
1094 0 1130 35 1
1129 0 1166 37 1
1166 0 1200 33 1
1201 0 1241 43 1
1241 0 1279 42 1
911 56 946 130 1
950 60 982 132 1
985 62 1020 136 1
1022 55 1057 128 1
1057 56 1093 127 1
1094 56 1131 128 1
1133 59 1165 122 1
1168 58 1206 126 1
1207 57 1240 133 1
1241 59 1279 117 1
