747 0 823 49 1
762 32 840 84 1
772 69 841 116 1
778 106 849 156 1
816 134 891 188 1
799 182 875 232 1
831 214 915 267 1
842 257 923 308 1
854 298 923 344 1
861 336 934 385 1
876 371 957 421 1
889 413 965 462 1
904 451 987 502 1
917 490 1003 542 1
943 527 1024 578 1
951 567 1030 619 1
960 610 1045 660 1
977 650 1065 706 1
985 693 1074 719 1
547 2 619 61 1
551 52 627 106 1
566 88 636 138 1
575 127 649 179 1
591 163 664 213 1
609 201 683 250 1
620 238 692 286 1
629 280 702 328 1
636 319 715 368 1
652 353 730 406 1
667 393 749 446 1
675 436 753 487 1
685 474 766 528 1
703 516 779 568 1
713 555 798 612 1
721 597 806 650 1
732 635 818 692 1
746 689 821 719 1
625 8 666 77 1
645 80 688 150 1
675 150 724 226 1
700 232 751 309 1
728 315 776 394 1
754 397 799 461 1
779 463 826 543 1
806 546 855 623 1
830 628 885 707 1
312 8 381 56 1
335 43 406 94 1
341 81 421 133 1
342 122 416 171 1
352 162 424 211 1
371 198 436 243 1
372 244 438 285 1
381 274 455 324 1
396 317 461 362 1
414 348 492 397 1
429 385 505 432 1
433 427 511 474 1
445 472 516 512 1
453 507 532 555 1
467 551 544 594 1
477 585 558 636 1
495 622 574 678 1
509 665 586 714 1
