714 324 831 378 1
730 267 845 324 1
576 380 706 432 1
580 437 703 489 1
704 496 832 549 1
713 440 818 489 1
728 386 823 433 1
706 612 819 671 1
735 215 831 266 1
612 212 716 267 1
600 157 714 211 1
722 159 840 216 1
734 109 843 164 1
730 46 843 106 1
604 44 718 100 1
604 98 718 151 1
351 207 474 260 1
351 265 468 312 1
352 316 463 364 1
328 425 451 477 1
233 90 355 140 1
944 446 1065 497 1
948 501 1072 552 1
589 612 704 665 1
707 553 827 607 1
968 605 1060 657 1
953 555 1066 603 1
951 390 1063 441 1
966 338 1063 388 1
951 284 1063 335 1
939 225 1048 278 1
956 178 1058 224 1
954 120 1058 173 1
954 67 1062 120 1
1144 38 1246 139 1
1157 131 1254 217 1
1158 195 1244 277 1
1135 248 1238 339 1
1135 307 1235 406 1
1145 383 1240 470 1
1187 477 1253 540 1
1164 528 1268 614 1
1180 610 1279 696 1
1163 674 1261 719 1
0 20 113 80 1
0 87 103 142 1
0 149 102 205 1
0 269 91 323 1
0 329 84 378 1
0 449 90 499 1
0 511 80 562 1
0 567 68 619 1
202 481 327 538 1
211 541 330 595 1
297 601 417 659 1
340 541 454 593 1
332 484 459 540 1
337 371 462 425 1
228 154 346 204 1
345 157 459 205 1
358 32 479 90 1
350 94 475 148 1
230 32 359 85 1
