684 216 738 327 1
745 200 806 325 1
621 204 673 334 1
550 215 608 344 1
488 216 543 343 1
428 208 485 332 1
360 214 417 337 1
814 206 870 327 1
876 209 936 326 1
937 214 995 330 1
996 222 1055 334 1
1063 225 1125 342 1
1124 231 1185 347 1
1179 226 1246 349 1
1238 223 1279 349 1
1246 561 1279 686 1
1184 562 1250 687 1
1124 548 1181 662 1
1059 558 1123 682 1
1000 559 1055 681 1
936 562 994 685 1
877 553 932 681 1
810 562 866 688 1
742 561 793 693 1
679 563 730 679 1
615 565 669 682 1
546 558 601 683 1
486 577 537 678 1
419 563 473 681 1
357 540 408 661 1
294 554 352 672 1
226 551 288 670 1
0 86 30 139 1
0 144 28 194 1
0 208 24 263 1
0 269 16 323 1
0 460 16 513 1
0 330 17 376 1
0 396 16 440 1
