787 294 820 367 1
711 293 744 371 1
752 295 781 372 1
671 302 705 380 1
630 302 665 381 1
759 116 792 183 1
789 464 822 541 1
709 483 741 556 1
746 476 785 552 1
825 481 859 556 1
668 481 702 559 1
632 496 663 566 1
591 490 626 565 1
554 484 591 557 1
510 491 544 566 1
472 495 505 574 1
432 486 465 564 1
388 485 426 566 1
593 292 625 364 1
551 287 587 367 1
824 293 861 366 1
862 286 898 367 1
899 288 935 366 1
937 298 976 371 1
977 290 1010 366 1
1012 296 1049 371 1
1046 289 1082 358 1
1081 283 1120 349 1
1117 291 1151 367 1
1151 296 1189 366 1
1189 287 1227 364 1
1272 134 1279 201 1
1237 128 1270 193 1
1200 121 1236 194 1
1161 119 1201 194 1
1127 118 1163 194 1
1092 118 1128 192 1
1054 122 1094 192 1
1020 116 1054 192 1
983 114 1018 193 1
907 126 943 191 1
873 125 907 198 1
838 123 873 201 1
802 125 834 195 1
720 110 753 183 1
683 109 715 185 1
640 104 675 188 1
606 114 638 190 1
563 118 598 192 1
523 111 558 186 1
449 121 484 196 1
409 119 441 195 1
366 118 398 185 1
325 109 361 194 1
284 114 320 198 1
249 117 282 195 1
211 120 248 196 1
174 126 209 203 1
127 130 169 205 1
88 118 131 193 1
48 122 88 199 1
8 120 50 199 1
0 122 7 195 1
513 295 546 375 1
472 296 504 375 1
433 301 464 375 1
389 301 424 378 1
229 317 269 395 1
192 316 229 398 1
153 323 188 395 1
114 324 153 398 1
75 318 115 392 1
38 313 79 391 1
0 321 34 393 1
236 497 271 572 1
240 588 276 666 1
861 469 897 539 1
898 466 933 539 1
941 466 976 540 1
976 466 1012 538 1
1014 461 1046 534 1
1048 458 1080 531 1
1082 455 1117 527 1
1116 454 1152 525 1
385 584 466 617 1
390 620 470 653 1
395 660 473 693 1
397 698 477 719 1
198 506 234 580 1
197 588 234 661 1
156 503 195 580 1
161 590 195 667 1
115 495 153 572 1
121 589 157 658 1
80 504 114 581 1
78 589 120 668 1
36 504 78 577 1
0 502 34 583 1
35 596 74 665 1
0 585 37 669 1
