171 602 290 651 1
179 548 278 592 1
313 588 410 638 1
326 642 420 696 1
551 511 666 560 1
690 499 802 551 1
559 565 672 620 1
568 628 683 676 1
946 472 1050 520 1
1062 461 1179 516 1
1072 516 1187 576 1
1071 577 1186 629 1
1065 629 1182 686 1
1084 684 1194 719 1
949 592 1058 644 1
946 532 1060 585 1
1040 178 1143 227 1
915 191 1027 246 1
521 332 635 385 1
677 218 789 271 1
667 156 769 207 1
534 166 655 217 1
552 219 662 275 1
517 54 621 110 1
645 39 766 98 1
908 86 1006 132 1
905 136 1022 194 1
1026 122 1133 176 1
1012 67 1128 122 1
1016 15 1130 66 1
