1109 414 1153 490 1
1205 568 1262 635 1
1168 555 1231 634 1
936 568 992 645 1
839 561 899 644 1
797 566 849 643 1
652 562 710 650 1
600 571 650 654 1
559 571 606 645 1
504 573 556 653 1
413 573 465 645 1
370 559 419 645 1
319 570 369 647 1
280 561 330 635 1
239 551 289 627 1
1066 406 1114 486 1
987 410 1036 488 1
1259 418 1279 484 1
1250 239 1279 314 1
1211 252 1247 300 1
1173 237 1211 314 1
1137 239 1172 312 1
1098 244 1136 326 1
1054 234 1091 320 1
1017 241 1056 314 1
982 237 1017 316 1
942 239 987 327 1
898 237 935 314 1
861 230 898 310 1
817 225 857 306 1
778 237 812 319 1
733 224 771 305 1
695 228 729 308 1
652 225 687 309 1
609 229 648 312 1
566 223 604 305 1
526 228 561 314 1
481 224 513 304 1
434 221 469 292 1
391 226 428 310 1
338 232 379 312 1
337 316 380 404 1
405 407 444 477 1
442 413 492 493 1
483 408 528 480 1
658 408 707 487 1
700 407 748 488 1
737 404 787 484 1
785 412 836 487 1
1172 84 1250 124 1
1089 76 1162 120 1
725 64 806 104 1
584 56 660 97 1
487 57 568 95 1
377 56 464 95 1
187 60 270 99 1
113 62 192 102 1
