512 256 622 305 1
517 309 634 358 1
395 133 521 186 1
399 192 515 243 1
399 252 509 302 1
520 366 635 413 1
524 416 632 465 1
512 467 633 522 1
1094 153 1204 200 1
1096 206 1201 251 1
1096 259 1199 303 1
1095 363 1205 412 1
1089 305 1191 355 1
1113 413 1210 459 1
1102 463 1206 509 1
879 139 988 192 1
759 140 866 188 1
774 308 876 357 1
765 251 870 302 1
757 192 871 244 1
885 201 988 250 1
879 252 987 299 1
894 303 983 350 1
523 137 637 191 1
518 196 636 243 1
156 142 278 191 1
7 144 139 194 1
148 203 273 252 1
6 207 137 254 1
155 262 273 315 1
145 379 268 431 1
12 379 121 424 1
141 436 265 489 1
8 494 132 539 1
156 550 276 600 1
149 609 266 662 1
2 611 119 664 1
148 665 256 719 1
385 575 506 633 1
504 524 625 572 1
514 576 632 629 1
520 632 629 680 1
395 635 507 684 1
479 687 595 719 1
889 357 997 402 1
877 411 985 460 1
890 468 980 510 1
743 469 868 518 1
756 522 872 574 1
878 521 979 567 1
871 573 990 625 1
748 579 867 628 1
873 627 984 678 1
872 681 984 719 1
762 685 869 719 1
1124 665 1216 719 1
1105 615 1219 665 1
1097 564 1221 615 1
1093 510 1210 561 1
