1226 107 1279 221 1
1113 113 1177 225 1
1126 455 1195 580 1
1051 112 1114 233 1
998 120 1051 221 1
1012 433 1072 565 1
941 126 997 244 1
875 125 932 234 1
892 442 948 565 1
828 454 884 572 1
770 456 822 577 1
706 447 756 555 1
812 116 869 244 1
753 122 810 245 1
639 457 696 578 1
578 459 630 578 1
695 130 749 243 1
633 130 689 243 1
566 125 618 237 1
515 460 567 580 1
453 457 506 580 1
506 123 555 237 1
444 123 497 233 1
386 122 433 239 1
318 119 379 243 1
261 140 313 247 1
387 469 448 589 1
322 468 379 592 1
200 134 259 253 1
135 149 198 264 1
80 149 137 268 1
18 142 85 261 1
0 154 22 273 1
265 471 321 580 1
208 472 261 584 1
139 466 200 589 1
84 490 142 589 1
22 478 84 593 1
0 461 22 579 1
