520 200 552 274 1
480 195 513 272 1
680 212 719 293 1
641 400 679 480 1
681 493 717 573 1
679 399 719 477 1
643 115 679 195 1
686 113 717 186 1
725 106 759 186 1
768 108 800 184 1
808 110 845 185 1
849 112 883 190 1
482 111 518 190 1
524 112 557 179 1
562 113 593 188 1
600 114 636 185 1
561 200 596 276 1
604 205 639 281 1
645 208 680 286 1
723 388 758 463 1
766 383 800 460 1
805 383 841 468 1
847 384 883 465 1
846 495 882 563 1
804 485 844 563 1
725 490 758 566 1
765 487 799 554 1
846 204 886 282 1
810 210 845 286 1
767 210 803 289 1
729 204 762 288 1
603 402 635 469 1
560 391 595 474 1
557 489 592 563 1
601 492 635 571 1
642 494 677 569 1
512 408 551 487 1
474 401 512 480 1
435 403 471 484 1
390 404 426 469 1
349 397 389 471 1
311 396 349 474 1
273 402 311 475 1
235 404 272 477 1
191 403 232 483 1
158 405 194 476 1
119 398 160 477 1
78 401 118 474 1
40 413 77 479 1
0 410 43 486 1
519 493 552 572 1
477 497 509 563 1
433 495 468 578 1
391 495 427 573 1
352 496 388 564 1
315 491 350 572 1
270 493 310 573 1
234 491 269 572 1
192 501 234 582 1
157 501 193 572 1
119 492 157 571 1
80 495 118 571 1
34 494 79 576 1
0 501 38 583 1
0 581 45 642 1
0 689 35 719 1
28 689 74 719 1
69 690 111 719 1
111 681 151 719 1
156 685 191 719 1
183 682 230 719 1
232 687 268 719 1
269 682 309 719 1
310 686 347 719 1
354 683 392 719 1
397 687 430 719 1
434 684 468 719 1
474 689 513 719 1
515 687 548 719 1
553 695 585 719 1
595 687 630 719 1
639 681 674 719 1
682 676 719 719 1
720 688 755 719 1
765 688 801 719 1
803 683 838 719 1
849 683 882 719 1
436 204 476 283 1
400 202 435 277 1
363 207 400 278 1
319 213 359 291 1
281 213 319 292 1
245 218 279 289 1
206 218 245 290 1
168 208 205 281 1
122 215 169 300 1
86 215 128 293 1
53 224 91 297 1
14 226 53 292 1
0 229 17 299 1
441 109 478 174 1
403 116 438 191 1
362 119 397 189 1
324 124 361 203 1
285 127 322 203 1
247 125 283 199 1
207 128 245 202 1
171 126 208 204 1
134 127 170 196 1
92 132 133 208 1
52 132 96 207 1
6 135 56 209 1
0 131 17 202 1
378 57 458 96 1
1009 112 1051 193 1
1010 205 1050 286 1
1056 198 1094 273 1
1096 205 1130 279 1
1136 201 1175 277 1
1176 195 1211 268 1
1214 203 1251 277 1
1251 196 1279 270 1
1246 105 1279 180 1
1107 52 1177 85 1
1209 111 1252 183 1
1170 111 1213 184 1
1130 108 1172 184 1
1090 106 1131 181 1
1052 106 1089 180 1
1236 0 1279 10 1
1128 0 1208 13 1
1045 0 1119 15 1
956 0 1037 15 1
711 0 786 14 1
617 0 693 12 1
513 0 594 18 1
418 0 498 16 1
314 0 398 22 1
226 0 307 21 1
138 0 221 26 1
52 0 126 29 1
0 0 43 28 1
1022 395 1064 472 1
1062 391 1100 464 1
1102 393 1138 466 1
1138 391 1181 468 1
1180 393 1220 472 1
1219 387 1258 466 1
1256 388 1279 464 1
1259 478 1279 548 1
1219 484 1263 564 1
1184 492 1225 563 1
1143 488 1185 562 1
1065 499 1102 570 1
1104 485 1142 557 1
1021 486 1062 568 1
1263 672 1279 719 1
1219 667 1262 719 1
1180 675 1223 719 1
1136 675 1181 719 1
1097 676 1137 719 1
1057 680 1100 719 1
1015 679 1058 719 1
