505 565 539 638 1
545 568 579 640 1
583 472 621 550 1
584 561 619 640 1
663 468 699 542 1
623 467 660 541 1
662 552 698 630 1
623 554 657 631 1
588 87 626 169 1
627 86 664 158 1
659 287 693 363 1
668 93 703 167 1
512 97 544 169 1
549 85 583 162 1
697 282 732 360 1
705 465 740 539 1
706 550 740 628 1
745 547 783 626 1
742 460 780 541 1
782 458 819 532 1
735 277 772 358 1
705 83 742 159 1
746 99 781 163 1
591 0 664 24 1
0 90 23 131 1
429 95 465 168 1
472 94 506 166 1
390 94 425 168 1
354 105 388 184 1
315 109 350 190 1
279 115 314 193 1
240 122 277 198 1
206 127 240 202 1
167 136 204 209 1
130 136 166 208 1
89 135 129 212 1
52 143 90 217 1
15 153 57 228 1
775 280 813 357 1
816 277 850 352 1
852 273 891 349 1
893 275 931 347 1
618 285 653 366 1
499 293 534 363 1
539 294 573 365 1
576 284 611 366 1
498 472 535 547 1
543 482 578 556 1
785 549 822 622 1
825 548 863 619 1
824 456 861 528 1
862 452 899 526 1
902 457 938 526 1
940 450 976 526 1
978 449 1016 522 1
1017 448 1054 525 1
1052 438 1091 513 1
1091 445 1132 518 1
1130 444 1167 518 1
1167 435 1205 509 1
1170 526 1214 603 1
1130 528 1172 601 1
1096 532 1131 606 1
1059 531 1095 601 1
1019 533 1060 608 1
982 539 1014 610 1
940 532 977 611 1
903 531 939 607 1
865 538 903 616 1
461 479 495 553 1
465 572 501 647 1
425 559 460 637 1
410 476 442 553 1
310 477 347 550 1
269 479 302 552 1
386 562 421 642 1
348 571 382 645 1
160 575 197 645 1
120 574 156 651 1
85 579 118 648 1
38 571 83 652 1
0 576 38 650 1
42 486 81 558 1
0 490 39 569 1
82 301 116 374 1
111 316 148 384 1
152 311 187 373 1
190 311 226 380 1
227 307 263 384 1
262 301 299 378 1
300 295 336 372 1
341 295 379 370 1
379 286 414 361 1
420 278 456 349 1
459 289 492 362 1
933 266 970 337 1
970 258 1008 334 1
1010 260 1047 333 1
1046 268 1084 338 1
1081 267 1123 336 1
1120 259 1162 338 1
1158 259 1201 333 1
1242 52 1279 135 1
1201 61 1247 139 1
1165 65 1201 140 1
1124 66 1165 139 1
1088 73 1123 147 1
1048 76 1088 150 1
1011 63 1050 139 1
971 72 1011 145 1
938 68 974 143 1
894 66 933 138 1
858 68 892 140 1
823 110 858 179 1
785 78 821 149 1
