569 404 684 459 1
561 464 679 519 1
444 454 561 506 1
558 522 672 572 1
557 575 669 627 1
448 562 538 613 1
438 508 555 560 1
791 488 896 537 1
794 542 902 592 1
912 545 1020 598 1
900 609 994 659 1
797 596 888 643 1
175 414 295 470 1
36 398 161 449 1
169 473 292 533 1
169 538 291 591 1
160 651 280 705 1
34 583 142 637 1
448 393 560 446 1
430 660 527 719 1
539 669 657 719 1
789 643 880 695 1
771 696 884 719 1
894 689 999 719 1
893 337 1015 390 1
733 65 795 170 1
669 66 727 173 1
611 73 668 187 1
561 79 613 182 1
508 78 560 192 1
451 84 502 197 1
345 88 403 205 1
292 90 341 208 1
235 99 289 211 1
85 162 157 280 1
31 191 95 277 1
0 179 37 300 1
1212 365 1279 449 1
1243 450 1279 494 1
