1094 234 1164 277 1
887 249 925 332 1
897 137 933 221 1
902 34 940 121 1
695 0 776 22 1
692 101 767 142 1
697 147 767 183 1
693 185 770 221 1
696 224 768 263 1
691 266 765 303 1
683 309 766 343 1
683 349 762 384 1
681 390 760 427 1
679 430 758 466 1
677 475 755 512 1
675 511 759 551 1
671 558 749 592 1
503 488 577 543 1
506 445 581 497 1
508 404 578 453 1
512 191 584 241 1
359 193 425 240 1
358 241 419 290 1
344 284 412 332 1
361 337 420 388 1
355 383 418 434 1
342 425 412 479 1
339 473 415 527 1
330 517 413 573 1
346 575 414 620 1
336 610 405 666 1
332 671 422 719 1
354 137 435 198 1
357 85 427 147 1
349 40 431 101 1
359 0 439 58 1
