879 116 933 226 1
817 102 871 225 1
938 116 992 235 1
757 99 810 213 1
623 99 681 227 1
559 92 615 218 1
996 127 1047 243 1
1058 116 1118 239 1
1114 103 1177 238 1
1174 125 1234 247 1
251 92 309 203 1
992 457 1047 573 1
931 462 982 570 1
294 428 353 560 1
1235 135 1279 238 1
500 83 553 209 1
695 75 747 203 1
309 88 366 196 1
178 89 239 207 1
120 79 185 202 1
0 87 66 195 1
1048 458 1109 577 1
1114 450 1173 568 1
1173 456 1243 573 1
1233 460 1279 581 1
745 462 803 590 1
869 458 925 586 1
681 463 732 588 1
618 432 666 557 1
548 438 601 560 1
489 431 538 553 1
364 429 416 549 1
233 437 292 540 1
173 441 236 562 1
109 435 164 549 1
34 426 105 556 1
0 426 44 557 1
