720 196 753 272 1
760 196 796 275 1
678 191 715 270 1
638 195 673 270 1
594 194 629 276 1
592 113 625 179 1
549 108 588 187 1
553 205 589 281 1
509 111 546 188 1
512 206 550 284 1
473 204 506 284 1
468 112 505 193 1
433 122 467 198 1
392 112 430 194 1
479 401 514 480 1
401 492 439 572 1
634 100 669 175 1
675 97 712 177 1
714 103 749 175 1
754 101 789 178 1
794 101 830 175 1
832 99 869 170 1
348 107 388 190 1
350 213 388 291 1
392 223 429 290 1
431 208 466 287 1
360 495 397 572 1
568 482 606 564 1
565 395 600 474 1
520 395 559 479 1
439 396 476 475 1
396 397 433 475 1
355 409 388 487 1
449 493 483 572 1
526 493 564 564 1
489 492 524 571 1
199 0 238 35 1
158 0 201 77 1
117 6 157 82 1
74 8 116 82 1
32 7 73 79 1
0 3 31 85 1
388 0 421 13 1
798 189 835 267 1
837 189 871 264 1
878 188 912 263 1
871 96 909 169 1
910 95 946 167 1
947 101 983 164 1
986 101 1021 176 1
1021 101 1058 171 1
1059 105 1093 177 1
1095 90 1136 166 1
1137 102 1170 166 1
1170 99 1205 173 1
1204 98 1243 165 1
1239 88 1276 152 1
1238 180 1278 249 1
1205 184 1242 258 1
1171 183 1207 251 1
1134 183 1171 256 1
1098 180 1135 248 1
1065 184 1098 258 1
1027 189 1062 249 1
952 189 992 259 1
989 188 1025 267 1
917 190 949 256 1
1246 364 1279 431 1
1211 354 1250 426 1
1247 437 1279 510 1
1215 446 1249 516 1
1172 361 1214 432 1
1136 365 1176 431 1
1179 446 1218 519 1
1144 450 1179 525 1
1102 375 1138 435 1
1068 368 1105 441 1
1106 454 1143 523 1
1033 369 1071 445 1
1071 453 1109 524 1
1033 456 1071 517 1
996 369 1031 442 1
999 458 1035 533 1
961 373 998 436 1
962 460 998 532 1
925 372 960 444 1
925 456 961 533 1
883 377 922 452 1
845 377 886 453 1
887 462 922 534 1
849 467 886 541 1
605 394 640 476 1
645 395 679 474 1
682 382 719 462 1
728 385 763 459 1
767 379 804 458 1
808 383 843 453 1
812 468 847 542 1
770 473 807 551 1
730 478 763 551 1
689 480 723 546 1
649 481 683 559 1
613 482 645 549 1
210 221 248 304 1
166 190 203 268 1
173 282 212 350 1
121 189 162 262 1
122 269 169 348 1
85 279 125 357 1
84 190 121 268 1
43 185 84 262 1
0 195 43 272 1
46 277 85 353 1
6 276 46 352 1
0 282 6 347 1
0 452 12 526 1
8 456 53 534 1
53 455 98 533 1
98 457 140 530 1
141 448 180 522 1
180 456 224 530 1
162 541 241 575 1
169 577 241 616 1
169 623 240 659 1
161 660 241 697 1
253 694 293 719 1
296 695 329 719 1
333 694 372 719 1
379 695 410 719 1
412 693 450 719 1
455 692 489 719 1
493 681 528 719 1
537 680 569 719 1
615 681 649 719 1
577 679 611 719 1
656 678 691 719 1
696 682 728 719 1
734 678 769 719 1
771 671 807 719 1
810 662 849 719 1
851 664 888 719 1
889 657 927 719 1
964 653 1005 719 1
929 658 964 719 1
1001 648 1035 719 1
1035 647 1070 717 1
1071 645 1109 719 1
1108 642 1153 719 1
1146 637 1186 716 1
1182 636 1220 713 1
1219 639 1257 711 1
1252 632 1279 707 1
