743 427 841 490 1
283 202 363 316 1
342 174 419 283 1
394 150 471 256 1
441 128 522 238 1
553 88 631 199 1
613 80 682 166 1
645 37 727 148 1
173 0 226 29 1
102 578 193 636 1
108 635 213 704 1
363 584 471 648 1
327 404 436 474 1
11 234 121 308 1
450 378 559 443 1
678 249 795 318 1
816 219 925 287 1
830 276 942 346 1
850 334 959 398 1
882 442 985 506 1
760 542 874 612 1
974 224 1029 337 1
768 0 823 51 1
821 0 875 29 1
1131 97 1237 161 1
1034 124 1133 183 1
1049 172 1159 237 1
1148 149 1255 210 1
1167 201 1276 261 1
1062 224 1170 285 1
1183 251 1279 306 1
1088 278 1179 329 1
1202 343 1279 400 1
1108 373 1207 427 1
1227 401 1279 451 1
1114 420 1231 477 1
1129 470 1236 528 1
1141 519 1253 582 1
1240 500 1279 552 1
1169 616 1279 679 1
