728 158 765 239 1
695 450 731 520 1
689 163 726 242 1
690 256 729 337 1
697 530 734 615 1
857 260 892 330 1
815 256 852 329 1
776 252 812 326 1
736 266 771 339 1
770 162 804 235 1
809 161 846 238 1
847 163 887 239 1
889 158 922 235 1
923 156 962 231 1
962 152 1000 229 1
802 0 837 48 1
759 0 794 48 1
721 0 755 44 1
674 0 712 61 1
505 0 545 60 1
512 264 544 337 1
506 157 542 237 1
814 443 851 523 1
818 534 855 613 1
778 528 813 603 1
739 533 777 613 1
737 449 772 527 1
778 443 809 517 1
854 440 890 518 1
893 431 930 506 1
932 431 966 508 1
968 425 1003 505 1
1007 430 1045 495 1
1104 419 1142 494 1
1108 501 1143 576 1
1013 521 1047 595 1
971 517 1004 593 1
930 523 968 600 1
896 526 934 603 1
858 534 895 605 1
1149 428 1185 499 1
1181 419 1223 493 1
1216 416 1252 483 1
1254 421 1279 493 1
1226 507 1266 582 1
1187 507 1224 584 1
1151 510 1186 575 1
1238 685 1279 719 1
1197 682 1237 719 1
1163 682 1202 719 1
1127 685 1167 719 1
1086 692 1121 719 1
1047 697 1084 719 1
1014 701 1048 719 1
982 705 1012 719 1
940 707 975 719 1
901 705 937 719 1
522 457 556 534 1
529 548 560 622 1
483 548 520 624 1
477 459 513 540 1
468 258 507 336 1
464 157 501 243 1
428 264 461 327 1
425 159 460 235 1
384 164 419 237 1
463 0 500 63 1
421 0 461 66 1
381 0 421 72 1
336 0 375 77 1
298 0 335 70 1
259 0 296 64 1
219 0 254 65 1
174 0 214 62 1
341 177 380 254 1
387 267 424 342 1
303 180 337 261 1
345 270 383 350 1
306 272 344 347 1
267 270 304 350 1
264 183 299 253 1
221 172 261 256 1
177 192 215 270 1
141 189 177 264 1
102 188 139 269 1
60 287 100 360 1
102 283 140 366 1
146 283 182 348 1
185 274 225 352 1
225 269 262 343 1
440 464 475 546 1
441 555 479 634 1
892 251 928 330 1
931 244 968 322 1
971 242 1008 316 1
1007 240 1041 318 1
1040 236 1076 314 1
1076 240 1113 314 1
1113 244 1147 309 1
1147 232 1186 311 1
1187 236 1224 314 1
1224 242 1255 312 1
1256 240 1279 314 1
1248 149 1279 226 1
1216 163 1255 226 1
1181 150 1219 222 1
1147 152 1187 228 1
1105 153 1148 235 1
1072 156 1106 228 1
1034 154 1073 229 1
1000 157 1038 231 1
841 0 872 41 1
874 0 909 50 1
915 0 949 39 1
953 0 986 44 1
988 0 1026 45 1
1027 0 1063 50 1
1064 0 1099 50 1
1101 0 1136 58 1
1138 0 1173 50 1
1175 0 1217 45 1
1219 0 1251 42 1
1251 0 1279 49 1
395 466 429 539 1
400 545 435 621 1
356 454 393 533 1
363 554 397 630 1
315 460 353 542 1
324 553 362 631 1
272 463 312 540 1
281 559 320 640 1
238 561 279 632 1
199 559 239 634 1
193 468 231 548 1
231 476 267 544 1
153 471 192 551 1
113 471 153 547 1
74 474 113 540 1
157 561 198 626 1
114 564 157 643 1
72 564 114 640 1
