464 485 543 523 1
376 572 450 611 1
458 609 542 647 1
371 614 449 649 1
459 444 535 481 1
466 404 546 444 1
910 609 986 643 1
905 563 980 602 1
906 525 987 560 1
904 485 980 520 1
905 446 988 482 1
909 403 988 444 1
905 362 984 405 1
649 362 731 400 1
739 362 811 396 1
731 319 814 359 1
645 322 727 363 1
190 521 271 557 1
186 559 267 597 1
469 320 547 356 1
474 362 542 397 1
384 364 447 398 1
382 322 457 358 1
191 604 279 640 1
903 320 980 358 1
738 277 819 316 1
734 239 814 277 1
645 279 726 317 1
647 237 727 277 1
463 279 540 317 1
380 278 457 317 1
389 241 452 277 1
740 568 810 602 1
743 606 817 642 1
194 479 280 517 1
200 436 276 472 1
200 392 267 431 1
195 353 281 387 1
193 653 275 694 1
208 245 281 281 1
207 206 282 241 1
206 168 275 202 1
206 129 283 163 1
203 85 280 123 1
224 46 292 83 1
214 12 290 47 1
216 0 289 10 1
388 7 456 39 1
460 4 539 40 1
473 43 546 79 1
472 81 547 116 1
466 117 547 156 1
468 158 547 194 1
459 198 537 235 1
466 239 543 273 1
377 204 453 238 1
383 160 461 199 1
381 119 461 160 1
385 84 453 119 1
382 44 458 83 1
373 654 451 693 1
376 696 447 719 1
466 654 538 690 1
460 690 542 719 1
643 693 724 719 1
648 653 726 692 1
733 650 814 688 1
738 692 814 719 1
911 689 989 719 1
913 647 985 687 1
650 613 725 648 1
645 571 728 610 1
646 530 719 565 1
735 527 813 563 1
735 483 811 524 1
644 488 723 523 1
738 445 816 481 1
739 404 811 439 1
650 406 718 442 1
639 447 716 484 1
648 195 728 233 1
734 196 814 234 1
913 240 988 279 1
907 283 986 317 1
908 200 985 240 1
907 159 987 197 1
903 124 978 159 1
911 83 976 122 1
733 162 809 196 1
652 158 729 196 1
649 119 728 156 1
738 119 808 157 1
732 80 807 117 1
648 77 723 117 1
646 44 719 76 1
735 41 804 77 1
732 3 809 38 1
647 1 720 39 1
900 47 978 85 1
896 8 976 46 1
893 0 971 8 1
375 406 450 443 1
373 451 454 485 1
370 492 448 526 1
375 530 451 566 1
457 570 540 605 1
466 531 545 565 1
