405 476 441 565 1
446 486 481 567 1
492 297 528 372 1
407 580 443 654 1
491 483 526 565 1
537 292 572 373 1
450 291 485 379 1
533 481 569 565 1
574 485 610 567 1
575 575 611 657 1
534 578 569 656 1
492 574 530 657 1
449 577 485 655 1
621 291 656 377 1
577 299 611 374 1
617 490 654 564 1
658 484 698 568 1
408 298 445 379 1
572 198 612 281 1
619 199 654 280 1
706 482 741 560 1
623 584 660 660 1
665 581 699 653 1
706 576 742 653 1
362 479 398 563 1
366 292 403 377 1
368 197 404 279 1
449 202 484 278 1
489 205 525 283 1
406 199 443 276 1
663 204 697 278 1
666 290 700 374 1
707 299 743 381 1
748 298 788 376 1
791 290 828 368 1
832 297 869 377 1
702 204 739 287 1
743 200 779 283 1
784 204 824 285 1
827 206 865 281 1
871 214 908 278 1
913 210 951 287 1
954 210 993 286 1
993 219 1031 282 1
1027 207 1067 285 1
1069 213 1111 293 1
1112 209 1151 293 1
1144 213 1186 283 1
1185 209 1226 284 1
1224 212 1268 285 1
1263 210 1279 286 1
1270 297 1279 370 1
1228 287 1272 370 1
1190 300 1232 377 1
1151 301 1191 380 1
1113 295 1152 381 1
1073 299 1111 379 1
1033 289 1074 367 1
994 298 1031 375 1
955 295 994 373 1
916 299 951 382 1
874 307 908 374 1
326 210 365 287 1
325 301 360 382 1
286 203 323 286 1
280 290 320 373 1
247 204 281 286 1
243 294 278 374 1
200 298 238 374 1
203 216 240 290 1
1257 35 1279 112 1
1221 35 1259 112 1
1182 48 1222 118 1
1140 27 1183 106 1
1099 32 1138 107 1
1061 32 1098 102 1
1020 35 1060 113 1
982 35 1020 109 1
876 25 916 109 1
837 21 873 103 1
794 29 830 102 1
751 21 786 106 1
712 17 748 95 1
672 13 707 93 1
627 20 665 105 1
573 23 611 102 1
512 28 546 104 1
393 22 430 95 1
337 26 373 104 1
272 27 312 106 1
216 20 252 99 1
155 26 195 110 1
96 34 139 114 1
3 31 73 112 1
0 171 86 211 1
0 232 81 269 1
0 343 81 380 1
0 459 82 497 1
0 518 88 552 1
0 577 75 612 1
5 641 92 676 1
319 486 354 554 1
366 577 405 657 1
277 483 316 561 1
323 571 361 655 1
284 568 320 641 1
236 480 275 549 1
198 479 235 560 1
860 697 941 719 1
746 575 787 652 1
748 483 785 561 1
792 476 826 553 1
832 486 866 553 1
873 487 912 568 1
913 483 951 565 1
955 482 994 564 1
997 483 1035 563 1
1037 483 1077 565 1
1074 486 1116 564 1
1116 482 1153 563 1
1152 481 1194 558 1
1189 481 1231 555 1
1229 479 1279 559 1
789 576 824 653 1
833 577 866 649 1
873 578 908 652 1
913 571 951 654 1
955 576 994 657 1
995 575 1035 653 1
1036 569 1074 651 1
1076 569 1111 645 1
1113 572 1156 645 1
1154 567 1197 645 1
1197 571 1235 644 1
1233 566 1279 652 1
