844 556 893 671 1
959 547 1019 673 1
902 551 958 665 1
581 547 632 667 1
520 561 572 683 1
449 566 510 683 1
107 550 221 607 1
97 482 224 536 1
96 416 214 470 1
81 351 212 404 1
83 288 211 343 1
89 226 216 280 1
99 163 215 220 1
84 104 217 160 1
649 566 703 685 1
716 578 766 675 1
772 551 833 675 1
1028 543 1091 668 1
1086 531 1153 654 1
1147 538 1218 655 1
1188 202 1252 310 1
1130 200 1192 313 1
1067 198 1135 310 1
1012 197 1072 312 1
946 193 1012 318 1
888 211 944 321 1
827 205 885 328 1
759 214 822 339 1
702 219 756 343 1
638 209 696 333 1
571 220 625 343 1
1209 534 1273 657 1
