1003 576 1112 629 1
1010 630 1119 682 1
1004 686 1118 719 1
1237 673 1279 719 1
1224 622 1279 674 1
1217 566 1279 613 1
884 578 984 629 1
883 640 993 692 1
884 696 991 719 1
630 597 739 652 1
493 605 609 657 1
503 664 614 714 1
256 675 353 719 1
109 686 228 719 1
120 635 223 680 1
1212 226 1279 277 1
1198 168 1279 213 1
1209 113 1279 157 1
1198 59 1279 108 1
965 15 1081 70 1
964 68 1076 121 1
972 127 1080 180 1
966 184 1079 230 1
976 235 1082 287 1
984 295 1090 339 1
860 196 959 242 1
858 246 970 302 1
863 306 976 357 1
866 24 960 83 1
848 0 960 32 1
602 142 720 199 1
617 258 725 308 1
629 324 741 370 1
503 320 617 369 1
490 261 609 312 1
472 154 580 206 1
