295 197 344 290 1
355 187 400 285 1
406 184 449 267 1
460 188 502 279 1
516 190 556 288 1
565 186 604 283 1
614 190 661 289 1
665 190 706 285 1
718 192 756 284 1
761 188 803 283 1
812 203 853 297 1
859 190 903 285 1
910 198 951 287 1
954 201 996 294 1
1004 203 1061 310 1
1053 204 1093 297 1
1093 208 1137 289 1
1136 198 1181 301 1
1187 215 1237 310 1
1233 205 1279 290 1
1199 412 1255 499 1
1149 404 1205 497 1
1057 408 1113 497 1
822 406 879 497 1
764 400 822 492 1
720 403 774 498 1
670 401 727 494 1
462 403 516 487 1
415 408 472 503 1
370 405 419 485 1
291 296 339 393 1
118 0 218 45 1
18 0 121 39 1
344 0 442 38 1
470 0 565 35 1
583 0 672 39 1
752 0 846 44 1
1179 14 1266 61 1
994 592 1062 685 1
883 586 952 683 1
833 593 896 679 1
660 585 730 690 1
602 598 659 702 1
551 597 608 685 1
489 598 549 692 1
380 596 441 682 1
329 581 387 680 1
272 592 330 681 1
224 583 284 672 1
177 573 236 661 1
