662 0 698 61 1
665 69 701 146 1
592 220 655 253 1
671 154 702 227 1
566 5 651 46 1
570 50 646 86 1
572 89 649 126 1
586 120 662 161 1
582 173 657 209 1
591 260 651 290 1
675 239 709 324 1
586 295 671 334 1
792 45 874 84 1
805 86 884 124 1
596 345 668 381 1
680 333 716 411 1
353 350 438 386 1
360 308 427 342 1
344 224 433 261 1
358 269 440 304 1
330 621 418 665 1
330 656 416 695 1
786 4 861 42 1
784 209 864 246 1
802 162 880 201 1
806 123 872 157 1
791 253 872 286 1
793 286 876 327 1
798 330 877 367 1
811 368 889 407 1
810 408 888 451 1
812 452 890 486 1
812 489 889 528 1
806 532 890 570 1
361 185 429 217 1
354 141 430 176 1
333 92 426 135 1
325 54 410 91 1
325 16 408 56 1
334 435 425 480 1
340 394 415 428 1
333 695 420 719 1
589 419 682 464 1
590 386 671 421 1
336 0 409 13 1
848 648 888 719 1
804 676 839 719 1
763 683 801 719 1
