801 520 842 614 1
751 500 792 601 1
701 505 745 601 1
651 501 693 603 1
598 507 647 603 1
549 498 595 598 1
745 304 842 350 1
450 291 549 334 1
317 293 425 334 1
498 505 543 608 1
571 295 662 338 1
88 289 188 337 1
0 288 92 331 1
1171 321 1256 366 1
1222 510 1265 595 1
1172 522 1224 615 1
1122 507 1169 607 1
1080 515 1122 599 1
1041 510 1083 605 1
992 513 1051 631 1
943 510 986 605 1
900 510 940 600 1
847 505 892 600 1
445 500 487 598 1
389 496 431 585 1
337 499 381 601 1
276 505 323 599 1
274 608 326 708 1
1265 512 1279 601 1
