906 157 1014 204 1
912 211 1012 259 1
803 0 900 44 1
918 54 1013 105 1
796 43 914 97 1
798 95 904 145 1
792 150 903 200 1
1116 275 1230 326 1
1117 224 1230 271 1
1123 119 1230 169 1
907 7 1018 54 1
1124 0 1228 25 1
1125 27 1239 79 1
1242 17 1279 68 1
1235 67 1279 118 1
402 50 514 98 1
551 0 657 41 1
132 142 247 194 1
20 0 132 27 1
106 369 224 419 1
0 483 91 534 1
0 545 71 594 1
0 599 73 650 1
92 611 211 664 1
382 626 484 675 1
510 629 640 684 1
784 583 894 634 1
894 584 1009 637 1
889 645 1002 696 1
757 643 883 696 1
788 358 900 410 1
793 254 898 300 1
908 263 1012 310 1
902 311 1008 360 1
886 417 998 469 1
892 474 1002 525 1
1109 480 1227 532 1
1229 484 1279 534 1
1226 426 1279 474 1
1213 374 1279 422 1
1228 326 1279 365 1
1240 274 1279 318 1
1233 218 1279 268 1
1232 170 1279 222 1
1236 121 1279 169 1
1220 540 1279 596 1
1230 600 1279 651 1
1218 661 1279 713 1
1099 652 1223 706 1
1110 597 1222 653 1
