808 4 884 39 1
815 44 888 83 1
816 82 898 121 1
816 121 888 155 1
809 154 883 192 1
839 196 915 237 1
813 237 885 276 1
831 280 917 320 1
830 324 908 359 1
830 363 900 398 1
827 402 899 439 1
832 442 911 479 1
832 483 906 519 1
832 523 913 560 1
839 560 918 602 1
852 606 931 640 1
847 644 922 683 1
842 686 924 719 1
691 5 723 79 1
692 82 727 157 1
703 162 738 243 1
706 246 740 332 1
710 337 742 416 1
712 420 745 486 1
715 492 750 574 1
720 576 753 651 1
723 658 759 719 1
610 0 686 37 1
605 43 681 79 1
609 77 682 120 1
608 124 685 158 1
613 164 690 201 1
621 205 698 241 1
622 246 694 280 1
617 286 695 323 1
619 326 696 365 1
622 370 700 403 1
628 407 707 444 1
621 452 698 487 1
622 492 698 527 1
623 534 702 574 1
622 578 707 618 1
622 615 709 654 1
622 656 704 695 1
621 700 696 719 1
387 10 472 50 1
376 53 457 90 1
376 93 454 128 1
389 131 453 165 1
377 177 445 211 1
376 212 455 249 1
381 256 450 290 1
389 295 469 329 1
396 335 471 369 1
390 374 467 409 1
389 419 463 453 1
386 460 466 495 1
386 503 470 537 1
390 542 474 580 1
395 585 476 624 1
397 626 477 663 1
414 664 477 704 1
