683 352 716 425 1
607 351 640 429 1
763 343 797 424 1
727 351 756 426 1
648 353 677 430 1
567 360 601 438 1
702 178 734 249 1
614 166 649 240 1
578 166 609 241 1
532 161 571 247 1
525 364 561 441 1
487 350 519 425 1
444 349 484 433 1
802 523 838 607 1
765 524 804 605 1
689 522 720 602 1
802 344 836 421 1
808 179 842 243 1
733 176 772 255 1
772 177 805 251 1
657 171 688 240 1
497 172 530 250 1
457 179 491 253 1
287 546 327 627 1
605 544 638 617 1
644 534 684 612 1
844 522 878 606 1
726 538 759 616 1
408 358 443 436 1
367 358 402 438 1
329 363 362 439 1
286 363 323 443 1
566 541 599 615 1
528 557 562 631 1
491 551 526 628 1
452 542 484 623 1
407 551 444 636 1
369 557 404 636 1
330 548 365 624 1
840 351 878 427 1
880 344 915 420 1
915 351 953 424 1
950 337 987 410 1
988 335 1025 403 1
1023 343 1058 420 1
1060 347 1098 417 1
1098 335 1135 411 1
1180 168 1218 246 1
1141 174 1174 242 1
1105 167 1142 240 1
1069 167 1105 242 1
1033 165 1067 239 1
995 166 1032 240 1
959 169 995 241 1
924 165 960 242 1
885 164 922 243 1
877 522 915 606 1
915 516 954 603 1
954 511 988 596 1
989 508 1026 589 1
1024 507 1059 583 1
285 644 368 680 1
294 680 376 716 1
417 173 453 248 1
344 184 380 260 1
304 183 337 256 1
261 182 295 248 1
217 175 259 258 1
178 179 214 258 1
146 183 179 258 1
105 186 144 260 1
68 189 102 271 1
22 195 65 272 1
0 185 26 260 1
128 384 170 460 1
90 381 126 463 1
11 390 49 466 1
48 388 89 462 1
0 381 11 462 1
137 560 172 637 1
98 569 136 646 1
55 567 97 647 1
14 561 55 638 1
0 569 14 647 1
139 649 179 719 1
59 655 95 719 1
97 649 137 719 1
17 654 57 719 1
0 655 16 719 1
