843 629 946 710 1
825 555 929 639 1
836 499 927 569 1
817 430 926 510 1
820 372 914 448 1
617 324 721 367 1
624 376 735 426 1
627 435 737 484 1
623 483 736 530 1
630 527 743 586 1
633 585 754 641 1
645 638 759 692 1
396 218 511 296 1
382 336 498 388 1
385 400 493 445 1
393 452 479 504 1
396 497 495 548 1
385 551 503 604 1
409 601 502 653 1
407 647 510 705 1
267 344 376 396 1
265 403 380 458 1
282 453 392 504 1
281 507 395 553 1
275 556 377 611 1
289 611 395 660 1
292 661 403 714 1
40 359 167 409 1
54 415 172 467 1
56 473 175 523 1
33 527 156 576 1
64 575 176 623 1
65 626 183 678 1
69 675 180 719 1
0 592 66 649 1
0 487 46 535 1
0 428 46 478 1
0 371 38 413 1
32 84 140 138 1
14 33 132 87 1
3 0 124 34 1
178 0 239 102 1
247 21 355 67 1
356 11 466 60 1
360 61 474 115 1
586 47 690 98 1
709 38 818 93 1
699 0 805 30 1
589 0 700 45 1
