772 128 811 216 1
770 227 807 310 1
759 362 800 441 1
756 469 790 536 1
759 541 796 622 1
543 388 623 426 1
554 436 629 471 1
556 479 631 510 1
543 515 620 553 1
537 558 612 595 1
531 599 607 634 1
539 641 608 675 1
559 682 622 716 1
455 332 535 372 1
379 419 460 471 1
385 465 453 513 1
364 511 446 558 1
367 555 444 602 1
364 671 437 719 1
199 678 281 719 1
206 633 288 682 1
198 581 283 638 1
206 532 290 587 1
213 492 288 537 1
206 443 288 490 1
213 393 291 449 1
209 344 292 400 1
222 302 300 359 1
223 255 308 311 1
228 213 304 264 1
334 181 416 221 1
