683 266 721 342 1
641 261 678 342 1
567 253 598 325 1
527 259 561 334 1
608 249 640 318 1
485 251 520 327 1
511 69 547 149 1
595 432 628 506 1
554 431 589 505 1
517 431 550 505 1
553 70 587 149 1
447 253 483 331 1
728 257 765 339 1
636 433 667 504 1
473 433 506 501 1
435 430 471 502 1
393 427 428 498 1
355 423 390 501 1
317 434 352 504 1
272 415 315 496 1
238 425 274 499 1
199 429 236 501 1
163 422 198 496 1
123 435 161 509 1
85 427 127 503 1
53 416 92 495 1
6 420 52 496 1
837 90 876 171 1
789 94 823 163 1
751 83 787 162 1
711 78 748 158 1
672 76 706 153 1
631 75 666 152 1
590 77 628 151 1
433 79 465 147 1
394 77 429 152 1
358 76 395 154 1
323 77 358 150 1
285 68 319 136 1
244 61 280 133 1
207 60 243 136 1
163 54 206 138 1
127 62 163 139 1
406 245 443 320 1
367 241 402 319 1
326 247 364 320 1
287 245 324 315 1
254 244 289 315 1
217 240 254 316 1
178 245 218 321 1
138 247 178 322 1
104 235 143 303 1
67 237 104 307 1
31 237 66 311 1
