545 197 616 231 1
541 234 621 271 1
361 112 431 149 1
529 118 604 153 1
540 390 630 428 1
545 434 623 464 1
535 471 614 506 1
366 77 437 111 1
670 475 702 554 1
708 481 742 551 1
943 488 975 564 1
365 266 435 301 1
364 227 439 262 1
360 190 433 223 1
363 154 436 188 1
183 325 254 361 1
174 366 248 400 1
747 478 782 549 1
786 475 820 556 1
826 470 862 552 1
869 475 899 555 1
904 479 936 555 1
179 214 253 246 1
904 709 971 719 1
822 710 896 719 1
978 484 1011 562 1
630 475 662 558 1
633 667 708 701 1
632 707 704 719 1
550 704 621 719 1
543 667 614 702 1
363 662 438 699 1
363 700 439 719 1
362 40 437 76 1
552 276 624 305 1
347 344 422 380 1
351 306 420 339 1
536 11 618 46 1
537 45 615 80 1
547 83 612 116 1
539 156 615 195 1
534 511 614 548 1
180 439 256 472 1
179 480 250 514 1
171 522 243 556 1
159 560 247 598 1
164 603 245 636 1
167 638 245 670 1
166 673 244 710 1
169 251 257 287 1
177 288 257 320 1
182 175 255 210 1
191 138 259 170 1
200 97 271 133 1
198 61 277 95 1
201 28 275 60 1
352 423 424 458 1
351 383 428 418 1
356 462 423 495 1
352 502 425 539 1
545 311 616 344 1
536 348 617 381 1
1012 470 1047 548 1
1056 465 1095 544 1
1095 549 1174 586 1
1095 594 1165 626 1
1094 629 1170 666 1
1082 671 1158 710 1
1091 711 1158 719 1
907 671 971 702 1
821 670 899 704 1
202 0 270 27 1
366 3 437 38 1
