540 451 599 580 1
474 453 532 576 1
688 103 742 213 1
626 89 680 212 1
747 103 801 222 1
809 110 863 230 1
877 101 933 222 1
566 86 619 200 1
500 61 559 190 1
432 86 490 214 1
368 79 424 205 1
309 73 368 199 1
412 418 468 544 1
347 422 404 548 1
285 418 345 537 1
168 419 225 533 1
102 413 164 547 1
39 423 102 523 1
676 451 732 579 1
740 452 789 561 1
805 448 860 564 1
865 451 920 574 1
931 441 987 563 1
992 449 1053 567 1
1053 453 1116 573 1
0 422 43 549 1
119 77 183 181 1
60 77 124 190 1
0 74 55 192 1
933 91 993 225 1
996 111 1052 232 1
1059 122 1113 228 1
1112 91 1175 208 1
1177 108 1249 233 1
