1184 166 1231 238 1
1149 166 1189 243 1
1112 169 1153 240 1
1078 170 1114 237 1
1042 160 1079 234 1
1004 155 1042 231 1
966 162 1004 233 1
929 170 965 243 1
890 166 927 241 1
852 167 887 242 1
815 168 850 245 1
772 164 809 245 1
733 169 770 246 1
695 168 730 246 1
653 166 690 248 1
612 164 645 246 1
575 171 609 246 1
531 170 567 239 1
488 164 525 237 1
449 151 487 223 1
405 159 441 236 1
365 168 403 247 1
322 165 357 244 1
279 168 320 251 1
241 175 280 255 1
199 176 236 250 1
158 176 194 250 1
1243 0 1279 49 1
1203 0 1242 48 1
1164 0 1204 46 1
1125 0 1164 53 1
1086 0 1124 55 1
1052 0 1087 38 1
1013 0 1050 44 1
976 0 1013 40 1
935 0 973 35 1
899 0 933 34 1
864 0 895 35 1
828 0 861 39 1
786 0 822 50 1
747 0 784 43 1
708 0 743 50 1
668 0 706 38 1
627 0 663 45 1
584 0 620 39 1
548 0 581 45 1
506 0 542 40 1
460 0 499 39 1
420 0 455 38 1
382 0 418 50 1
336 0 378 54 1
300 0 337 55 1
255 0 299 60 1
218 0 255 65 1
176 0 216 68 1
133 0 175 64 1
89 0 133 69 1
43 0 89 73 1
4 0 42 89 1
331 352 366 432 1
432 358 470 436 1
488 360 524 435 1
528 353 566 429 1
575 364 610 441 1
616 355 653 437 1
658 353 695 433 1
697 353 734 431 1
738 352 776 433 1
777 350 814 433 1
817 349 854 425 1
859 348 894 417 1
896 346 932 418 1
933 351 969 419 1
971 346 1006 420 1
1008 348 1044 418 1
1046 346 1082 419 1
1080 338 1118 412 1
1154 349 1191 419 1
1118 347 1155 418 1
1190 341 1226 412 1
1189 429 1229 503 1
1151 428 1190 499 1
1119 433 1153 503 1
1082 431 1118 499 1
1046 431 1084 504 1
1009 435 1042 505 1
969 429 1005 505 1
934 426 967 500 1
897 431 933 507 1
860 439 895 513 1
820 441 853 512 1
779 438 815 518 1
741 441 774 519 1
697 441 731 520 1
656 442 688 520 1
614 448 648 529 1
575 454 609 530 1
534 451 570 528 1
493 456 528 533 1
449 442 484 522 1
409 445 445 519 1
208 450 245 531 1
164 451 204 529 1
122 459 161 529 1
124 361 164 443 1
79 351 122 426 1
36 360 78 434 1
0 363 36 445 1
86 457 122 529 1
35 450 87 531 1
0 453 34 530 1
0 644 32 719 1
31 640 79 717 1
78 636 120 719 1
122 635 158 717 1
161 640 203 719 1
205 646 243 714 1
244 641 282 719 1
287 640 325 719 1
328 639 366 717 1
369 639 406 717 1
406 637 446 719 1
611 639 646 714 1
654 631 689 710 1
695 636 731 700 1
735 629 769 711 1
775 625 809 697 1
812 619 848 698 1
853 624 891 692 1
895 629 928 692 1
813 712 847 719 1
931 625 962 698 1
965 629 1002 702 1
1007 611 1046 688 1
1045 613 1080 694 1
1079 616 1120 698 1
1119 619 1156 694 1
1156 617 1195 688 1
1191 611 1228 686 1
1194 694 1229 719 1
1158 697 1195 719 1
1117 701 1156 719 1
1080 707 1115 719 1
1043 710 1077 719 1
