493 514 569 550 1
492 473 569 513 1
496 436 573 472 1
491 557 571 595 1
497 600 578 637 1
491 352 568 390 1
401 436 475 473 1
392 474 474 511 1
395 515 471 553 1
407 559 475 594 1
402 598 484 638 1
402 639 482 679 1
401 683 485 719 1
493 683 575 718 1
400 351 476 388 1
497 641 578 675 1
212 550 291 588 1
116 550 193 584 1
207 511 287 546 1
120 509 197 541 1
116 466 190 502 1
206 465 292 505 1
203 427 275 463 1
117 427 199 463 1
215 345 286 384 1
126 303 205 342 1
211 302 290 342 1
407 191 469 227 1
498 229 564 264 1
494 269 573 306 1
398 268 473 306 1
398 229 475 267 1
492 311 572 349 1
400 309 472 346 1
500 147 580 185 1
122 345 192 378 1
122 387 195 422 1
498 394 579 435 1
399 395 479 433 1
497 188 572 224 1
212 386 289 424 1
376 147 455 183 1
501 108 567 145 1
408 105 486 144 1
415 69 490 105 1
498 66 575 103 1
496 29 568 67 1
502 0 577 31 1
416 0 483 24 1
401 24 478 64 1
214 262 291 299 1
124 261 201 299 1
123 224 192 258 1
212 221 283 256 1
209 185 281 217 1
123 182 199 220 1
212 142 288 182 1
120 143 185 181 1
121 102 202 141 1
208 104 282 142 1
216 65 287 103 1
218 25 292 64 1
226 0 299 25 1
132 0 199 27 1
131 27 205 64 1
128 63 196 100 1
0 27 26 102 1
0 123 22 205 1
0 227 20 310 1
0 326 13 405 1
0 415 10 500 1
215 591 281 627 1
119 590 195 628 1
113 632 185 667 1
108 670 193 709 1
113 710 192 719 1
204 710 279 719 1
212 673 292 707 1
215 632 286 670 1
686 0 763 35 1
700 38 766 75 1
784 38 857 76 1
780 77 855 116 1
690 76 770 110 1
778 115 847 153 1
689 112 771 148 1
688 155 767 188 1
782 155 859 194 1
781 195 856 233 1
689 190 757 228 1
686 232 765 269 1
777 234 852 274 1
778 274 854 314 1
690 274 770 311 1
779 317 857 354 1
687 315 767 353 1
779 358 854 393 1
781 401 861 439 1
691 359 765 394 1
686 402 767 437 1
687 443 766 477 1
786 444 857 479 1
782 485 851 522 1
683 486 766 522 1
780 523 861 561 1
691 526 775 563 1
691 565 773 605 1
781 564 848 599 1
777 605 859 644 1
688 604 769 642 1
686 643 770 683 1
782 646 854 681 1
781 683 861 719 1
689 685 772 719 1
971 9 1051 48 1
976 47 1059 86 1
976 88 1056 128 1
976 127 1056 168 1
978 168 1048 204 1
977 204 1062 243 1
982 244 1053 282 1
978 282 1055 321 1
981 323 1053 360 1
975 365 1055 403 1
979 409 1058 446 1
987 446 1060 480 1
989 489 1050 523 1
979 525 1063 564 1
979 568 1059 606 1
973 605 1051 642 1
972 645 1050 684 1
969 685 1046 719 1
