926 27 975 95 1
887 47 937 121 1
849 55 898 134 1
805 54 861 128 1
768 64 819 138 1
736 86 782 150 1
691 87 735 151 1
656 95 705 169 1
618 110 665 176 1
582 129 633 203 1
546 142 596 217 1
503 149 554 225 1
463 157 508 232 1
419 168 471 247 1
378 181 429 262 1
338 195 389 275 1
295 210 351 294 1
253 226 308 307 1
213 252 266 318 1
163 245 228 331 1
121 256 181 342 1
74 271 133 349 1
30 290 91 374 1
0 299 46 379 1
923 258 980 329 1
881 265 929 339 1
843 280 895 352 1
806 288 854 364 1
769 305 821 380 1
733 322 781 395 1
697 336 745 404 1
658 343 702 416 1
614 352 664 433 1
577 368 628 445 1
537 384 588 468 1
494 393 544 475 1
452 403 508 483 1
410 420 464 500 1
364 433 425 519 1
328 442 382 529 1
282 454 341 540 1
236 466 287 544 1
194 485 251 567 1
151 507 210 589 1
110 525 167 610 1
69 540 129 627 1
23 551 84 633 1
0 553 35 640 1
1043 405 1101 480 1
1007 426 1058 503 1
974 446 1026 520 1
939 462 989 532 1
899 472 952 554 1
867 484 916 557 1
831 492 881 562 1
801 530 849 607 1
756 515 804 589 1
719 549 774 632 1
678 558 730 640 1
641 571 686 642 1
602 579 648 651 1
561 597 614 676 1
520 609 572 684 1
481 625 533 705 1
439 642 494 719 1
404 667 453 719 1
356 671 407 719 1
315 686 359 719 1
908 335 976 380 1
834 359 904 400 1
756 389 834 437 1
673 417 752 467 1
591 446 666 493 1
523 471 586 519 1
437 497 520 548 1
357 526 435 577 1
268 552 351 608 1
169 584 258 644 1
84 613 169 671 1
0 643 77 699 1
