831 0 866 36 1
834 44 873 122 1
817 265 856 346 1
812 372 852 450 1
803 468 840 544 1
803 573 841 655 1
895 644 970 719 1
609 293 684 335 1
597 341 672 379 1
607 505 670 546 1
587 626 667 668 1
621 216 692 251 1
635 177 692 209 1
619 134 685 170 1
608 89 681 125 1
612 46 687 84 1
619 10 694 49 1
629 0 707 15 1
441 4 519 54 1
442 43 517 97 1
442 166 511 216 1
442 205 517 259 1
419 465 497 512 1
411 542 496 598 1
249 643 329 700 1
243 684 323 719 1
248 589 327 645 1
258 553 332 603 1
255 493 338 553 1
258 450 341 501 1
254 392 335 457 1
262 359 340 413 1
265 310 348 366 1
265 270 350 321 1
264 204 347 265 1
272 168 353 222 1
279 118 359 177 1
278 71 358 128 1
286 25 367 82 1
292 0 358 34 1
