415 403 454 485 1
461 409 494 495 1
502 421 533 500 1
537 412 572 498 1
580 414 617 495 1
622 415 660 495 1
665 418 699 485 1
708 404 743 483 1
750 401 788 487 1
791 408 826 487 1
831 408 867 490 1
872 409 909 483 1
913 406 952 482 1
953 403 992 482 1
993 402 1032 476 1
1030 408 1070 471 1
1072 406 1112 490 1
1112 408 1151 485 1
1151 412 1190 490 1
1192 398 1238 478 1
1236 409 1274 474 1
1268 412 1279 485 1
1232 498 1275 576 1
1191 493 1236 565 1
1152 499 1192 575 1
1111 502 1152 567 1
1072 500 1110 584 1
1033 503 1072 576 1
995 502 1031 572 1
953 500 991 581 1
913 501 949 580 1
871 500 909 582 1
832 510 867 590 1
789 509 826 586 1
748 501 786 581 1
707 503 743 583 1
663 502 700 586 1
622 510 656 588 1
610 593 681 659 1
538 508 573 589 1
494 510 530 591 1
457 523 491 591 1
414 510 451 591 1
1231 693 1277 719 1
1190 702 1230 719 1
1153 693 1191 719 1
1112 695 1154 719 1
1071 691 1108 719 1
1032 695 1071 719 1
990 692 1032 719 1
948 697 986 719 1
907 693 948 719 1
869 700 902 719 1
828 695 867 719 1
787 698 821 719 1
740 694 777 719 1
704 705 736 719 1
661 703 696 719 1
623 701 656 719 1
580 701 616 719 1
537 704 571 719 1
494 697 530 719 1
451 698 487 719 1
407 703 448 719 1
1265 222 1279 296 1
1227 218 1270 291 1
1263 129 1279 208 1
1223 126 1264 197 1
1179 64 1250 99 1
1184 126 1224 194 1
1146 123 1186 190 1
1105 119 1148 196 1
1068 117 1106 183 1
1028 121 1068 196 1
990 124 1028 191 1
951 126 993 202 1
911 127 952 203 1
873 123 910 197 1
833 123 867 198 1
792 119 829 200 1
756 117 786 188 1
714 123 748 200 1
671 118 702 198 1
627 121 665 200 1
588 117 622 190 1
547 117 583 197 1
507 119 545 200 1
464 130 502 207 1
422 130 459 207 1
628 55 709 95 1
1233 0 1279 24 1
1135 0 1210 25 1
1041 0 1117 21 1
935 0 1018 20 1
842 0 922 17 1
754 0 833 14 1
658 0 734 14 1
573 0 646 11 1
51 75 129 109 1
0 68 41 109 1
1188 211 1227 286 1
1148 210 1188 282 1
1109 205 1148 276 1
1072 211 1111 289 1
1034 209 1070 284 1
995 212 1034 283 1
957 216 993 291 1
916 212 955 292 1
875 217 913 290 1
837 216 872 292 1
797 205 833 282 1
756 211 793 297 1
712 210 747 292 1
673 215 707 294 1
633 219 666 289 1
589 222 622 293 1
548 220 582 297 1
505 205 542 290 1
465 218 500 302 1
279 241 316 318 1
274 508 308 591 1
231 476 271 556 1
234 567 273 636 1
191 476 229 545 1
187 554 229 631 1
237 201 278 278 1
238 283 276 361 1
201 208 239 279 1
162 201 204 282 1
201 292 239 367 1
161 290 199 363 1
119 289 163 361 1
123 203 164 280 1
82 202 123 276 1
49 208 86 281 1
9 201 51 270 1
0 200 10 273 1
85 287 123 364 1
46 279 87 360 1
6 283 47 357 1
0 287 9 356 1
153 470 193 549 1
150 559 188 638 1
119 465 157 542 1
113 554 150 633 1
74 554 113 631 1
76 473 115 548 1
36 464 76 537 1
0 462 39 544 1
33 556 77 624 1
0 545 35 628 1
