836 20 872 96 1
838 101 876 179 1
824 326 862 405 1
817 430 858 508 1
810 526 850 602 1
811 631 851 713 1
633 0 713 29 1
638 28 715 69 1
626 67 702 107 1
620 106 695 146 1
615 147 688 187 1
621 192 691 228 1
639 236 700 269 1
627 273 696 311 1
617 354 690 392 1
603 398 679 437 1
610 565 676 601 1
597 685 673 719 1
465 0 535 29 1
464 21 532 67 1
449 61 529 114 1
446 106 520 154 1
449 225 519 273 1
449 267 525 317 1
427 524 502 570 1
421 605 502 657 1
266 610 338 663 1
254 659 336 710 1
257 559 343 614 1
265 511 345 562 1
258 454 341 518 1
265 417 345 475 1
271 369 358 426 1
270 324 356 380 1
265 263 353 326 1
276 225 359 282 1
279 177 367 237 1
280 126 362 186 1
287 79 372 140 1
290 32 366 91 1
287 0 370 40 1
