654 505 733 542 1
654 464 734 500 1
568 588 645 623 1
551 628 626 665 1
832 595 912 629 1
839 557 919 591 1
929 353 1003 390 1
930 396 1009 431 1
917 435 995 472 1
930 474 991 506 1
839 313 915 350 1
838 351 913 386 1
839 391 913 428 1
839 434 913 470 1
840 476 918 511 1
382 669 459 706 1
384 707 454 719 1
647 666 727 706 1
648 706 722 719 1
564 709 635 719 1
557 544 633 583 1
650 549 728 584 1
655 588 729 623 1
656 626 727 661 1
559 667 632 705 1
563 506 634 543 1
657 426 736 461 1
662 385 734 420 1
195 610 272 645 1
195 567 269 604 1
197 528 276 564 1
191 487 272 521 1
187 445 271 481 1
184 406 265 441 1
179 366 265 402 1
180 326 261 360 1
170 286 249 323 1
177 247 250 282 1
177 204 256 242 1
563 280 640 315 1
566 223 640 261 1
656 183 733 218 1
560 185 635 220 1
659 147 731 179 1
571 143 646 178 1
653 107 733 143 1
649 69 723 105 1
648 32 723 66 1
647 0 725 31 1
565 0 638 31 1
563 31 640 66 1
562 66 636 105 1
563 104 642 142 1
828 1 907 39 1
937 312 1005 349 1
930 275 999 309 1
846 273 923 305 1
927 234 1001 270 1
848 231 923 267 1
849 196 923 232 1
933 194 999 230 1
940 157 1004 192 1
925 511 995 549 1
1090 0 1160 12 1
1098 10 1173 46 1
1100 47 1177 83 1
1100 85 1180 121 1
1102 122 1183 159 1
1102 164 1167 198 1
1101 200 1180 236 1
1100 239 1176 278 1
1098 279 1173 315 1
1108 318 1175 351 1
1101 359 1175 394 1
1113 432 1188 465 1
1116 468 1174 501 1
1110 507 1189 542 1
1108 549 1189 585 1
1095 588 1181 623 1
1098 625 1170 659 1
1099 662 1177 696 1
1111 703 1175 719 1
913 670 985 704 1
916 709 988 719 1
834 671 905 709 1
830 635 910 669 1
915 630 992 665 1
923 592 1001 627 1
922 552 994 587 1
843 517 907 549 1
387 0 460 29 1
387 30 463 62 1
382 65 463 102 1
377 104 458 140 1
385 140 458 176 1
383 180 450 217 1
378 219 448 258 1
361 259 432 294 1
368 303 443 339 1
371 386 448 419 1
375 342 452 378 1
564 472 633 504 1
373 425 453 459 1
377 469 449 504 1
199 651 269 682 1
188 166 263 200 1
178 124 258 161 1
177 86 263 122 1
175 47 256 85 1
196 10 273 45 1
187 0 264 11 1
838 711 902 719 1
