851 0 887 25 1
842 33 881 116 1
848 136 886 224 1
840 251 880 337 1
837 351 872 438 1
827 467 863 552 1
1034 450 1109 489 1
647 75 713 112 1
635 194 712 236 1
630 318 703 355 1
632 362 705 397 1
629 404 707 438 1
628 446 706 479 1
624 485 699 520 1
622 525 702 566 1
616 569 696 602 1
613 609 692 647 1
611 651 692 688 1
612 692 688 719 1
460 29 539 83 1
453 112 537 167 1
447 408 523 464 1
439 626 513 675 1
435 666 514 716 1
308 0 378 27 1
299 23 382 75 1
303 67 380 126 1
289 124 376 173 1
291 165 375 224 1
287 217 373 274 1
284 260 366 318 1
283 304 363 365 1
290 357 368 413 1
290 409 356 457 1
283 457 354 510 1
274 506 345 551 1
278 548 352 605 1
280 600 353 651 1
280 646 345 697 1
274 690 346 719 1
