625 246 700 281 1
621 286 694 319 1
626 323 701 359 1
635 362 706 398 1
538 323 611 360 1
543 282 615 319 1
541 245 616 279 1
540 407 616 440 1
540 363 612 397 1
633 408 707 439 1
628 447 709 481 1
631 488 709 523 1
632 530 709 565 1
631 571 707 607 1
636 610 715 647 1
640 648 715 682 1
639 687 713 719 1
543 690 618 719 1
552 647 627 682 1
543 606 626 646 1
542 567 617 600 1
542 527 621 564 1
543 485 622 522 1
541 447 623 481 1
635 207 707 240 1
543 202 614 238 1
630 162 704 199 1
543 163 619 200 1
536 126 613 162 1
630 125 701 159 1
633 88 706 122 1
546 84 620 122 1
631 50 704 86 1
549 49 621 82 1
540 11 612 45 1
632 10 707 48 1
827 654 894 687 1
828 614 904 652 1
821 575 897 608 1
918 573 993 606 1
1097 688 1178 719 1
1099 652 1169 686 1
1112 608 1182 644 1
1108 566 1183 601 1
1087 376 1171 411 1
1098 333 1173 368 1
1098 293 1177 327 1
1099 255 1170 288 1
1089 216 1165 250 1
1082 180 1158 212 1
1081 138 1155 175 1
1080 102 1154 138 1
1085 65 1163 103 1
1076 25 1151 63 1
1086 0 1164 23 1
913 530 987 566 1
826 533 889 566 1
915 489 986 525 1
917 448 992 483 1
820 454 890 486 1
821 492 902 526 1
909 412 978 446 1
813 413 894 448 1
821 370 890 406 1
925 333 992 369 1
923 294 1001 331 1
921 256 994 290 1
824 293 899 329 1
828 330 890 362 1
833 254 904 286 1
817 207 889 244 1
917 174 989 213 1
912 135 989 173 1
818 169 898 205 1
821 132 903 168 1
905 96 979 132 1
824 92 899 127 1
904 54 969 91 1
902 17 965 52 1
818 18 893 54 1
821 54 895 89 1
364 683 431 719 1
366 643 438 677 1
358 604 439 641 1
359 565 441 601 1
362 524 441 560 1
360 484 439 522 1
357 447 437 481 1
360 406 439 439 1
359 365 434 398 1
359 324 436 358 1
365 283 435 318 1
356 241 428 277 1
348 200 426 237 1
355 163 429 196 1
364 124 438 160 1
364 83 436 123 1
361 44 438 83 1
169 0 246 32 1
164 33 246 67 1
170 71 251 107 1
171 110 249 147 1
156 148 234 183 1
159 189 240 224 1
155 225 236 260 1
152 267 230 303 1
153 309 227 344 1
160 385 234 417 1
179 426 246 457 1
155 466 240 499 1
171 503 246 541 1
155 544 235 577 1
145 582 242 621 1
153 628 237 662 1
164 665 241 700 1
158 703 237 719 1
364 7 439 44 1
