845 10 926 43 1
848 47 932 85 1
852 88 931 126 1
866 128 943 166 1
865 169 941 209 1
866 211 945 244 1
868 248 942 286 1
862 293 943 332 1
642 9 704 47 1
641 43 732 89 1
727 1 764 80 1
736 85 772 164 1
650 94 726 134 1
640 173 741 222 1
409 97 489 137 1
392 146 467 183 1
386 187 478 233 1
257 321 334 393 1
372 301 467 346 1
383 373 473 417 1
383 413 471 452 1
383 455 472 498 1
902 414 942 498 1
859 442 895 516 1
817 448 859 532 1
776 455 818 535 1
738 450 775 533 1
694 461 730 541 1
657 469 692 538 1
611 461 649 544 1
570 470 609 547 1
530 482 565 565 1
645 140 725 178 1
409 14 494 50 1
413 53 479 90 1
72 687 120 719 1
