1105 196 1176 233 1
901 209 940 292 1
910 94 947 180 1
911 0 955 82 1
707 64 777 101 1
713 105 785 138 1
712 144 787 183 1
711 187 785 220 1
706 226 781 260 1
703 267 783 302 1
698 305 778 344 1
700 349 776 385 1
696 388 776 426 1
695 434 774 468 1
694 471 775 509 1
686 514 768 549 1
526 363 598 409 1
525 404 598 454 1
521 447 595 501 1
530 149 603 204 1
393 0 458 22 1
370 5 449 64 1
384 55 448 105 1
381 96 453 157 1
381 149 444 200 1
373 202 439 251 1
368 247 431 293 1
378 296 436 346 1
373 343 438 391 1
362 385 434 433 1
359 433 436 487 1
360 476 431 530 1
371 533 437 580 1
362 573 429 624 1
356 625 441 678 1
10 190 54 268 1
3 469 50 554 1
