785 0 828 87 1
1248 15 1279 104 1
1204 9 1253 98 1
1067 0 1112 94 1
1025 5 1066 92 1
977 1 1020 95 1
931 3 979 95 1
883 0 927 91 1
840 1 881 95 1
683 0 725 91 1
734 0 775 74 1
988 203 1044 294 1
1035 207 1088 294 1
1072 200 1126 290 1
1125 208 1182 296 1
1187 381 1251 475 1
1136 386 1200 470 1
976 380 1049 490 1
923 394 981 489 1
878 392 931 480 1
815 398 876 490 1
1112 21 1154 105 1
1156 5 1208 94 1
627 3 668 91 1
628 89 670 197 1
701 203 752 281 1
749 207 802 296 1
795 201 848 282 1
499 376 558 466 1
548 386 606 473 1
604 392 659 484 1
662 379 717 474 1
717 394 770 484 1
