630 630 710 668 1
718 592 795 628 1
718 630 800 668 1
636 590 712 628 1
363 552 444 589 1
363 590 445 629 1
449 588 530 623 1
723 546 796 585 1
634 546 711 583 1
631 505 710 544 1
718 505 794 543 1
445 546 532 585 1
361 512 434 548 1
453 506 530 544 1
450 468 529 508 1
631 470 704 504 1
719 466 793 504 1
716 426 796 465 1
630 426 708 466 1
361 471 437 510 1
897 625 975 664 1
897 584 979 622 1
895 545 973 582 1
903 506 970 541 1
893 464 972 499 1
717 382 803 419 1
633 382 710 419 1
716 339 795 377 1
631 339 709 377 1
631 299 708 337 1
719 298 800 337 1
724 259 792 294 1
633 260 713 297 1
441 630 522 667 1
360 634 436 670 1
450 670 525 706 1
452 708 522 719 1
371 671 434 707 1
366 706 442 719 1
633 669 710 710 1
721 669 798 707 1
725 710 803 719 1
632 712 712 719 1
897 665 976 705 1
895 705 974 719 1
187 673 263 713 1
183 634 266 670 1
184 593 255 627 1
183 554 260 587 1
176 507 257 545 1
197 470 268 504 1
185 428 264 466 1
183 385 260 422 1
182 347 262 382 1
176 304 259 341 1
177 264 259 300 1
238 169 276 251 1
360 427 436 460 1
435 423 520 459 1
445 301 527 338 1
446 342 523 378 1
442 381 523 419 1
358 385 434 422 1
359 342 438 380 1
355 304 431 341 1
361 262 427 301 1
445 258 523 296 1
449 218 529 257 1
360 220 433 260 1
362 178 438 219 1
450 177 529 215 1
452 140 531 175 1
369 141 440 177 1
370 102 445 141 1
455 97 531 139 1
456 60 523 95 1
369 59 446 100 1
375 24 445 61 1
241 83 277 165 1
239 0 281 82 1
371 0 451 28 1
452 0 531 23 1
625 0 702 23 1
716 0 791 20 1
724 20 795 60 1
720 59 796 98 1
716 101 789 140 1
714 139 791 176 1
716 175 790 216 1
720 217 798 256 1
630 215 715 253 1
634 179 711 215 1
635 139 704 177 1
625 96 708 136 1
627 61 700 97 1
622 20 697 61 1
455 27 528 61 1
881 0 954 28 1
887 27 960 64 1
884 65 960 103 1
884 104 957 141 1
888 141 970 178 1
891 178 965 219 1
894 265 970 300 1
893 221 970 262 1
891 301 966 336 1
894 339 969 378 1
890 380 971 415 1
890 420 970 457 1
