798 236 842 330 1
747 239 792 333 1
854 458 907 601 1
719 495 765 586 1
673 480 717 568 1
701 221 742 313 1
652 229 693 320 1
606 228 648 318 1
521 507 569 600 1
893 230 936 325 1
938 229 977 309 1
982 223 1028 307 1
1026 224 1073 313 1
1074 216 1118 303 1
1117 216 1169 303 1
1163 218 1214 307 1
512 234 555 321 1
464 234 506 334 1
417 243 457 323 1
373 251 412 343 1
324 250 363 337 1
273 249 317 346 1
232 255 273 349 1
189 263 230 349 1
147 263 189 348 1
95 263 141 344 1
53 263 96 345 1
6 261 53 345 1
0 262 11 349 1
1 17 54 108 1
93 11 144 108 1
143 10 186 87 1
227 6 274 85 1
320 0 358 82 1
360 0 402 81 1
414 0 453 76 1
460 0 496 68 1
600 0 639 70 1
646 0 688 72 1
693 0 734 75 1
744 0 785 55 1
790 0 829 57 1
833 0 874 64 1
880 0 919 62 1
921 0 962 67 1
965 0 1003 70 1
1008 0 1056 63 1
1057 0 1097 60 1
1100 0 1144 61 1
1147 0 1190 59 1
1191 0 1240 40 1
1230 450 1279 533 1
1176 458 1226 547 1
1131 470 1179 540 1
1084 450 1136 540 1
1043 469 1089 558 1
998 469 1043 557 1
950 475 996 569 1
905 481 948 571 1
431 492 475 591 1
339 494 377 591 1
291 502 334 592 1
245 505 290 595 1
199 499 242 581 1
153 505 200 596 1
111 505 154 594 1
61 512 112 596 1
15 506 65 595 1
0 515 19 605 1
802 108 895 153 1
