770 280 803 356 1
810 281 844 357 1
848 277 885 356 1
887 279 923 359 1
964 279 997 350 1
924 273 961 354 1
1068 474 1103 553 1
1030 470 1070 551 1
750 566 829 602 1
750 604 832 640 1
751 644 834 682 1
827 102 861 178 1
789 99 823 174 1
745 96 779 162 1
706 82 739 168 1
664 88 697 170 1
628 89 662 167 1
588 88 623 164 1
467 82 501 158 1
602 290 638 369 1
563 288 601 367 1
522 294 558 367 1
481 294 515 368 1
599 474 634 551 1
600 569 634 648 1
560 483 595 558 1
556 568 590 643 1
518 479 554 558 1
517 568 551 645 1
477 566 512 637 1
438 563 473 642 1
424 89 458 167 1
478 471 511 549 1
438 479 473 554 1
397 476 433 552 1
395 569 429 640 1
355 557 391 637 1
318 553 351 629 1
278 559 316 634 1
242 563 276 634 1
203 560 236 634 1
162 557 199 636 1
122 557 160 636 1
41 557 82 636 1
356 474 392 553 1
317 476 353 551 1
281 470 315 546 1
243 473 279 544 1
200 472 238 547 1
159 472 201 551 1
125 473 162 550 1
83 471 125 550 1
51 471 88 547 1
6 472 49 554 1
0 481 9 555 1
442 285 477 363 1
405 281 439 361 1
361 287 397 361 1
321 297 357 372 1
281 292 317 369 1
244 294 279 368 1
203 295 242 373 1
162 292 203 372 1
128 295 165 372 1
91 298 130 373 1
52 295 92 374 1
15 291 55 370 1
0 298 15 373 1
36 90 76 176 1
76 94 118 168 1
116 110 154 181 1
151 96 191 172 1
194 114 231 179 1
231 94 267 168 1
267 91 300 162 1
306 83 339 158 1
345 83 380 160 1
385 87 424 163 1
500 96 538 174 1
544 93 579 172 1
1105 465 1145 540 1
1219 461 1261 531 1
1147 454 1189 534 1
0 92 34 172 1
1205 115 1242 193 1
1238 117 1276 189 1
1166 117 1206 187 1
1125 110 1159 175 1
1086 101 1123 172 1
1051 99 1085 174 1
1013 92 1053 177 1
975 101 1012 177 1
939 103 972 175 1
1077 281 1111 357 1
1037 287 1076 364 1
998 288 1037 363 1
1152 282 1188 356 1
1113 285 1147 360 1
1189 286 1226 358 1
1223 279 1263 356 1
1185 470 1222 542 1
996 481 1031 556 1
960 475 995 546 1
924 467 959 544 1
760 466 797 545 1
802 468 838 546 1
844 477 878 555 1
881 472 916 546 1
6 561 44 641 1
81 556 121 636 1
757 683 838 715 1
1256 460 1279 529 1
1263 284 1279 359 1
899 96 935 171 1
0 567 7 636 1
679 372 714 448 1
