850 0 890 26 1
847 38 885 121 1
848 143 888 226 1
847 253 885 340 1
842 354 880 437 1
837 469 871 552 1
1038 449 1112 488 1
651 77 717 118 1
640 201 719 241 1
638 324 709 360 1
642 367 714 400 1
639 406 716 442 1
640 448 715 483 1
634 491 711 522 1
632 530 712 563 1
627 571 708 606 1
627 612 707 648 1
624 651 706 686 1
623 692 703 719 1
458 416 532 470 1
460 117 546 175 1
466 39 544 90 1
451 629 524 680 1
448 669 529 719 1
304 0 383 33 1
307 31 385 80 1
309 78 387 133 1
296 132 383 183 1
298 171 382 230 1
294 225 380 283 1
290 266 374 327 1
286 310 372 373 1
297 365 376 420 1
300 422 370 467 1
289 462 365 514 1
283 514 358 560 1
289 562 362 610 1
288 611 365 659 1
281 653 356 702 1
