682 174 725 266 1
744 409 787 498 1
633 172 676 261 1
687 415 727 506 1
639 427 674 501 1
589 168 624 260 1
591 403 635 500 1
544 424 584 515 1
499 417 537 515 1
453 426 490 519 1
405 431 447 523 1
348 405 401 543 1
229 435 272 525 1
189 420 230 510 1
47 443 98 540 1
0 428 14 517 1
46 192 94 274 1
0 193 44 286 1
132 185 178 271 1
174 188 218 274 1
219 181 263 268 1
265 198 303 288 1
309 195 352 286 1
398 188 440 280 1
444 187 483 264 1
491 177 529 264 1
536 180 578 267 1
763 0 808 13 1
678 0 714 16 1
623 0 666 23 1
581 0 621 21 1
537 0 575 23 1
487 0 527 28 1
445 0 481 35 1
402 0 439 27 1
360 0 399 33 1
316 0 357 25 1
272 0 314 23 1
223 0 267 43 1
178 0 224 41 1
136 0 179 37 1
0 0 49 33 1
