662 302 707 402 1
609 283 656 386 1
717 288 764 389 1
606 78 705 125 1
773 295 816 395 1
819 299 864 401 1
872 304 933 418 1
425 68 520 115 1
303 67 405 115 1
167 67 276 117 1
0 65 37 116 1
934 302 975 403 1
978 307 1021 397 1
1024 299 1071 408 1
1078 317 1130 418 1
1129 306 1173 398 1
1178 307 1221 400 1
1229 325 1279 384 1
1088 530 1145 627 1
1034 523 1092 621 1
931 526 991 621 1
667 521 730 618 1
603 514 666 614 1
558 518 617 615 1
505 513 564 612 1
288 511 343 601 1
237 514 299 612 1
189 509 243 593 1
103 392 166 498 1
111 287 168 385 1
179 278 228 384 1
227 277 278 366 1
286 281 336 382 1
341 285 391 392 1
393 279 441 385 1
448 286 496 391 1
501 284 550 389 1
558 288 601 387 1
1071 99 1166 150 1
1178 108 1279 159 1
158 693 209 719 1
47 694 98 719 1
0 686 42 719 1
