525 285 567 381 1
591 525 649 616 1
538 534 597 633 1
487 528 537 616 1
586 290 631 395 1
646 294 690 402 1
697 286 743 394 1
749 297 801 398 1
802 291 847 396 1
467 290 514 399 1
402 302 451 402 1
402 409 451 516 1
813 522 871 623 1
865 524 922 621 1
910 518 971 617 1
972 523 1032 621 1
1220 525 1279 619 1
1260 307 1279 400 1
1216 305 1265 401 1
1166 306 1236 418 1
1112 304 1159 403 1
1064 298 1113 396 1
1012 293 1060 393 1
962 308 1007 408 1
909 289 956 392 1
861 296 904 395 1
901 81 996 133 1
719 72 812 121 1
595 68 696 119 1
452 69 560 120 1
206 76 312 123 1
103 72 207 122 1
