851 289 898 356 1
811 307 861 382 1
770 314 820 395 1
728 316 779 391 1
692 325 737 401 1
658 347 700 411 1
610 350 655 414 1
575 358 622 433 1
534 374 580 439 1
502 394 549 468 1
461 409 510 484 1
417 412 467 489 1
374 426 422 497 1
331 431 385 513 1
290 446 340 525 1
249 461 301 541 1
204 480 262 557 1
163 491 218 567 1
125 515 176 583 1
72 512 135 595 1
28 520 88 607 1
0 536 39 611 1
841 525 897 604 1
797 529 845 606 1
763 543 810 619 1
722 552 771 629 1
683 569 733 648 1
646 585 696 668 1
609 597 656 674 1
564 608 614 684 1
521 618 572 700 1
485 633 537 715 1
441 650 494 719 1
400 659 451 719 1
360 668 409 719 1
316 686 359 719 1
825 599 894 646 1
749 619 817 670 1
671 652 747 708 1
583 680 662 719 1
962 668 1010 719 1
920 689 962 719 1
