1229 214 1267 287 1
1188 172 1231 246 1
1193 254 1237 329 1
1153 262 1194 334 1
1151 179 1189 248 1
1111 173 1154 251 1
1113 259 1152 330 1
1072 170 1111 247 1
1076 257 1114 330 1
1037 254 1073 332 1
1031 168 1071 244 1
983 44 1065 79 1
994 177 1033 247 1
1000 247 1037 328 1
960 249 994 325 1
956 166 992 236 1
915 160 951 238 1
920 250 956 324 1
877 174 913 242 1
879 256 916 329 1
856 355 933 389 1
838 168 872 247 1
839 252 875 330 1
794 157 830 231 1
798 247 834 329 1
754 160 792 240 1
758 248 792 329 1
715 161 749 242 1
716 249 750 329 1
674 164 709 237 1
674 242 710 328 1
903 31 971 70 1
821 30 898 69 1
720 27 802 66 1
631 152 665 233 1
589 162 623 239 1
630 237 664 317 1
589 245 623 328 1
548 157 582 240 1
549 248 581 323 1
502 244 540 325 1
506 158 542 240 1
465 163 500 240 1
462 247 495 327 1
422 162 461 243 1
380 163 417 240 1
343 163 380 239 1
301 156 340 236 1
261 159 299 236 1
223 157 260 228 1
182 154 222 232 1
145 159 184 240 1
104 157 144 234 1
66 161 105 236 1
18 159 67 235 1
0 160 22 235 1
643 31 708 67 1
546 33 619 69 1
455 26 538 66 1
369 32 444 67 1
283 34 361 72 1
232 0 272 57 1
192 0 227 62 1
152 0 189 63 1
108 0 150 65 1
69 0 109 65 1
29 0 71 72 1
0 0 29 57 1
424 250 457 320 1
382 251 417 329 1
340 251 376 326 1
301 249 339 326 1
261 249 299 328 1
223 244 260 321 1
179 244 220 326 1
143 245 180 322 1
102 245 143 322 1
64 236 107 319 1
16 249 61 326 1
0 250 21 330 1
105 341 177 377 1
1236 477 1279 558 1
1199 537 1240 603 1
1194 443 1236 522 1
1154 445 1195 514 1
1118 440 1160 520 1
1156 520 1198 601 1
1079 435 1119 513 1
1037 444 1077 518 1
1076 527 1116 604 1
1116 527 1156 607 1
999 435 1035 512 1
1039 526 1074 602 1
999 528 1039 599 1
959 434 1001 516 1
917 438 953 517 1
918 522 956 603 1
960 520 998 598 1
876 438 913 517 1
877 521 913 600 1
838 439 872 515 1
843 527 876 603 1
795 434 832 513 1
1205 709 1239 719 1
1163 699 1202 719 1
797 527 834 606 1
757 442 792 515 1
759 533 793 616 1
717 440 748 519 1
714 540 748 611 1
673 436 708 516 1
672 531 709 608 1
630 434 664 514 1
629 524 664 610 1
587 432 623 504 1
589 534 622 613 1
544 430 580 518 1
546 528 580 610 1
503 432 539 510 1
504 527 539 608 1
457 423 494 506 1
459 531 496 610 1
418 429 453 508 1
375 426 412 514 1
376 523 413 599 1
419 528 456 608 1
333 519 371 597 1
336 398 373 476 1
294 433 332 512 1
293 518 332 596 1
253 431 294 513 1
253 520 292 599 1
214 521 251 597 1
172 515 215 601 1
134 511 171 592 1
92 512 132 598 1
52 511 92 595 1
12 515 53 590 1
0 511 12 587 1
215 431 254 511 1
174 427 217 508 1
135 428 174 507 1
95 429 135 506 1
50 427 95 505 1
10 426 51 501 1
0 427 14 503 1
1119 709 1153 719 1
1081 707 1114 719 1
1035 705 1070 719 1
993 699 1030 719 1
951 703 988 719 1
914 704 951 719 1
833 709 866 719 1
792 702 828 719 1
752 706 788 719 1
710 707 742 719 1
669 705 704 719 1
625 709 657 719 1
584 701 617 719 1
540 699 577 719 1
498 700 532 719 1
459 705 494 719 1
416 699 451 719 1
378 700 411 719 1
336 697 372 719 1
292 698 332 719 1
251 696 288 719 1
209 698 249 719 1
172 692 210 719 1
130 694 170 719 1
91 689 130 719 1
48 690 90 719 1
2 692 46 719 1
