603 34 636 115 1
744 38 778 113 1
783 50 816 116 1
818 38 854 112 1
744 0 781 17 1
786 0 817 27 1
822 0 854 27 1
855 0 889 28 1
892 0 931 26 1
932 0 968 28 1
969 0 1004 24 1
1004 0 1042 21 1
1043 0 1082 25 1
1080 0 1114 28 1
1116 0 1154 33 1
1156 0 1191 30 1
1191 0 1230 24 1
1228 0 1268 25 1
1263 47 1279 111 1
1226 44 1267 117 1
1189 44 1228 117 1
1150 43 1190 117 1
1118 49 1153 122 1
1080 47 1116 118 1
1044 40 1080 116 1
1008 41 1041 112 1
970 36 1007 113 1
932 44 966 117 1
895 39 930 118 1
857 36 892 113 1
1261 222 1279 294 1
1228 226 1265 297 1
1264 304 1279 375 1
1226 304 1266 375 1
1188 222 1230 295 1
1190 307 1229 378 1
1157 227 1189 293 1
1156 307 1190 376 1
1118 220 1160 295 1
1120 311 1157 381 1
1080 223 1118 293 1
1080 311 1117 382 1
1042 219 1079 293 1
1047 312 1080 374 1
1007 228 1045 303 1
1010 311 1045 385 1
975 226 1009 304 1
978 311 1011 371 1
938 224 973 300 1
941 308 978 386 1
900 221 937 302 1
901 315 937 385 1
861 224 894 301 1
865 312 900 391 1
823 218 858 295 1
827 313 861 390 1
780 217 817 294 1
784 310 818 385 1
740 228 774 303 1
743 313 776 390 1
1257 499 1279 566 1
1223 497 1261 569 1
1185 501 1225 569 1
1148 498 1187 569 1
1112 502 1148 576 1
1078 508 1112 578 1
1043 511 1076 572 1
971 509 1005 581 1
1008 505 1041 582 1
936 501 969 576 1
897 502 933 574 1
856 500 895 577 1
819 513 853 587 1
782 511 817 590 1
746 514 777 588 1
706 510 741 586 1
666 513 700 585 1
623 510 658 585 1
534 473 607 509 1
550 391 612 428 1
544 436 610 468 1
541 351 618 386 1
568 264 599 341 1
524 255 560 330 1
481 264 516 338 1
440 260 476 336 1
395 259 430 338 1
355 253 391 326 1
315 257 352 335 1
275 255 311 327 1
239 268 273 331 1
197 263 234 328 1
158 255 196 336 1
113 257 157 336 1
73 258 113 335 1
35 256 76 334 1
0 263 32 332 1
564 91 598 159 1
561 3 595 81 1
519 0 554 71 1
518 75 555 156 1
480 0 516 75 1
480 81 515 164 1
441 0 477 70 1
439 80 473 159 1
398 1 435 78 1
400 78 436 157 1
359 0 393 67 1
362 82 397 152 1
319 0 355 74 1
320 74 357 154 1
277 0 312 73 1
278 75 316 156 1
236 0 273 72 1
237 74 273 152 1
197 0 233 71 1
200 80 238 157 1
159 81 199 159 1
155 0 192 67 1
117 0 155 68 1
72 0 112 70 1
31 0 73 70 1
0 0 31 67 1
120 86 159 167 1
66 87 116 161 1
33 86 71 159 1
0 76 33 160 1
