708 203 822 257 1
712 144 826 197 1
459 253 582 306 1
459 311 576 358 1
341 136 463 186 1
336 200 454 250 1
453 203 567 251 1
466 78 587 136 1
458 140 583 194 1
338 78 467 131 1
1075 649 1171 704 1
710 88 824 141 1
721 261 827 314 1
828 372 941 426 1
840 432 934 479 1
828 489 931 537 1
818 545 943 594 1
819 601 938 655 1
688 429 819 481 1
697 485 818 542 1
688 547 813 598 1
703 661 816 716 1
819 660 932 716 1
460 365 572 416 1
447 421 573 474 1
437 477 560 531 1
444 535 568 588 1
451 594 563 645 1
404 652 526 706 1
309 530 437 587 1
317 591 441 645 1
78 136 211 192 1
79 197 209 252 1
67 318 202 373 1
60 380 193 429 1
72 501 201 549 1
61 560 189 615 1
60 619 178 674 1
84 71 213 127 1
847 259 939 310 1
840 312 952 364 1
830 206 946 260 1
838 154 948 207 1
832 89 948 148 1
1056 109 1166 160 1
1060 164 1164 215 1
1059 219 1162 266 1
1046 270 1153 318 1
1057 327 1169 377 1
1072 382 1169 429 1
1060 433 1169 483 1
1047 484 1162 534 1
1050 540 1179 591 1
1061 594 1175 645 1
1246 81 1279 152 1
1261 170 1279 227 1
1259 241 1279 278 1
1241 284 1279 353 1
1240 344 1279 421 1
1251 421 1279 480 1
0 71 64 124 1
0 132 60 189 1
0 313 44 362 1
0 436 48 485 1
0 563 31 615 1
