832 0 867 41 1
836 43 874 120 1
819 269 860 347 1
811 377 851 452 1
802 468 844 549 1
803 574 843 656 1
869 669 936 719 1
632 0 705 16 1
622 14 699 52 1
620 51 690 88 1
608 93 682 131 1
618 134 687 172 1
631 179 691 213 1
622 218 693 254 1
615 295 686 340 1
596 340 675 381 1
604 507 673 545 1
586 627 668 670 1
413 546 493 599 1
418 463 496 513 1
445 210 523 257 1
442 168 512 217 1
444 48 521 98 1
443 6 524 51 1
285 26 370 84 1
291 0 362 35 1
279 74 360 127 1
279 126 365 180 1
279 168 355 223 1
274 212 349 265 1
269 269 352 319 1
270 315 351 369 1
262 358 341 413 1
258 396 333 454 1
259 453 339 502 1
255 495 339 550 1
257 554 333 602 1
248 597 333 652 1
246 646 327 702 1
238 686 317 719 1
