531 192 609 228 1
537 233 606 268 1
528 273 604 308 1
664 279 699 350 1
626 277 660 360 1
341 314 417 349 1
343 273 416 306 1
337 231 414 269 1
359 515 438 549 1
163 536 243 570 1
167 577 246 614 1
364 554 437 590 1
548 552 624 588 1
637 550 712 583 1
525 312 607 350 1
547 514 624 547 1
632 513 708 547 1
705 281 738 350 1
539 473 615 508 1
632 471 711 504 1
634 589 708 624 1
539 592 616 630 1
549 632 623 665 1
634 627 711 665 1
639 671 711 704 1
631 708 707 719 1
548 669 624 705 1
548 709 620 719 1
364 708 434 719 1
353 669 429 704 1
356 473 434 511 1
153 615 231 653 1
159 654 240 693 1
157 694 240 719 1
837 706 905 719 1
924 704 999 719 1
1106 694 1180 719 1
1094 656 1173 694 1
1088 621 1165 655 1
1085 579 1163 618 1
1088 542 1164 577 1
1095 505 1172 541 1
1085 467 1162 503 1
1096 423 1173 458 1
819 665 896 702 1
924 625 995 662 1
824 627 904 662 1
828 589 909 625 1
918 588 995 626 1
913 549 988 582 1
830 550 907 582 1
912 504 980 540 1
831 507 903 546 1
824 471 902 504 1
910 468 972 497 1
1094 385 1165 420 1
1092 344 1172 377 1
157 494 234 533 1
156 458 238 491 1
155 420 239 454 1
145 378 235 416 1
159 341 231 375 1
165 297 242 332 1
165 258 245 291 1
339 192 416 229 1
334 151 411 192 1
525 153 605 187 1
535 116 606 154 1
539 81 606 115 1
526 43 605 79 1
530 8 604 41 1
344 5 417 39 1
349 43 427 78 1
158 184 238 219 1
166 145 242 181 1
160 106 243 141 1
152 70 240 106 1
161 34 239 68 1
163 0 238 33 1
746 270 776 347 1
784 271 819 349 1
825 269 860 347 1
865 271 900 346 1
903 267 934 342 1
936 278 972 353 1
975 277 1010 354 1
1007 266 1046 347 1
1050 261 1090 339 1
365 594 439 628 1
358 631 432 666 1
