768 29 846 65 1
777 70 853 103 1
780 110 854 144 1
782 150 859 186 1
778 188 852 224 1
770 227 846 261 1
801 266 878 303 1
772 308 847 343 1
790 350 872 387 1
788 392 868 428 1
789 433 856 466 1
786 472 852 507 1
788 512 864 545 1
788 548 858 583 1
789 588 869 624 1
655 66 689 143 1
657 149 689 221 1
664 227 700 309 1
666 313 699 397 1
664 406 701 490 1
671 490 701 557 1
671 562 707 641 1
576 57 648 100 1
566 108 646 145 1
571 149 645 186 1
569 191 646 224 1
574 230 650 268 1
581 271 658 309 1
579 315 653 351 1
579 356 652 391 1
577 397 652 433 1
577 435 660 473 1
584 478 663 517 1
577 518 658 558 1
579 560 659 595 1
582 599 660 641 1
348 25 426 63 1
342 69 427 108 1
331 112 410 149 1
328 155 409 190 1
341 196 412 231 1
330 243 401 275 1
330 281 412 316 1
335 322 404 361 1
346 361 426 399 1
350 401 427 441 1
340 445 422 482 1
341 487 416 524 1
340 528 422 566 1
339 569 423 608 1
342 611 426 650 1
794 629 873 667 1
582 642 663 684 1
351 650 433 686 1
803 670 880 705 1
674 642 711 719 1
579 685 664 719 1
354 693 433 719 1
337 0 410 21 1
754 0 837 22 1
