532 311 613 344 1
538 354 616 390 1
530 117 606 155 1
537 157 613 193 1
532 197 618 233 1
546 237 622 270 1
539 273 613 307 1
544 395 613 430 1
535 435 611 470 1
533 477 614 514 1
987 432 1021 509 1
947 433 984 513 1
907 422 945 502 1
834 425 868 507 1
873 435 908 505 1
794 431 828 509 1
754 431 788 506 1
711 436 746 508 1
671 441 706 512 1
633 439 667 522 1
521 3 602 39 1
534 40 606 74 1
517 74 592 112 1
1020 422 1057 500 1
1060 417 1103 495 1
1104 500 1185 536 1
1106 542 1177 577 1
1106 580 1184 616 1
1096 623 1172 661 1
1105 663 1186 701 1
1099 702 1176 719 1
348 476 424 511 1
350 435 423 468 1
344 393 421 431 1
342 353 422 387 1
337 313 418 349 1
341 276 412 307 1
354 235 426 269 1
351 194 428 230 1
344 158 422 191 1
347 120 420 155 1
347 82 419 116 1
348 42 416 81 1
343 3 420 42 1
178 0 255 32 1
174 33 259 68 1
179 68 253 106 1
171 110 242 144 1
163 149 238 187 1
161 188 238 221 1
153 225 241 262 1
163 262 242 298 1
171 302 243 337 1
162 341 242 377 1
169 416 249 451 1
170 458 245 492 1
163 503 236 535 1
151 542 244 579 1
161 583 243 615 1
165 620 247 655 1
163 657 245 695 1
172 698 253 719 1
365 635 444 674 1
366 677 445 711 1
547 635 624 671 1
641 632 721 668 1
641 673 719 709 1
559 675 633 708 1
559 710 632 719 1
643 710 718 719 1
830 630 911 664 1
918 626 983 660 1
919 662 989 702 1
836 667 911 708 1
838 708 913 719 1
921 705 996 719 1
