474 156 544 224 1
417 217 479 280 1
167 216 242 281 1
360 275 432 346 1
396 365 469 434 1
330 306 400 375 1
384 242 455 314 1
545 215 614 287 1
446 186 515 253 1
719 438 787 506 1
692 471 758 533 1
660 495 733 568 1
626 525 697 591 1
537 498 606 569 1
564 467 635 535 1
593 434 663 507 1
622 407 694 478 1
305 337 374 406 1
341 432 412 504 1
271 368 341 439 1
218 429 293 505 1
313 463 387 533 1
286 485 357 561 1
259 519 331 590 1
197 580 269 646 1
506 528 574 596 1
653 376 727 449 1
688 302 755 365 1
746 404 813 474 1
771 375 839 444 1
803 349 867 414 1
428 0 493 60 1
365 55 434 126 1
281 82 355 155 1
253 115 326 186 1
226 149 298 218 1
197 179 270 247 1
148 251 219 316 1
517 247 588 318 1
484 272 554 344 1
453 303 525 377 1
428 335 497 407 1
360 388 437 462 1
245 400 311 466 1
158 490 226 558 1
191 457 265 531 1
221 545 294 614 1
598 557 675 631 1
836 317 900 387 1
783 222 856 293 1
761 257 829 320 1
733 283 806 351 1
681 349 748 417 1
871 527 940 593 1
843 559 911 629 1
512 130 578 194 1
540 103 609 169 1
567 69 641 142 1
599 45 663 110 1
622 15 695 84 1
577 189 645 259 1
606 162 676 227 1
636 133 697 193 1
656 105 726 172 1
684 74 755 140 1
652 0 722 52 1
687 0 746 26 1
715 47 780 109 1
741 18 812 86 1
759 0 831 52 1
800 0 864 31 1
855 0 886 14 1
103 269 179 336 1
77 303 152 369 1
48 334 118 394 1
20 366 98 435 1
0 396 66 465 1
141 523 201 583 1
168 610 240 680 1
105 546 180 618 1
75 582 149 649 1
142 644 213 709 1
114 678 185 719 1
77 700 129 719 1
49 613 110 675 1
5 641 83 716 1
0 671 38 719 1
397 483 468 558 1
474 561 543 629 1
447 589 520 654 1
421 616 493 689 1
395 650 465 718 1
362 676 431 719 1
337 704 375 719 1
457 708 491 719 1
489 681 556 719 1
511 647 582 714 1
542 621 610 683 1
569 588 642 659 1
778 112 837 183 1
818 198 886 263 1
844 168 916 238 1
870 144 933 202 1
897 115 964 182 1
926 89 990 154 1
952 67 1019 130 1
977 40 1039 100 1
995 12 1063 71 1
1022 0 1089 50 1
1063 0 1118 27 1
1129 0 1198 54 1
1105 13 1166 78 1
1086 40 1146 105 1
1062 69 1123 132 1
1043 97 1106 166 1
1018 128 1079 189 1
990 152 1051 214 1
956 174 1029 241 1
942 207 1004 274 1
909 232 979 301 1
884 261 951 327 1
863 291 927 358 1
701 704 740 719 1
729 673 800 719 1
760 648 825 715 1
784 615 853 683 1
812 591 880 660 1
897 496 970 568 1
924 468 990 533 1
948 438 1016 503 1
981 412 1047 478 1
998 381 1068 447 1
1022 351 1094 422 1
1057 324 1123 392 1
1079 303 1144 367 1
1103 267 1170 338 1
1127 245 1198 310 1
1151 213 1226 282 1
1172 187 1245 252 1
1202 166 1263 220 1
1228 142 1279 197 1
1247 108 1279 159 1
1266 90 1279 111 1
1179 0 1220 24 1
