476 207 520 307 1
427 205 467 295 1
533 201 574 299 1
513 613 580 708 1
377 218 420 292 1
327 199 368 293 1
276 195 319 290 1
229 204 268 291 1
582 198 624 294 1
631 210 673 300 1
683 218 724 312 1
760 338 804 438 1
775 87 876 136 1
180 195 225 286 1
132 214 174 268 1
80 193 129 285 1
33 194 85 282 1
0 203 35 298 1
546 421 611 514 1
859 628 918 715 1
806 614 866 698 1
754 609 819 699 1
636 626 699 712 1
573 614 648 710 1
458 613 522 703 1
391 615 460 707 1
347 599 416 690 1
283 604 351 694 1
230 602 296 696 1
112 599 178 685 1
683 624 756 719 1
488 409 550 515 1
440 416 499 511 1
391 423 446 518 1
340 432 397 520 1
234 412 298 510 1
186 421 250 508 1
0 407 53 503 1
593 0 694 52 1
361 2 459 51 1
92 5 196 52 1
0 0 84 50 1
54 583 135 691 1
