833 0 870 60 1
831 72 866 148 1
833 174 874 258 1
836 287 869 375 1
833 387 868 472 1
828 502 862 586 1
1030 477 1105 516 1
634 119 700 155 1
625 241 704 277 1
624 364 696 399 1
628 404 702 437 1
628 444 705 482 1
628 488 703 518 1
626 528 702 562 1
624 567 702 602 1
617 609 699 644 1
620 652 699 687 1
622 691 699 719 1
445 159 531 217 1
447 81 522 134 1
446 452 522 510 1
443 668 523 719 1
293 650 361 701 1
284 600 357 654 1
275 554 349 605 1
281 506 357 562 1
294 461 358 511 1
289 410 364 463 1
277 356 360 416 1
278 310 364 373 1
285 273 366 323 1
283 221 367 276 1
284 181 364 229 1
291 128 369 179 1
285 78 369 128 1
275 25 362 83 1
285 0 368 40 1
