963 315 1057 406 1
1114 180 1225 274 1
1126 96 1216 192 1
1073 48 1175 150 1
1049 3 1143 94 1
1004 0 1094 67 1
871 231 961 316 1
848 179 931 265 1
796 143 882 245 1
769 92 856 186 1
686 17 763 105 1
656 450 752 496 1
648 514 758 553 1
524 499 631 540 1
520 550 632 593 1
519 592 636 644 1
525 647 635 703 1
312 631 406 681 1
289 688 408 719 1
188 696 290 719 1
179 597 284 648 1
284 526 393 580 1
176 541 284 597 1
0 648 79 698 1
0 554 65 602 1
0 496 67 546 1
0 398 56 443 1
0 347 63 392 1
0 247 54 292 1
0 191 49 238 1
0 99 38 137 1
0 41 49 82 1
160 80 266 127 1
264 137 377 175 1
278 186 380 234 1
154 180 263 228 1
275 268 392 311 1
284 426 397 468 1
169 389 284 441 1
538 391 639 434 1
535 447 634 490 1
