639 272 676 352 1
679 276 715 345 1
597 269 632 338 1
552 267 589 348 1
722 271 757 354 1
766 270 805 358 1
642 357 678 433 1
807 282 842 360 1
849 280 883 359 1
887 282 923 361 1
926 287 962 364 1
966 292 1001 364 1
1003 287 1041 368 1
1042 288 1078 362 1
1080 290 1117 365 1
1118 288 1155 359 1
1154 299 1192 361 1
1192 300 1231 378 1
1229 297 1269 373 1
1267 303 1279 376 1
975 195 1050 231 1
1272 129 1279 198 1
1237 128 1273 204 1
1193 131 1236 199 1
1240 41 1279 118 1
1199 45 1238 106 1
1156 121 1195 199 1
1158 36 1198 110 1
1123 113 1156 185 1
1119 34 1158 108 1
1081 27 1118 102 1
1046 27 1082 104 1
1007 24 1043 96 1
968 19 1003 93 1
927 14 966 91 1
850 15 884 88 1
1085 115 1124 191 1
1043 117 1085 186 1
1007 105 1042 182 1
967 104 1008 186 1
929 106 965 178 1
891 99 929 178 1
852 100 889 175 1
1262 390 1279 463 1
1225 382 1273 459 1
1189 386 1226 458 1
1153 383 1191 452 1
1113 380 1151 454 1
811 93 848 177 1
771 97 807 175 1
729 88 766 172 1
812 9 845 85 1
770 2 807 78 1
732 0 764 80 1
691 5 725 86 1
649 0 683 77 1
609 0 643 77 1
564 4 599 80 1
352 11 432 51 1
688 93 723 175 1
645 77 682 165 1
607 82 641 163 1
560 84 597 162 1
354 122 433 162 1
347 240 430 278 1
348 299 433 338 1
338 360 421 396 1
359 424 439 459 1
682 360 716 445 1
724 369 760 450 1
764 373 800 447 1
807 371 841 446 1
847 366 884 449 1
886 374 922 451 1
924 371 960 453 1
964 380 1003 456 1
1002 381 1038 450 1
1038 377 1075 451 1
1075 377 1122 452 1
1260 555 1279 632 1
1223 550 1266 626 1
1180 552 1217 631 1
1144 553 1184 630 1
1108 551 1145 629 1
1070 545 1109 620 1
1031 548 1068 628 1
994 545 1031 619 1
953 552 990 624 1
917 555 952 622 1
874 549 911 628 1
837 542 873 618 1
794 542 830 626 1
754 543 788 616 1
711 550 750 629 1
