749 358 791 444 1
799 361 842 453 1
848 355 886 434 1
890 350 934 447 1
937 350 980 436 1
1025 348 1070 435 1
1069 352 1112 439 1
1115 347 1160 434 1
1159 369 1207 457 1
1202 364 1256 457 1
1107 471 1180 561 1
1246 582 1279 719 1
1246 105 1279 196 1
1202 106 1248 188 1
1153 87 1201 181 1
1109 108 1154 199 1
1066 102 1113 196 1
1021 97 1066 187 1
887 98 927 183 1
844 100 884 185 1
792 99 832 187 1
744 89 785 180 1
654 96 696 177 1
564 95 603 177 1
517 97 558 193 1
424 101 464 192 1
374 110 419 200 1
329 101 373 190 1
288 93 330 181 1
240 87 287 177 1
200 96 240 185 1
151 102 195 197 1
268 274 358 327 1
698 350 739 451 1
655 355 694 451 1
608 358 648 451 1
561 359 601 448 1
509 355 548 442 1
464 352 502 441 1
417 347 457 437 1
371 345 410 438 1
321 344 367 439 1
280 355 319 440 1
233 351 280 444 1
184 359 232 450 1
143 357 187 451 1
99 353 148 441 1
47 360 100 447 1
1078 592 1122 685 1
934 614 979 714 1
843 598 886 700 1
751 602 792 697 1
704 608 741 701 1
656 608 697 705 1
606 600 647 685 1
559 605 598 701 1
514 607 552 698 1
465 609 507 697 1
417 603 460 694 1
370 608 414 700 1
322 607 364 701 1
280 603 318 690 1
236 606 277 693 1
184 601 230 692 1
141 617 186 689 1
97 605 145 694 1
48 591 100 679 1
0 602 51 692 1
