660 6 696 85 1
663 93 699 170 1
590 244 653 277 1
669 178 700 251 1
564 29 649 70 1
568 74 644 110 1
570 113 647 150 1
584 144 660 185 1
580 197 655 233 1
589 284 649 314 1
783 32 860 69 1
673 263 707 348 1
584 319 669 358 1
322 40 406 78 1
790 69 872 108 1
803 110 882 148 1
594 369 666 405 1
334 420 409 455 1
329 462 418 505 1
586 450 681 496 1
586 413 666 453 1
678 357 714 435 1
806 558 887 599 1
810 519 886 556 1
810 480 888 515 1
808 437 886 478 1
809 397 888 434 1
796 357 873 395 1
793 316 877 354 1
790 280 870 314 1
784 236 864 271 1
801 187 881 229 1
805 150 870 184 1
323 646 412 687 1
329 0 407 32 1
326 117 422 161 1
319 79 404 114 1
347 165 426 201 1
356 208 424 243 1
340 249 430 286 1
352 293 435 327 1
353 332 421 368 1
348 375 433 410 1
845 682 882 719 1
322 681 410 719 1
781 0 858 25 1
570 0 650 26 1
