445 141 506 265 1
693 177 748 287 1
668 504 725 624 1
609 504 666 620 1
546 492 605 613 1
514 149 565 268 1
576 157 625 272 1
634 168 687 280 1
759 188 813 301 1
817 194 868 310 1
730 509 789 630 1
790 507 846 614 1
484 497 538 618 1
416 490 468 614 1
358 485 411 593 1
299 482 354 590 1
234 468 296 588 1
179 484 234 577 1
118 464 179 579 1
60 441 119 556 1
0 448 61 564 1
387 157 443 263 1
326 145 387 262 1
262 150 323 268 1
205 149 267 263 1
152 134 214 250 1
86 136 150 253 1
877 195 931 315 1
932 195 988 321 1
996 207 1048 318 1
1055 219 1115 335 1
1114 219 1169 316 1
1167 217 1230 336 1
1230 221 1279 330 1
1204 558 1272 684 1
1088 527 1154 657 1
971 522 1033 644 1
849 522 914 639 1
912 526 971 642 1
