247 393 352 434 1
735 388 837 433 1
853 391 957 433 1
1126 381 1227 426 1
1262 589 1279 691 1
1212 590 1265 682 1
1162 603 1213 682 1
1110 590 1158 689 1
1058 584 1108 688 1
1011 597 1055 692 1
958 591 1003 688 1
911 611 952 676 1
855 592 900 697 1
806 597 847 692 1
752 614 798 719 1
690 598 737 711 1
642 610 684 703 1
590 608 633 714 1
531 611 580 719 1
477 609 524 711 1
427 606 471 706 1
368 603 418 707 1
318 619 362 719 1
264 598 312 706 1
216 607 264 708 1
161 601 209 713 1
104 611 159 717 1
49 600 106 712 1
0 610 50 719 1
0 388 56 433 1
65 390 168 432 1
