730 202 795 267 1
642 172 710 238 1
620 200 681 265 1
707 232 774 301 1
684 265 747 327 1
589 231 657 300 1
561 260 631 332 1
847 372 906 425 1
783 421 851 488 1
540 291 608 357 1
658 296 721 357 1
627 321 697 391 1
601 351 668 419 1
916 438 975 497 1
852 483 913 540 1
1208 353 1277 418 1
1180 377 1245 438 1
1157 402 1224 462 1
1132 432 1196 495 1
1109 462 1177 527 1
1092 494 1155 556 1
1041 551 1109 605 1
1068 523 1131 586 1
510 324 579 392 1
573 384 639 451 1
544 413 611 481 1
484 351 551 416 1
456 381 527 447 1
518 444 590 514 1
500 476 564 540 1
436 414 501 482 1
398 440 465 506 1
378 470 443 537 1
469 503 535 566 1
446 535 514 599 1
411 553 478 605 1
340 509 407 573 1
565 0 628 53 1
543 23 607 89 1
512 50 579 119 1
484 81 553 148 1
459 112 526 176 1
427 138 499 208 1
405 168 471 239 1
378 199 447 268 1
349 226 421 298 1
321 254 392 323 1
675 148 735 210 1
1222 318 1279 382 1
1257 300 1279 350 1
696 117 762 182 1
760 174 825 240 1
836 512 900 578 1
807 541 870 600 1
781 570 839 629 1
942 405 1006 474 1
963 378 1027 438 1
871 341 934 403 1
901 316 965 378 1
920 274 985 335 1
943 248 1015 315 1
969 224 1043 293 1
998 199 1066 262 1
1023 172 1091 232 1
1043 144 1107 207 1
1103 198 1160 252 1
1082 224 1140 281 1
1053 256 1118 321 1
1033 288 1098 354 1
1013 316 1072 381 1
763 453 825 512 1
818 394 879 454 1
738 480 809 550 1
712 517 774 571 1
681 541 750 606 1
660 575 722 634 1
790 151 851 213 1
725 91 791 154 1
753 63 818 127 1
772 32 836 97 1
802 10 868 74 1
828 0 894 47 1
874 0 911 18 1
912 17 979 81 1
888 40 950 103 1
863 69 930 131 1
838 93 900 156 1
813 120 881 185 1
1082 0 1127 23 1
1107 0 1175 51 1
1137 5 1210 78 1
1171 34 1234 100 1
1191 67 1253 127 1
1214 91 1276 153 1
1244 123 1279 179 1
1265 170 1279 196 1
384 587 441 647 1
597 0 652 27 1
302 288 364 351 1
270 317 333 378 1
241 343 305 407 1
204 365 270 424 1
181 401 249 463 1
160 433 230 497 1
132 461 200 528 1
102 494 177 559 1
81 525 156 591 1
56 559 125 620 1
27 587 96 649 1
341 0 390 30 1
310 7 370 64 1
267 20 337 92 1
251 57 316 122 1
212 71 280 142 1
182 106 260 177 1
156 135 227 205 1
139 172 206 234 1
104 196 175 260 1
76 229 145 293 1
42 254 115 320 1
21 289 99 358 1
0 320 76 390 1
0 352 47 419 1
0 414 27 450 1
