401 229 471 297 1
377 381 454 454 1
353 410 423 480 1
344 290 406 353 1
288 128 358 199 1
803 209 866 270 1
354 64 420 131 1
414 0 486 71 1
94 289 169 354 1
287 348 359 419 1
323 438 396 507 1
257 379 327 448 1
311 315 382 387 1
436 202 506 268 1
484 0 520 9 1
408 346 480 417 1
465 174 535 242 1
441 320 514 393 1
472 288 541 360 1
373 259 442 326 1
828 568 901 641 1
857 540 923 605 1
880 507 949 578 1
830 181 899 248 1
894 241 966 311 1
842 300 914 370 1
817 329 884 398 1
646 511 714 579 1
619 544 685 606 1
587 568 660 641 1
553 598 624 664 1
464 571 533 642 1
491 540 562 608 1
520 507 590 580 1
549 480 621 551 1
777 237 848 306 1
875 275 939 342 1
927 217 987 282 1
857 155 926 220 1
888 131 954 195 1
917 103 975 164 1
931 75 999 137 1
962 50 1021 110 1
206 156 281 226 1
177 187 254 261 1
150 223 226 292 1
122 253 196 322 1
74 323 145 387 1
27 342 106 411 1
2 378 78 440 1
0 410 45 467 1
0 470 25 506 1
232 410 301 479 1
289 461 365 534 1
376 501 447 576 1
731 144 792 216 1
268 505 339 577 1
198 441 268 512 1
173 474 239 540 1
145 502 220 578 1
240 536 314 606 1
213 558 284 634 1
117 532 193 607 1
186 592 258 663 1
149 617 224 688 1
86 563 154 631 1
65 595 131 660 1
124 653 196 719 1
91 684 156 719 1
29 620 107 694 1
0 657 75 719 1
502 260 571 330 1
532 232 601 300 1
562 202 625 264 1
494 139 567 213 1
525 114 592 179 1
550 83 625 154 1
579 55 651 120 1
607 30 678 95 1
632 0 699 60 1
670 0 731 37 1
721 0 762 15 1
785 0 851 39 1
827 0 876 14 1
757 7 826 70 1
723 24 795 97 1
691 54 760 117 1
671 85 744 152 1
645 113 713 177 1
611 141 684 210 1
585 176 654 242 1
433 601 501 669 1
400 631 471 698 1
375 661 448 719 1
349 688 413 719 1
471 692 523 719 1
495 660 569 719 1
527 630 602 702 1
580 449 654 522 1
609 422 675 491 1
615 375 682 438 1
663 355 733 426 1
688 328 759 393 1
673 477 740 547 1
698 448 766 517 1
730 422 794 487 1
765 391 831 458 1
793 362 858 430 1
713 294 785 362 1
749 267 816 334 1
983 22 1053 89 1
1013 0 1077 61 1
1042 0 1101 33 1
956 194 1015 255 1
977 161 1045 229 1
998 132 1060 197 1
1023 103 1085 165 1
1042 74 1104 142 1
1070 48 1134 114 1
1090 19 1156 85 1
1121 0 1178 59 1
1152 0 1205 39 1
1198 0 1230 18 1
1261 91 1279 134 1
1226 115 1279 181 1
1209 145 1279 207 1
1185 171 1250 229 1
1166 204 1227 261 1
1144 229 1201 286 1
1114 250 1183 319 1
1090 278 1165 347 1
1065 309 1134 379 1
1041 333 1108 404 1
1016 371 1082 435 1
992 394 1059 458 1
961 418 1027 489 1
935 450 1002 519 1
913 481 980 549 1
800 601 869 668 1
772 630 840 701 1
742 662 815 719 1
714 687 770 719 1
