451 682 535 719 1
640 687 718 719 1
733 687 812 719 1
934 690 1008 719 1
934 653 1012 690 1
938 608 1019 646 1
940 571 1022 606 1
936 528 1014 567 1
938 485 1020 524 1
943 447 1021 483 1
735 647 801 683 1
938 409 1017 445 1
941 369 1021 407 1
939 326 1014 363 1
943 286 1013 321 1
734 607 811 644 1
740 569 814 604 1
653 570 722 610 1
644 610 723 646 1
642 647 725 685 1
642 528 718 565 1
641 484 724 523 1
736 481 815 518 1
737 443 816 481 1
637 440 718 477 1
650 402 725 439 1
732 403 807 441 1
744 360 824 399 1
651 354 733 394 1
740 317 818 356 1
648 317 731 353 1
746 273 817 313 1
651 272 726 309 1
459 271 528 309 1
449 310 526 350 1
452 357 516 391 1
451 398 526 431 1
452 438 533 474 1
451 478 528 513 1
448 518 527 556 1
444 560 519 597 1
448 598 527 636 1
358 638 436 677 1
453 643 516 678 1
356 680 437 718 1
366 599 440 638 1
347 554 431 596 1
361 516 430 551 1
358 475 440 513 1
360 434 437 473 1
351 394 422 430 1
347 350 425 390 1
350 308 432 349 1
352 269 430 304 1
300 402 337 480 1
159 670 237 711 1
155 630 231 667 1
65 627 146 667 1
63 668 132 707 1
68 707 147 719 1
70 588 139 624 1
162 590 240 628 1
163 548 238 585 1
172 507 241 544 1
171 466 252 503 1
79 465 160 500 1
77 507 148 545 1
75 550 150 585 1
79 424 155 459 1
171 429 260 466 1
174 385 256 418 1
74 382 153 420 1
178 343 255 380 1
79 340 155 377 1
78 297 158 337 1
178 303 259 340 1
172 261 257 297 1
81 257 169 297 1
98 150 180 203 1
369 89 451 129 1
463 90 542 130 1
475 53 550 86 1
184 94 267 131 1
92 91 172 129 1
85 47 165 87 1
180 51 260 89 1
190 12 265 50 1
199 0 267 10 1
98 0 167 9 1
88 10 167 45 1
378 0 456 12 1
471 0 546 14 1
376 15 448 48 1
371 47 445 87 1
653 0 733 26 1
745 0 828 28 1
737 28 811 67 1
738 66 819 103 1
656 62 733 103 1
654 103 726 144 1
735 106 817 145 1
930 0 1012 29 1
928 33 1002 68 1
932 69 1006 106 1
937 109 1009 146 1
933 147 1013 186 1
944 188 1017 226 1
