865 390 935 423 1
941 387 1025 424 1
944 347 1023 382 1
864 351 942 384 1
586 347 662 382 1
586 311 658 344 1
584 270 660 309 1
304 362 376 397 1
310 403 389 437 1
960 555 1031 589 1
959 593 1032 632 1
966 634 1040 670 1
876 638 959 672 1
680 605 758 641 1
874 600 951 635 1
684 650 748 682 1
687 569 757 601 1
581 651 659 684 1
580 612 663 646 1
313 569 392 604 1
399 400 479 436 1
1133 416 1214 449 1
1135 375 1212 411 1
942 308 1014 341 1
861 309 937 346 1
859 272 938 308 1
680 225 751 260 1
584 228 662 266 1
580 191 656 227 1
392 358 467 391 1
398 317 470 352 1
394 274 469 311 1
388 235 462 273 1
304 240 379 276 1
301 278 378 314 1
301 321 378 356 1
303 201 372 235 1
395 198 466 233 1
872 557 948 590 1
580 570 660 605 1
402 567 481 608 1
410 610 488 646 1
309 608 387 645 1
412 649 488 686 1
410 690 493 719 1
310 652 384 685 1
310 692 389 719 1
173 664 214 719 1
536 680 572 719 1
586 691 659 719 1
688 687 760 719 1
878 678 951 717 1
954 676 1030 711 1
1161 706 1240 719 1
1152 668 1233 704 1
1154 630 1237 666 1
1149 589 1229 624 1
1149 551 1223 584 1
1145 453 1220 486 1
1127 332 1204 368 1
1124 296 1199 332 1
1126 256 1206 292 1
1123 223 1198 255 1
1113 182 1195 219 1
1116 147 1198 180 1
1116 106 1187 145 1
1105 36 1173 75 1
1104 0 1178 35 1
939 73 1008 108 1
846 71 913 111 1
837 0 903 17 1
947 268 1027 300 1
947 225 1018 261 1
857 229 934 265 1
849 190 922 225 1
941 188 1015 222 1
938 152 1012 185 1
934 113 1002 148 1
844 115 921 151 1
850 153 925 186 1
658 0 733 32 1
573 3 645 37 1
655 34 732 70 1
659 71 735 106 1
572 37 649 74 1
577 74 651 110 1
661 106 736 144 1
572 111 645 146 1
664 144 739 183 1
576 148 650 188 1
672 188 749 223 1
679 264 751 299 1
587 389 663 426 1
678 388 758 425 1
689 347 760 381 1
171 411 208 492 1
165 325 203 401 1
167 228 204 309 1
170 134 206 207 1
169 52 208 125 1
167 0 203 39 1
308 10 376 44 1
393 8 461 42 1
394 44 468 81 1
308 48 384 85 1
390 82 463 117 1
311 86 373 122 1
303 122 380 160 1
387 120 459 154 1
388 158 457 192 1
299 163 369 198 1
