1164 167 1224 257 1
1112 161 1167 251 1
1072 165 1127 254 1
1025 159 1083 249 1
832 154 889 236 1
786 157 843 250 1
742 151 789 231 1
638 344 692 424 1
579 335 639 424 1
525 320 586 417 1
693 331 750 424 1
746 350 806 434 1
853 353 912 445 1
911 351 970 441 1
959 352 1021 448 1
1022 338 1086 439 1
1181 349 1243 440 1
1232 349 1279 437 1
665 36 709 141 1
667 0 705 35 1
727 0 766 37 1
772 0 816 22 1
830 0 871 33 1
877 0 920 49 1
926 0 971 43 1
974 0 1021 50 1
1023 0 1064 46 1
1069 0 1110 49 1
1112 0 1154 51 1
1156 0 1206 67 1
1206 0 1256 59 1
1257 0 1279 58 1
