319 129 426 184 1
747 279 864 327 1
1043 677 1154 719 1
1150 564 1267 618 1
1137 512 1257 566 1
1137 463 1250 516 1
1122 411 1233 462 1
1130 357 1244 407 1
1132 299 1241 352 1
1119 245 1233 295 1
1004 250 1110 302 1
1005 317 1117 362 1
1006 376 1119 420 1
1013 485 1128 537 1
770 507 878 557 1
777 565 888 617 1
780 677 898 719 1
647 629 758 685 1
645 515 747 566 1
631 408 742 459 1
621 347 734 392 1
614 288 730 337 1
376 366 471 413 1
387 424 480 472 1
376 533 485 585 1
373 592 483 647 1
405 654 500 699 1
248 606 360 658 1
7 629 116 670 1
0 463 85 508 1
0 395 92 449 1
242 330 343 370 1
236 382 351 428 1
617 4 728 59 1
742 4 855 57 1
970 0 1087 35 1
