604 587 647 688 1
547 566 594 675 1
497 576 543 678 1
441 573 491 682 1
388 581 442 686 1
338 570 387 682 1
283 583 336 692 1
225 578 279 681 1
41 594 104 701 1
658 568 707 673 1
718 572 761 670 1
765 574 810 673 1
821 573 878 703 1
532 358 637 404 1
347 358 445 402 1
223 361 330 404 1
84 366 199 410 1
113 581 171 688 1
169 577 220 673 1
874 568 916 668 1
922 568 966 662 1
969 556 1014 666 1
1024 570 1073 672 1
1074 554 1119 648 1
1123 553 1168 649 1
1174 567 1222 629 1
1220 548 1270 645 1
1012 351 1105 399 1
1119 353 1216 393 1
