1236 198 1277 271 1
1242 288 1279 355 1
1203 287 1243 356 1
1164 280 1206 356 1
1132 290 1167 360 1
1096 286 1133 364 1
1198 195 1238 267 1
1162 195 1200 269 1
1127 194 1163 260 1
1089 194 1129 272 1
1056 286 1095 364 1
1020 292 1056 365 1
1051 198 1089 269 1
1010 190 1051 266 1
972 197 1009 275 1
936 196 977 276 1
893 205 931 277 1
856 205 893 282 1
818 203 857 287 1
777 205 815 286 1
736 201 774 283 1
696 205 732 286 1
655 207 688 286 1
611 207 647 286 1
982 292 1020 367 1
939 288 978 361 1
900 287 939 363 1
863 288 900 364 1
822 293 861 369 1
784 297 822 368 1
742 293 780 377 1
701 292 737 373 1
655 294 695 381 1
615 294 651 379 1
625 393 703 429 1
572 300 610 377 1
564 208 601 288 1
524 210 563 290 1
483 213 518 297 1
486 307 526 382 1
529 299 569 380 1
438 218 477 298 1
441 303 479 384 1
396 216 436 300 1
400 305 441 388 1
359 309 400 389 1
356 218 393 299 1
313 218 350 301 1
318 315 357 398 1
273 310 317 395 1
266 219 307 302 1
227 226 266 308 1
187 228 227 295 1
147 221 186 298 1
103 228 146 306 1
59 232 102 305 1
11 232 59 314 1
0 239 12 318 1
233 319 273 394 1
190 318 233 392 1
151 319 191 398 1
109 319 151 397 1
69 322 109 400 1
26 329 70 398 1
0 333 28 411 1
0 139 60 176 1
1242 449 1279 527 1
1205 447 1247 527 1
1167 458 1207 528 1
1134 455 1170 532 1
1094 452 1135 530 1
1056 455 1094 532 1
1023 463 1062 536 1
983 460 1023 536 1
946 462 983 539 1
909 465 948 547 1
870 468 909 546 1
825 471 865 551 1
785 475 824 552 1
748 473 786 552 1
708 475 743 554 1
666 474 706 560 1
623 477 662 558 1
583 483 619 565 1
538 496 576 562 1
498 486 534 565 1
455 490 495 572 1
412 492 451 571 1
369 495 408 575 1
329 494 366 574 1
290 488 327 571 1
244 496 284 580 1
204 500 242 580 1
160 498 203 581 1
117 495 160 575 1
79 500 120 583 1
36 499 79 578 1
0 509 36 586 1
0 49 10 130 1
5 38 48 124 1
49 47 96 127 1
95 43 140 123 1
140 36 180 114 1
182 40 221 123 1
224 46 262 119 1
266 38 300 121 1
305 34 346 108 1
352 31 387 112 1
391 24 426 103 1
434 30 471 111 1
476 26 512 109 1
516 27 554 108 1
557 25 594 103 1
601 10 640 95 1
644 16 682 98 1
687 19 721 98 1
724 17 764 101 1
769 17 804 97 1
808 20 844 104 1
848 18 884 99 1
888 23 923 103 1
925 22 965 99 1
963 24 1001 91 1
1000 22 1035 98 1
1037 19 1077 96 1
1077 23 1116 89 1
1117 19 1158 97 1
1153 12 1190 84 1
1190 11 1228 95 1
1229 20 1265 93 1
1264 17 1279 95 1
1266 0 1279 11 1
1228 0 1263 13 1
1185 0 1227 12 1
1149 0 1183 10 1
1113 0 1149 14 1
1080 0 1112 11 1
1038 0 1075 19 1
1000 0 1033 15 1
963 0 996 18 1
922 0 958 16 1
882 0 917 13 1
848 0 878 12 1
805 0 839 10 1
681 0 717 12 1
639 0 674 10 1
602 0 636 11 1
554 0 589 12 1
512 0 548 13 1
470 0 506 24 1
432 0 468 25 1
386 0 421 18 1
347 0 381 20 1
310 0 345 27 1
264 0 300 31 1
220 0 258 23 1
170 0 216 28 1
130 0 169 32 1
88 0 128 30 1
41 0 86 36 1
0 0 39 34 1
