879 212 925 312 1
926 222 971 315 1
973 216 1013 316 1
339 9 433 53 1
779 215 822 308 1
726 210 765 297 1
674 211 717 313 1
1018 224 1060 312 1
1061 219 1106 314 1
433 11 525 59 1
617 218 659 312 1
617 319 662 424 1
1115 431 1174 519 1
1062 424 1116 513 1
1242 236 1278 325 1
1198 230 1247 319 1
1152 225 1202 316 1
1107 238 1154 328 1
1057 30 1143 79 1
898 21 982 70 1
785 14 877 63 1
660 12 755 61 1
837 218 876 316 1
1025 428 1077 514 1
978 427 1033 515 1
785 428 836 510 1
736 433 789 524 1
691 427 741 507 1
1174 605 1240 698 1
1124 610 1189 695 1
962 603 1034 702 1
909 619 969 707 1
862 615 916 700 1
798 619 863 709 1
694 619 754 702 1
647 606 703 702 1
588 619 645 707 1
537 611 593 694 1
487 597 544 685 1
