480 378 520 467 1
573 374 615 464 1
617 378 659 468 1
667 374 708 462 1
716 394 756 488 1
716 107 760 202 1
669 127 711 222 1
619 121 665 215 1
578 116 616 209 1
766 125 806 206 1
763 391 808 486 1
860 388 899 483 1
433 124 472 203 1
630 625 668 716 1
478 645 519 719 1
1134 379 1182 472 1
1088 379 1138 465 1
1043 374 1085 463 1
995 382 1037 471 1
951 381 993 467 1
905 387 943 467 1
390 125 429 212 1
338 128 379 216 1
296 122 336 212 1
205 132 251 210 1
119 130 164 210 1
75 135 119 228 1
388 625 432 719 1
296 626 338 719 1
250 631 292 719 1
811 610 861 719 1
863 635 901 719 1
909 631 950 719 1
956 624 996 717 1
1000 629 1043 716 1
1042 610 1091 709 1
1092 632 1134 708 1
1136 620 1182 711 1
1193 613 1243 704 1
205 634 248 719 1
157 621 201 709 1
110 629 156 719 1
65 628 110 719 1
160 388 200 477 1
200 385 242 479 1
243 381 286 477 1
293 386 333 470 1
341 389 382 480 1
386 383 426 462 1
114 388 160 473 1
64 384 109 467 1
812 124 853 216 1
857 133 895 215 1
899 132 940 219 1
944 136 983 224 1
991 128 1035 215 1
1036 117 1078 217 1
1078 134 1120 222 1
1124 137 1163 216 1
1164 112 1210 200 1
681 578 753 664 1
431 377 473 476 1
0 135 33 226 1
20 382 64 467 1
0 379 20 465 1
11 631 65 719 1
0 624 20 719 1
