921 163 993 200 1
724 0 763 50 1
723 60 757 152 1
713 176 749 261 1
516 32 585 69 1
518 74 595 109 1
516 113 594 147 1
516 154 591 189 1
514 195 586 228 1
509 233 590 273 1
503 277 582 315 1
501 323 582 357 1
500 359 581 395 1
499 403 576 439 1
497 440 580 480 1
490 484 570 519 1
321 417 396 468 1
323 371 402 426 1
327 330 398 382 1
333 118 407 170 1
182 0 252 29 1
166 17 250 77 1
172 66 255 127 1
179 122 247 167 1
165 165 242 219 1
157 215 234 264 1
164 259 240 313 1
168 313 240 359 1
152 354 231 403 1
155 400 236 456 1
147 445 234 498 1
168 501 236 548 1
136 536 230 594 1
150 595 243 649 1
