686 305 722 382 1
645 303 682 384 1
641 498 676 571 1
600 494 635 571 1
682 488 715 565 1
679 583 714 662 1
635 580 670 655 1
597 581 631 659 1
558 482 592 561 1
605 306 641 382 1
565 306 599 383 1
518 576 550 654 1
559 579 591 650 1
521 490 553 568 1
829 701 907 719 1
834 659 911 695 1
830 619 906 654 1
830 581 908 617 1
526 295 561 374 1
485 291 523 373 1
444 299 481 371 1
403 306 442 381 1
364 301 401 381 1
327 302 360 380 1
286 303 323 381 1
244 299 283 377 1
209 304 249 379 1
173 305 212 380 1
137 301 174 380 1
97 297 137 375 1
62 303 101 376 1
23 301 64 366 1
0 293 27 365 1
478 488 514 562 1
437 484 473 562 1
399 487 432 560 1
359 478 394 554 1
475 578 507 653 1
435 568 471 647 1
396 562 428 639 1
355 569 394 645 1
321 481 358 554 1
319 573 354 645 1
280 569 314 643 1
279 479 316 556 1
239 478 279 562 1
205 481 240 560 1
164 480 204 558 1
131 478 167 551 1
86 477 130 557 1
52 485 90 558 1
4 474 52 547 1
0 478 14 549 1
241 564 277 643 1
201 565 240 644 1
159 563 199 643 1
121 561 160 640 1
82 567 124 646 1
45 571 82 644 1
5 567 49 642 1
0 571 6 638 1
0 6 63 48 1
0 109 13 175 1
14 105 51 173 1
53 109 88 184 1
83 99 127 177 1
122 99 165 182 1
164 102 207 170 1
202 113 238 187 1
238 103 276 179 1
280 123 315 189 1
317 103 352 174 1
353 111 386 180 1
390 95 426 168 1
429 94 465 169 1
471 97 510 173 1
511 102 544 178 1
549 97 587 171 1
589 110 624 184 1
632 109 668 185 1
671 103 706 182 1
712 104 746 181 1
746 104 785 184 1
788 100 824 183 1
827 111 861 180 1
867 118 906 190 1
908 121 943 194 1
978 116 1017 189 1
1018 126 1055 198 1
1058 123 1094 199 1
1096 114 1133 198 1
1132 122 1165 195 1
1167 125 1203 196 1
1206 133 1240 198 1
1247 141 1279 210 1
1266 310 1279 380 1
1265 492 1279 563 1
1223 475 1270 551 1
1182 487 1224 562 1
1108 487 1146 565 1
1143 492 1183 568 1
1069 501 1109 570 1
1034 494 1073 574 1
1001 485 1037 566 1
960 491 994 567 1
919 496 957 572 1
880 485 918 564 1
838 482 878 563 1
1227 306 1270 380 1
1190 307 1228 382 1
1151 303 1189 379 1
1115 309 1154 384 1
1077 311 1118 384 1
1040 296 1076 367 1
1004 289 1044 369 1
967 295 1004 376 1
928 295 965 370 1
893 298 926 373 1
849 297 885 370 1
