635 299 689 416 1
695 304 749 395 1
737 274 801 389 1
516 307 572 423 1
460 314 515 425 1
402 321 456 434 1
335 331 393 450 1
37 651 135 703 1
307 556 421 612 1
439 567 548 616 1
0 14 96 74 1
60 291 166 346 1
289 20 341 119 1
347 1 397 106 1
400 0 450 92 1
447 0 501 85 1
500 0 553 77 1
609 0 659 73 1
661 0 709 58 1
713 0 761 50 1
768 0 817 64 1
871 209 926 317 1
931 199 986 310 1
976 191 1037 304 1
1069 185 1133 293 1
1117 178 1181 288 1
1167 176 1231 274 1
1208 168 1279 276 1
696 512 822 562 1
843 518 955 571 1
841 577 955 630 1
843 636 952 686 1
842 690 956 719 1
709 691 810 719 1
1094 479 1196 525 1
1199 482 1279 532 1
1093 536 1206 581 1
1206 538 1279 588 1
1093 588 1206 634 1
1200 591 1279 642 1
1100 638 1197 689 1
1206 643 1279 695 1
