809 489 851 586 1
760 510 799 569 1
706 489 749 589 1
657 488 698 581 1
603 499 651 601 1
549 482 593 593 1
857 498 894 587 1
902 488 946 589 1
951 496 994 588 1
999 510 1039 584 1
1043 499 1089 585 1
1091 503 1138 595 1
1141 491 1186 590 1
1186 490 1232 586 1
1227 501 1279 590 1
1198 295 1279 343 1
979 296 1068 345 1
712 293 808 339 1
597 290 693 332 1
138 275 241 318 1
0 267 67 311 1
500 493 541 584 1
451 489 495 588 1
393 493 445 611 1
346 487 392 583 1
302 482 342 579 1
247 477 295 576 1
198 491 244 588 1
148 471 197 571 1
102 478 147 571 1
48 472 100 573 1
0 476 51 578 1
52 685 106 719 1
107 687 155 719 1
154 690 199 719 1
206 693 261 719 1
459 699 508 719 1
556 696 605 719 1
621 705 659 719 1
860 698 909 719 1
1059 698 1099 719 1
1106 695 1149 719 1
1156 698 1200 719 1
