1210 141 1279 247 1
1152 142 1217 240 1
1092 165 1152 277 1
1028 162 1098 286 1
973 181 1039 291 1
443 243 500 359 1
325 270 377 386 1
269 288 320 402 1
641 0 694 54 1
703 0 760 59 1
770 0 820 43 1
409 0 465 100 1
354 0 408 101 1
295 0 351 110 1
239 7 297 110 1
185 28 244 122 1
121 35 191 144 1
831 0 877 23 1
885 0 934 25 1
940 0 995 20 1
1000 0 1056 21 1
7 0 64 34 1
73 74 131 166 1
12 49 82 169 1
374 144 469 195 1
747 591 835 709 1
802 641 884 719 1
656 687 719 719 1
903 673 970 719 1
969 693 1014 719 1
1121 523 1205 640 1
1167 559 1263 662 1
1253 472 1279 553 1
61 0 120 32 1
