779 283 812 359 1
819 284 853 360 1
857 280 894 359 1
896 282 932 362 1
973 282 1006 353 1
933 276 970 357 1
1007 294 1044 369 1
1046 294 1083 371 1
1120 291 1157 367 1
1077 477 1112 556 1
1039 473 1079 554 1
1003 486 1040 563 1
968 480 1004 554 1
933 471 967 547 1
888 479 926 554 1
851 484 886 563 1
812 474 847 552 1
768 470 806 552 1
759 569 838 605 1
759 607 841 643 1
760 647 843 685 1
1212 121 1250 199 1
1173 124 1212 192 1
1131 116 1168 183 1
1095 109 1131 179 1
1059 106 1094 181 1
1020 99 1059 183 1
984 109 1020 182 1
945 112 984 182 1
907 101 943 177 1
836 105 870 181 1
798 102 832 177 1
754 99 788 165 1
715 85 748 171 1
673 91 706 173 1
637 92 671 170 1
597 91 632 167 1
476 85 510 161 1
611 293 647 372 1
572 291 610 370 1
531 297 567 370 1
490 297 524 371 1
608 477 643 554 1
609 572 643 651 1
569 486 604 561 1
565 571 599 646 1
527 482 563 561 1
526 571 560 648 1
486 569 521 640 1
447 566 482 645 1
433 92 467 170 1
1192 290 1233 360 1
1155 288 1196 362 1
1083 286 1118 360 1
487 474 520 552 1
447 482 482 557 1
406 479 442 555 1
404 572 438 643 1
364 560 400 640 1
327 556 360 632 1
287 562 325 637 1
251 566 285 637 1
212 563 245 637 1
171 560 208 639 1
131 560 169 639 1
90 558 132 639 1
50 560 91 639 1
10 563 51 645 1
0 570 11 644 1
365 477 401 556 1
326 479 362 554 1
290 473 324 549 1
252 476 288 547 1
209 475 247 550 1
168 475 210 554 1
134 476 171 553 1
92 474 134 553 1
60 474 97 550 1
15 475 58 557 1
0 484 18 558 1
451 288 486 366 1
414 284 448 364 1
370 290 406 364 1
330 300 366 375 1
290 295 326 372 1
253 297 288 371 1
212 298 251 376 1
171 295 212 375 1
137 298 174 375 1
100 301 139 376 1
61 298 101 377 1
24 294 64 373 1
0 301 24 376 1
45 93 85 179 1
85 97 127 171 1
125 113 163 184 1
160 99 200 175 1
203 117 240 182 1
240 97 276 171 1
276 94 309 165 1
315 86 348 161 1
354 86 389 163 1
394 90 433 166 1
509 99 547 177 1
553 96 588 175 1
689 518 724 595 1
1114 468 1154 543 1
1267 465 1279 536 1
1228 464 1270 534 1
1195 476 1232 547 1
1156 457 1198 537 1
1233 284 1272 362 1
1268 289 1279 361 1
1251 122 1279 197 1
3 95 43 175 1
765 687 843 719 1
