1107 165 1184 206 1
911 181 946 263 1
917 68 953 152 1
917 0 958 56 1
713 35 788 73 1
717 76 790 116 1
718 119 793 157 1
717 159 791 193 1
714 197 787 235 1
711 238 789 275 1
704 281 784 319 1
704 324 783 356 1
704 361 783 396 1
702 404 778 440 1
702 444 783 481 1
694 488 772 524 1
538 123 611 176 1
534 335 604 382 1
529 379 608 430 1
528 422 604 472 1
366 602 450 652 1
0 580 37 667 1
12 73 60 159 1
388 0 454 32 1
390 27 453 81 1
385 70 459 133 1
386 124 449 172 1
382 171 442 223 1
375 219 434 265 1
379 271 441 320 1
377 318 447 366 1
370 361 435 411 1
364 404 440 462 1
362 451 437 506 1
380 510 440 553 1
365 551 435 601 1
