484 274 523 361 1
529 270 565 352 1
571 273 609 358 1
440 374 519 410 1
612 277 652 350 1
654 273 691 355 1
697 267 734 347 1
735 269 774 347 1
778 269 814 345 1
821 272 858 352 1
859 274 898 350 1
900 269 937 349 1
938 270 977 350 1
977 273 1012 349 1
1011 262 1051 344 1
1050 271 1087 344 1
1088 274 1129 342 1
1129 270 1163 346 1
1163 262 1197 336 1
1197 262 1235 333 1
1233 255 1269 329 1
1269 258 1279 332 1
1264 179 1279 249 1
1226 177 1268 251 1
1190 180 1229 251 1
1153 177 1194 249 1
1084 183 1121 255 1
1120 183 1158 253 1
1046 178 1083 253 1
1009 176 1046 255 1
971 177 1008 244 1
934 175 971 257 1
894 178 932 253 1
851 171 892 249 1
811 177 851 253 1
773 176 814 257 1
730 185 766 259 1
691 183 725 262 1
650 182 690 266 1
608 184 646 266 1
569 181 601 262 1
524 184 562 266 1
483 187 517 266 1
439 186 475 266 1
395 187 430 266 1
354 190 395 269 1
314 193 350 275 1
270 196 309 276 1
230 195 270 278 1
188 198 230 278 1
145 199 187 278 1
102 198 143 279 1
60 203 102 285 1
20 205 61 271 1
0 200 20 276 1
443 274 479 358 1
402 281 439 354 1
358 279 397 358 1
316 286 358 359 1
273 283 312 361 1
233 284 273 367 1
190 285 233 367 1
149 292 190 375 1
106 286 149 371 1
68 296 106 370 1
22 295 67 368 1
0 295 25 374 1
1235 438 1276 501 1
1201 436 1238 499 1
1162 429 1202 509 1
1128 433 1169 511 1
1091 436 1130 511 1
1053 436 1092 518 1
1015 445 1050 517 1
980 441 1015 521 1
939 438 978 515 1
900 440 937 520 1
863 448 900 524 1
823 443 861 523 1
785 448 820 527 1
745 449 782 532 1
702 453 741 531 1
658 454 696 534 1
615 456 654 538 1
578 455 614 533 1
534 458 571 535 1
493 456 532 540 1
453 458 489 539 1
409 460 447 543 1
368 472 405 541 1
325 462 364 543 1
285 466 323 548 1
241 467 282 548 1
201 470 241 550 1
161 468 198 548 1
121 463 162 543 1
76 470 118 554 1
32 475 76 554 1
0 472 32 557 1
101 21 139 100 1
142 0 180 7 1
138 14 181 89 1
185 12 225 90 1
226 5 264 83 1
269 9 306 92 1
309 6 347 92 1
350 10 386 89 1
390 6 425 83 1
434 0 473 78 1
477 0 513 81 1
520 0 553 79 1
558 0 595 80 1
602 0 638 75 1
643 0 680 87 1
684 0 721 81 1
725 1 760 82 1
762 3 803 80 1
806 4 842 73 1
843 2 878 76 1
881 0 919 79 1
921 0 958 71 1
960 1 1003 78 1
1003 0 1034 70 1
1035 0 1074 80 1
1074 6 1111 82 1
1113 3 1149 82 1
1149 0 1190 77 1
1191 4 1229 80 1
1229 4 1264 78 1
1265 0 1279 70 1
