179 643 258 699 1
301 605 380 641 1
296 559 370 596 1
304 521 378 558 1
303 476 377 517 1
297 442 372 477 1
308 401 379 437 1
217 395 288 430 1
215 436 288 470 1
210 474 284 509 1
206 515 282 551 1
205 554 277 594 1
212 598 285 634 1
67 594 109 676 1
66 505 112 584 1
76 410 119 492 1
84 310 125 386 1
90 226 129 302 1
92 140 134 212 1
216 356 287 390 1
304 359 377 395 1
305 319 379 354 1
221 312 300 350 1
311 279 384 316 1
232 277 297 311 1
230 235 309 276 1
317 240 392 275 1
318 201 391 237 1
233 196 305 230 1
331 162 406 199 1
322 122 397 160 1
281 109 318 179 1
325 82 402 122 1
337 49 405 82 1
338 11 412 47 1
282 25 321 99 1
343 0 411 11 1
524 0 595 17 1
608 0 681 21 1
606 21 678 58 1
511 17 591 55 1
521 56 586 91 1
604 58 676 92 1
597 92 675 132 1
506 92 579 128 1
588 132 669 173 1
506 128 585 164 1
503 170 588 208 1
597 173 664 208 1
590 210 666 247 1
504 210 573 245 1
497 247 575 283 1
583 251 663 288 1
587 288 662 325 1
500 285 577 324 1
493 324 567 361 1
582 327 659 363 1
581 370 660 408 1
493 368 569 404 1
587 414 667 450 1
491 410 569 445 1
593 451 666 486 1
589 493 659 528 1
490 491 566 527 1
494 450 573 487 1
490 531 563 566 1
486 568 566 603 1
593 574 666 609 1
578 614 657 651 1
487 609 565 646 1
842 630 926 668 1
767 627 834 665 1
771 588 846 624 1
851 591 929 624 1
852 551 925 587 1
770 510 849 549 1
861 511 940 546 1
865 470 935 504 1
771 468 849 504 1
767 428 841 462 1
861 430 938 465 1
861 393 939 429 1
769 386 848 423 1
770 348 851 386 1
863 354 935 390 1
867 312 942 348 1
777 305 844 340 1
774 199 855 241 1
866 202 934 242 1
872 163 936 198 1
787 156 858 194 1
871 118 949 158 1
782 116 860 154 1
784 80 850 115 1
874 79 950 117 1
876 44 949 78 1
870 7 949 44 1
791 0 871 31 1
787 40 863 79 1
1046 0 1127 14 1
1049 14 1125 52 1
1047 51 1124 88 1
1047 88 1119 123 1
1043 127 1118 164 1
1040 164 1121 199 1
1043 201 1118 236 1
1046 244 1118 281 1
1046 283 1108 316 1
1047 357 1116 392 1
1046 397 1123 436 1
1040 436 1119 473 1
1044 477 1116 513 1
1041 513 1119 550 1
1036 553 1109 588 1
1036 589 1111 623 1
1040 631 1114 667 1
1034 667 1113 707 1
1044 707 1113 719 1
