661 506 738 544 1
749 505 830 544 1
663 467 743 504 1
392 385 468 426 1
480 384 559 422 1
482 345 562 382 1
397 346 470 384 1
397 307 472 346 1
482 302 558 343 1
394 264 475 302 1
484 263 550 299 1
481 227 555 263 1
400 228 473 262 1
386 513 462 549 1
390 473 458 506 1
389 431 463 468 1
481 427 562 463 1
477 469 554 504 1
479 509 559 550 1
478 552 554 588 1
390 553 471 586 1
479 591 557 630 1
390 594 467 631 1
204 472 287 506 1
665 424 747 461 1
754 427 832 461 1
664 550 743 588 1
749 549 827 585 1
751 590 834 627 1
665 594 744 628 1
758 466 827 501 1
396 144 473 182 1
401 106 475 144 1
482 102 559 142 1
660 180 733 217 1
753 180 828 218 1
756 222 833 256 1
756 259 832 298 1
752 302 825 339 1
751 344 825 380 1
748 384 827 419 1
658 301 739 338 1
919 264 1000 304 1
919 305 996 341 1
920 343 1007 380 1
922 385 1003 419 1
925 426 1007 466 1
925 471 1004 505 1
922 506 1002 541 1
668 345 738 381 1
666 388 744 424 1
482 144 553 181 1
479 183 557 221 1
395 184 477 222 1
588 106 623 189 1
264 375 301 454 1
470 632 555 669 1
484 674 562 716 1
393 678 470 717 1
395 635 469 670 1
665 631 742 672 1
751 631 832 667 1
755 670 832 708 1
665 679 740 714 1
753 707 826 719 1
206 514 288 549 1
211 554 291 592 1
213 592 291 633 1
216 636 296 674 1
228 677 302 713 1
265 288 300 364 1
262 196 304 277 1
269 117 307 189 1
271 35 308 101 1
270 0 307 29 1
393 67 466 105 1
475 66 549 102 1
662 102 728 138 1
659 141 739 176 1
661 62 736 98 1
752 141 831 177 1
757 103 829 139 1
743 63 825 101 1
751 24 823 62 1
660 24 735 63 1
661 0 739 22 1
756 0 825 23 1
910 0 993 32 1
912 30 991 69 1
919 71 994 105 1
919 107 994 144 1
915 146 994 184 1
918 186 993 221 1
923 223 1002 260 1
653 220 731 260 1
661 265 736 299 1
927 546 1002 585 1
481 27 561 63 1
405 26 473 67 1
401 0 477 29 1
486 0 558 27 1
922 584 1005 618 1
922 625 1005 661 1
925 665 1005 701 1
935 704 999 719 1
