707 129 743 213 1
704 226 739 307 1
692 361 731 437 1
686 467 721 534 1
691 541 724 618 1
477 386 554 425 1
486 434 565 469 1
487 475 564 508 1
478 515 553 548 1
473 553 545 588 1
465 592 540 631 1
476 632 544 670 1
492 677 551 708 1
273 182 357 218 1
392 327 468 366 1
318 414 395 461 1
321 464 390 507 1
288 510 371 552 1
304 551 380 594 1
299 665 374 713 1
136 666 215 719 1
143 621 225 673 1
137 572 222 625 1
148 525 227 580 1
153 482 224 533 1
145 434 227 484 1
154 387 228 443 1
149 338 230 391 1
165 299 237 350 1
166 253 243 304 1
166 209 242 259 1
