354 227 432 259 1
365 261 433 296 1
362 302 427 335 1
359 186 437 223 1
627 300 702 333 1
1070 304 1146 336 1
359 541 440 574 1
542 580 614 612 1
630 574 707 607 1
633 535 711 571 1
634 497 708 530 1
543 261 618 295 1
630 262 702 294 1
622 225 700 259 1
537 223 612 258 1
619 187 692 220 1
620 149 691 183 1
906 419 975 454 1
900 382 966 414 1
898 458 972 492 1
901 576 962 609 1
364 578 438 610 1
356 501 430 533 1
359 458 433 493 1
351 420 424 456 1
1067 187 1143 224 1
1066 226 1147 263 1
1066 267 1133 301 1
1075 420 1142 452 1
540 616 611 646 1
629 612 705 647 1
1066 381 1140 413 1
1066 342 1144 376 1
1078 647 1158 682 1
1078 606 1157 638 1
1064 683 1152 719 1
1086 567 1143 599 1
1080 532 1156 566 1
1068 459 1141 492 1
1065 152 1141 187 1
1063 115 1136 149 1
1047 81 1125 115 1
877 42 951 77 1
807 539 879 572 1
888 536 963 574 1
906 496 976 533 1
807 499 881 534 1
807 459 883 493 1
809 420 883 458 1
814 383 890 414 1
812 341 892 375 1
895 341 966 376 1
901 303 967 338 1
907 267 972 299 1
818 306 891 338 1
799 153 878 187 1
796 113 876 147 1
794 78 860 112 1
787 41 864 77 1
792 2 857 39 1
533 301 606 336 1
539 341 611 375 1
536 396 615 429 1
534 182 606 218 1
534 146 611 183 1
617 109 691 145 1
535 107 608 144 1
616 71 690 108 1
531 71 611 106 1
617 35 686 71 1
532 32 603 71 1
617 0 688 33 1
530 0 597 30 1
189 64 254 98 1
170 25 244 62 1
362 4 434 40 1
365 38 437 74 1
358 77 435 112 1
363 112 434 148 1
362 149 435 183 1
345 376 412 411 1
357 339 425 374 1
170 444 249 475 1
169 483 251 518 1
175 522 255 553 1
182 560 260 594 1
185 598 260 630 1
189 636 265 670 1
162 405 236 440 1
163 366 239 400 1
164 327 243 359 1
166 101 245 136 1
182 138 253 172 1
177 174 240 209 1
162 210 249 245 1
162 250 241 286 1
174 290 247 320 1
627 650 703 687 1
535 652 614 686 1
549 690 622 719 1
634 688 705 719 1
809 580 884 615 1
812 618 876 649 1
896 611 966 648 1
893 651 963 684 1
892 690 970 719 1
807 655 887 691 1
802 695 880 719 1
189 676 262 711 1
