1071 410 1146 449 1
864 423 902 510 1
875 309 913 395 1
877 210 920 298 1
884 98 926 182 1
881 0 922 78 1
687 33 753 75 1
672 154 753 195 1
668 279 742 316 1
671 323 744 356 1
671 363 746 396 1
673 402 748 439 1
667 446 738 480 1
661 483 744 523 1
656 526 738 561 1
655 569 737 602 1
655 609 734 644 1
651 649 729 684 1
649 687 734 719 1
497 0 577 43 1
490 73 577 126 1
487 366 565 418 1
480 581 552 631 1
476 622 555 672 1
477 665 549 716 1
312 646 390 702 1
308 689 387 719 1
322 603 388 651 1
328 557 395 608 1
326 511 394 562 1
320 464 386 511 1
325 414 397 466 1
333 370 402 419 1
331 313 409 374 1
319 261 405 324 1
329 216 407 277 1
333 175 413 236 1
332 123 419 181 1
334 82 414 133 1
353 32 419 88 1
337 0 421 33 1
