652 133 687 207 1
574 231 607 307 1
667 509 701 582 1
624 512 662 591 1
780 224 812 291 1
739 221 774 298 1
697 221 730 302 1
655 222 691 301 1
614 231 650 310 1
693 130 728 204 1
733 126 770 204 1
773 125 809 201 1
811 134 846 197 1
612 133 645 213 1
569 135 604 210 1
529 130 566 211 1
532 226 569 305 1
580 421 615 498 1
620 418 656 500 1
663 420 698 493 1
703 414 741 493 1
745 416 779 493 1
787 410 821 485 1
827 411 861 476 1
862 407 897 483 1
788 497 824 575 1
747 501 784 577 1
706 506 743 583 1
583 518 617 590 1
542 517 576 585 1
826 500 861 575 1
863 500 901 575 1
903 497 938 559 1
940 493 975 566 1
977 494 1012 565 1
1012 491 1049 568 1
1052 486 1088 560 1
1088 485 1122 559 1
1120 477 1155 550 1
1156 484 1192 560 1
1194 479 1233 550 1
1233 480 1269 548 1
1228 395 1267 463 1
901 407 939 486 1
939 406 973 483 1
974 412 1007 478 1
1009 402 1047 473 1
1047 398 1085 473 1
1086 392 1122 467 1
1121 402 1155 472 1
1155 399 1192 476 1
1192 398 1231 473 1
818 223 854 293 1
857 223 891 302 1
852 130 890 210 1
893 131 927 208 1
928 136 963 212 1
969 121 1007 201 1
1007 133 1040 200 1
1040 130 1079 205 1
1077 131 1116 203 1
1114 122 1147 190 1
1147 117 1184 190 1
1185 116 1221 195 1
1221 118 1259 192 1
1218 0 1260 28 1
1183 0 1219 30 1
1146 0 1182 30 1
1109 0 1143 30 1
1070 0 1109 35 1
1033 0 1070 28 1
996 0 1032 22 1
961 0 994 18 1
922 0 957 16 1
885 0 918 13 1
846 0 881 19 1
812 0 842 14 1
770 0 803 13 1
730 0 764 22 1
691 0 726 24 1
654 0 687 21 1
609 0 645 25 1
569 0 604 15 1
530 0 567 32 1
486 0 521 29 1
448 0 482 30 1
407 0 441 24 1
365 0 400 31 1
325 0 362 38 1
284 0 321 31 1
241 0 281 43 1
44 0 92 65 1
3 27 51 106 1
0 0 44 22 1
488 135 522 207 1
492 230 527 305 1
448 229 483 311 1
446 148 479 214 1
403 143 442 222 1
407 240 443 316 1
363 146 400 223 1
366 241 404 319 1
327 239 360 319 1
322 147 359 228 1
287 157 321 233 1
282 244 320 324 1
244 259 283 324 1
203 249 244 326 1
202 141 242 221 1
246 147 284 229 1
535 421 571 501 1
500 518 536 598 1
495 432 531 513 1
456 432 493 515 1
417 431 452 512 1
373 431 415 515 1
333 436 368 515 1
291 431 329 511 1
248 433 286 511 1
209 443 245 523 1
464 519 497 585 1
421 520 457 602 1
379 528 416 600 1
339 528 376 609 1
301 528 338 607 1
255 527 293 607 1
215 530 254 608 1
29 487 74 569 1
0 480 32 559 1
10 575 96 611 1
15 613 94 655 1
14 659 92 695 1
10 697 92 719 1
59 254 103 335 1
15 223 57 300 1
0 225 13 291 1
0 301 21 381 1
22 316 68 384 1
621 709 659 719 1
667 703 703 719 1
710 704 743 719 1
751 699 786 719 1
788 699 822 719 1
826 694 863 719 1
866 692 899 719 1
902 689 935 719 1
938 687 976 719 1
976 684 1018 719 1
1014 678 1051 719 1
1052 678 1088 719 1
1088 679 1122 719 1
1122 671 1159 719 1
1157 672 1197 719 1
1192 667 1235 719 1
1230 670 1273 719 1
896 223 930 285 1
935 217 970 294 1
969 215 1005 284 1
1009 217 1043 291 1
1044 220 1079 289 1
1078 218 1114 294 1
1115 217 1151 284 1
1152 214 1185 274 1
1186 212 1223 282 1
1222 218 1260 283 1
