759 478 837 515 1
754 438 831 477 1
678 440 747 477 1
673 398 752 436 1
932 637 1009 673 1
934 513 1007 550 1
935 472 1004 506 1
931 388 1009 425 1
767 396 831 429 1
482 401 559 437 1
399 404 473 440 1
926 599 1001 632 1
931 558 1009 595 1
672 480 750 515 1
758 519 835 555 1
668 520 745 555 1
756 560 834 594 1
491 441 565 477 1
407 445 476 480 1
487 485 564 520 1
400 483 480 522 1
488 527 561 561 1
485 566 564 602 1
401 528 477 563 1
400 570 478 604 1
675 561 752 598 1
668 603 744 640 1
761 600 829 633 1
752 639 830 675 1
668 642 751 679 1
481 603 562 639 1
409 609 479 643 1
485 648 559 682 1
401 649 470 684 1
487 688 560 719 1
400 690 478 719 1
271 574 308 651 1
674 684 749 719 1
756 678 833 718 1
928 673 1000 713 1
924 430 1001 463 1
1013 370 1050 446 1
1052 376 1090 439 1
1091 376 1129 441 1
1129 378 1164 449 1
705 357 786 393 1
447 359 530 396 1
517 300 595 339 1
264 665 304 719 1
1158 328 1233 364 1
1160 288 1232 324 1
1157 251 1231 286 1
1157 214 1234 246 1
1155 176 1242 212 1
1153 138 1231 173 1
1143 101 1215 137 1
1140 62 1218 99 1
1137 23 1216 61 1
1140 0 1224 22 1
970 215 1046 249 1
965 172 1042 211 1
966 133 1042 171 1
963 95 1042 132 1
963 58 1034 97 1
953 15 1036 58 1
952 0 1016 15 1
868 0 952 23 1
870 20 949 58 1
872 57 953 95 1
877 100 956 135 1
875 137 952 173 1
878 175 955 214 1
889 218 964 254 1
701 214 779 250 1
711 175 775 210 1
696 137 774 175 1
693 100 771 136 1
695 61 772 94 1
692 22 767 59 1
683 0 762 21 1
595 210 673 252 1
601 173 683 209 1
612 135 687 171 1
603 97 682 134 1
602 57 678 97 1
602 20 677 61 1
604 0 668 19 1
176 55 218 126 1
181 0 219 43 1
417 178 499 213 1
403 135 484 175 1
419 98 495 133 1
420 61 488 97 1
422 22 486 59 1
417 0 490 23 1
326 0 400 30 1
327 26 402 64 1
322 66 391 103 1
319 104 400 143 1
322 141 401 179 1
330 182 407 219 1
330 224 407 260 1
525 0 559 21 1
