587 302 622 380 1
672 478 709 552 1
665 300 703 377 1
508 305 543 386 1
429 314 463 385 1
466 304 501 386 1
715 568 753 639 1
714 476 751 548 1
752 472 789 546 1
792 477 828 546 1
793 551 829 627 1
706 294 742 372 1
563 112 595 186 1
521 101 556 175 1
482 98 515 186 1
440 105 475 181 1
548 305 579 382 1
625 297 659 376 1
390 312 425 379 1
350 308 386 379 1
313 297 349 369 1
273 305 311 380 1
434 500 468 575 1
472 579 508 659 1
435 587 469 659 1
512 572 545 650 1
470 491 508 571 1
514 487 548 563 1
552 487 586 565 1
593 486 628 565 1
631 479 666 565 1
552 572 584 650 1
594 571 629 650 1
633 568 670 649 1
757 560 792 637 1
674 569 709 644 1
831 471 868 548 1
831 554 869 634 1
872 562 907 633 1
873 471 909 543 1
912 469 949 545 1
914 556 951 633 1
953 553 989 625 1
948 460 985 536 1
988 465 1027 542 1
1029 467 1063 539 1
991 555 1027 630 1
1028 550 1065 624 1
1066 548 1106 624 1
1066 457 1101 532 1
389 489 427 563 1
393 583 431 658 1
352 495 387 571 1
356 588 391 663 1
300 492 335 570 1
204 492 242 562 1
163 495 200 566 1
124 498 162 569 1
0 604 14 668 1
238 586 276 658 1
278 578 315 657 1
316 574 351 653 1
15 599 49 667 1
238 315 274 390 1
197 312 233 389 1
158 319 196 396 1
126 325 158 399 1
85 328 123 398 1
48 328 84 390 1
9 332 47 401 1
0 318 12 390 1
745 292 782 371 1
787 296 822 367 1
828 284 863 356 1
867 275 904 355 1
907 280 942 354 1
943 286 981 359 1
980 285 1020 357 1
1020 277 1060 358 1
1057 278 1099 353 1
1209 260 1254 333 1
1249 261 1279 332 1
1212 440 1258 521 1
1258 441 1279 518 1
1213 536 1279 575 1
1217 577 1279 614 1
1221 616 1279 653 1
1221 654 1279 693 1
1226 693 1279 719 1
0 85 41 125 1
0 152 28 230 1
26 150 66 224 1
64 155 106 227 1
103 145 141 221 1
139 142 174 215 1
175 137 213 211 1
211 130 249 208 1
249 127 287 202 1
285 114 321 188 1
324 116 361 187 1
365 116 402 187 1
404 118 439 189 1
624 0 698 25 1
598 99 634 177 1
640 113 674 182 1
716 119 749 188 1
679 95 714 167 1
753 84 788 158 1
793 82 829 158 1
835 85 872 161 1
873 87 909 162 1
911 81 949 156 1
949 92 987 168 1
987 90 1026 166 1
1027 84 1066 158 1
1066 82 1102 158 1
1097 78 1143 156 1
1143 71 1177 156 1
1179 83 1213 148 1
1215 84 1255 156 1
1255 83 1279 161 1
