545 286 617 324 1
635 286 713 322 1
634 246 708 281 1
540 246 615 285 1
538 208 612 248 1
635 208 702 243 1
921 441 986 474 1
921 401 988 433 1
917 360 992 394 1
910 318 982 355 1
826 321 899 357 1
908 282 983 313 1
820 279 897 317 1
1110 398 1186 433 1
1114 440 1179 471 1
1109 475 1192 509 1
365 532 441 567 1
358 490 437 526 1
347 97 420 129 1
826 362 905 402 1
829 405 903 440 1
826 446 908 482 1
837 486 916 520 1
920 481 997 516 1
922 519 986 553 1
836 523 919 560 1
922 558 1003 595 1
836 563 917 599 1
836 601 917 639 1
930 599 998 636 1
927 638 1009 674 1
928 676 1006 713 1
841 643 919 681 1
836 684 914 719 1
634 327 714 362 1
545 328 620 367 1
545 370 625 405 1
643 367 722 404 1
548 412 623 446 1
642 410 720 444 1
639 448 717 485 1
542 449 623 485 1
641 489 716 524 1
545 493 621 528 1
643 530 722 567 1
650 571 728 607 1
653 610 731 644 1
648 652 728 684 1
654 691 733 719 1
560 534 627 569 1
556 570 634 610 1
558 615 636 649 1
557 653 638 691 1
567 692 644 719 1
634 166 705 202 1
545 171 609 210 1
544 126 619 164 1
632 128 715 166 1
634 89 696 124 1
543 90 616 125 1
627 50 703 86 1
547 54 623 89 1
623 14 693 51 1
530 12 609 52 1
624 0 698 15 1
542 0 611 12 1
804 0 877 17 1
896 15 966 51 1
896 52 966 89 1
898 90 961 123 1
901 124 976 164 1
444 23 478 101 1
351 19 423 58 1
360 0 428 19 1
817 18 880 54 1
350 59 422 95 1
351 129 427 172 1
350 172 420 207 1
352 206 422 244 1
358 248 432 286 1
354 288 432 325 1
360 328 432 366 1
360 369 436 404 1
350 410 423 443 1
356 448 442 484 1
369 571 436 605 1
371 612 443 648 1
371 652 447 685 1
358 690 442 719 1
274 693 355 719 1
270 0 337 25 1
269 25 336 61 1
265 61 330 96 1
262 98 340 136 1
262 136 324 171 1
264 175 338 210 1
268 214 336 250 1
270 249 343 289 1
271 290 348 329 1
268 331 340 369 1
269 375 343 408 1
266 412 345 448 1
266 452 337 486 1
270 493 346 528 1
269 534 345 568 1
273 576 351 608 1
269 614 341 649 1
270 652 353 689 1
122 596 164 670 1
124 509 164 580 1
123 410 164 488 1
124 321 162 401 1
129 226 167 307 1
125 126 167 204 1
132 36 171 113 1
128 0 168 21 1
810 53 887 87 1
812 88 889 125 1
813 126 888 163 1
817 163 883 200 1
816 200 892 237 1
822 241 900 279 1
902 165 974 202 1
900 202 975 238 1
903 240 978 278 1
1075 0 1151 17 1
1080 12 1165 54 1
1084 55 1164 91 1
1085 94 1159 131 1
1084 130 1160 162 1
1090 162 1176 202 1
1096 202 1166 241 1
1095 243 1169 277 1
1100 280 1172 316 1
1097 320 1177 358 1
1103 362 1181 397 1
1111 516 1194 551 1
1106 554 1187 587 1
1109 593 1188 628 1
1110 631 1184 670 1
1122 673 1202 709 1
