768 90 846 130 1
775 138 856 175 1
787 176 863 214 1
783 219 865 255 1
787 259 871 295 1
787 298 859 332 1
782 336 856 369 1
806 378 888 412 1
779 420 855 455 1
799 460 884 496 1
798 502 879 539 1
798 543 866 578 1
790 580 864 613 1
792 621 873 653 1
795 658 865 694 1
798 700 875 719 1
666 176 698 250 1
665 257 699 327 1
671 338 707 418 1
676 424 711 507 1
677 515 709 598 1
680 598 710 668 1
681 668 713 719 1
585 166 661 209 1
574 216 657 253 1
578 257 655 292 1
578 300 657 329 1
581 339 661 378 1
590 380 667 418 1
588 426 664 458 1
587 465 659 498 1
580 507 664 546 1
586 546 668 586 1
591 588 673 625 1
584 628 665 669 1
586 669 666 706 1
345 87 421 127 1
357 137 437 171 1
352 179 439 217 1
339 223 422 259 1
338 263 419 302 1
351 305 421 341 1
340 351 412 387 1
339 391 419 425 1
345 431 415 469 1
350 472 434 510 1
360 513 437 549 1
352 552 433 591 1
348 597 423 631 1
347 635 430 674 1
351 678 430 715 1
