766 131 804 219 1
765 230 800 310 1
755 360 795 439 1
751 467 786 530 1
754 538 791 613 1
461 330 534 371 1
539 387 619 426 1
555 433 628 470 1
555 475 630 510 1
545 514 620 546 1
540 549 612 588 1
531 588 606 628 1
543 632 610 668 1
558 673 619 706 1
387 417 464 466 1
388 467 458 510 1
364 509 448 554 1
374 548 448 593 1
372 664 444 711 1
345 182 419 223 1
233 217 310 267 1
233 257 314 311 1
230 304 307 355 1
217 344 300 397 1
223 389 297 450 1
215 442 294 490 1
221 488 295 535 1
213 531 298 583 1
212 575 292 627 1
215 623 295 673 1
207 667 288 719 1
