656 79 710 197 1
850 419 902 543 1
778 428 832 551 1
713 424 767 543 1
648 431 699 539 1
583 427 641 555 1
451 428 510 557 1
385 430 443 553 1
82 397 143 510 1
852 62 909 198 1
790 77 843 198 1
721 86 773 205 1
599 80 653 190 1
477 66 529 179 1
412 41 472 168 1
345 65 403 192 1
282 60 340 186 1
223 53 282 177 1
11 390 77 521 1
0 400 18 496 1
27 54 98 162 1
0 53 37 169 1
199 395 260 514 1
262 400 316 522 1
325 396 379 518 1
911 88 966 207 1
977 98 1030 206 1
1033 66 1092 183 1
1098 85 1163 207 1
537 66 591 189 1
1037 688 1092 719 1
973 433 1030 558 1
909 430 968 551 1
