1106 675 1189 713 1
1107 633 1189 669 1
1116 593 1174 628 1
1110 556 1188 591 1
1101 483 1174 519 1
1107 445 1176 476 1
1098 404 1174 438 1
1097 365 1176 400 1
1102 325 1183 361 1
1101 288 1170 321 1
1103 246 1186 281 1
1104 206 1183 244 1
1102 170 1179 202 1
1099 133 1176 166 1
1095 98 1163 131 1
913 51 979 86 1
927 0 991 17 1
920 86 994 121 1
936 284 1005 319 1
935 320 998 355 1
926 361 999 395 1
930 402 998 435 1
934 441 1005 476 1
929 480 1001 516 1
929 521 1006 556 1
914 560 992 599 1
925 601 987 634 1
921 638 992 676 1
918 680 990 714 1
843 401 921 436 1
842 361 923 399 1
836 440 913 479 1
834 482 912 517 1
834 520 909 557 1
830 561 909 597 1
836 604 911 637 1
836 644 904 677 1
834 682 914 719 1
647 674 724 712 1
650 635 726 672 1
559 674 631 711 1
573 713 637 719 1
565 638 635 671 1
646 597 730 629 1
649 555 733 593 1
558 411 641 444 1
658 358 737 393 1
561 355 636 392 1
652 312 728 352 1
835 162 908 201 1
828 122 909 159 1
828 85 896 123 1
821 50 897 86 1
828 8 892 46 1
647 0 718 36 1
648 39 718 74 1
645 74 721 113 1
557 316 632 348 1
655 275 730 308 1
567 272 642 307 1
650 234 729 271 1
647 196 721 230 1
558 190 633 228 1
559 230 639 268 1
644 156 722 193 1
560 151 635 190 1
560 112 636 151 1
645 115 722 153 1
558 0 625 32 1
558 35 629 73 1
558 73 637 110 1
383 0 457 36 1
383 36 460 74 1
377 75 457 114 1
382 113 456 151 1
382 152 457 187 1
377 190 457 227 1
373 230 455 266 1
382 268 454 305 1
378 310 446 346 1
372 349 443 386 1
358 388 430 425 1
364 433 440 470 1
372 473 447 507 1
370 516 446 551 1
369 556 451 592 1
376 595 456 630 1
378 637 454 670 1
194 655 273 692 1
190 695 270 719 1
189 614 270 650 1
184 574 267 612 1
181 535 263 570 1
175 497 260 533 1
178 454 260 492 1
167 415 246 451 1
171 373 249 413 1
172 334 252 369 1
171 252 251 290 1
181 293 257 329 1
165 212 257 249 1
172 173 252 208 1
188 133 265 173 1
179 97 259 131 1
201 58 270 96 1
183 21 256 57 1
