553 421 590 495 1
476 240 510 319 1
514 155 549 231 1
516 241 553 320 1
561 242 594 311 1
559 153 595 235 1
643 424 679 500 1
558 521 593 601 1
599 524 635 602 1
642 520 677 599 1
600 156 635 230 1
597 239 631 315 1
643 237 675 318 1
477 154 511 229 1
643 151 677 233 1
684 150 721 231 1
725 154 758 229 1
686 239 718 311 1
725 238 762 320 1
684 521 719 603 1
726 527 761 604 1
725 425 762 495 1
683 423 719 507 1
595 417 632 497 1
513 421 549 506 1
471 391 506 468 1
513 516 547 592 1
469 514 505 591 1
766 148 801 224 1
810 158 845 232 1
847 155 883 237 1
886 155 926 235 1
926 154 962 226 1
965 163 1002 241 1
1005 169 1044 236 1
1044 158 1081 236 1
1083 161 1119 231 1
1120 172 1158 243 1
1158 164 1200 239 1
1198 166 1239 241 1
1236 166 1279 246 1
1237 253 1279 324 1
1200 250 1243 323 1
1162 248 1200 324 1
1125 244 1167 323 1
1046 244 1086 317 1
1087 243 1124 318 1
1008 250 1044 323 1
969 246 1006 325 1
931 241 969 320 1
890 242 926 321 1
850 243 884 321 1
808 237 846 322 1
766 231 802 310 1
1015 347 1092 380 1
435 148 469 226 1
436 238 472 318 1
393 150 429 223 1
393 239 430 322 1
354 149 390 215 1
353 235 389 313 1
311 234 349 317 1
312 144 349 223 1
275 150 311 230 1
284 333 361 365 1
272 237 309 314 1
232 235 271 314 1
233 149 272 224 1
197 153 233 227 1
151 151 193 227 1
112 155 151 225 1
72 154 117 236 1
35 156 77 235 1
0 152 35 227 1
0 232 34 310 1
35 241 76 318 1
73 237 116 320 1
113 242 152 318 1
149 240 190 316 1
195 227 233 308 1
1110 37 1191 74 1
1030 29 1099 63 1
950 27 1029 66 1
849 22 933 60 1
774 25 839 60 1
679 27 751 63 1
589 17 670 59 1
502 24 575 57 1
413 24 492 60 1
362 0 399 49 1
322 0 358 51 1
280 0 316 55 1
241 0 280 54 1
200 0 239 58 1
162 0 200 60 1
120 0 161 51 1
79 0 119 52 1
36 0 79 47 1
0 0 41 57 1
1247 432 1279 512 1
1207 427 1248 505 1
1164 435 1208 509 1
1127 425 1163 502 1
1089 424 1127 506 1
1048 431 1085 508 1
1007 430 1045 507 1
969 431 1004 504 1
929 427 966 503 1
892 434 926 506 1
852 432 885 511 1
810 427 845 505 1
769 426 802 505 1
1245 519 1279 600 1
1205 518 1244 594 1
1167 516 1206 593 1
1128 519 1167 588 1
1088 510 1128 590 1
1048 514 1089 593 1
1007 512 1044 590 1
971 517 1009 592 1
930 519 966 596 1
893 525 928 606 1
851 529 885 601 1
807 524 845 601 1
766 515 802 601 1
428 427 462 506 1
388 423 425 508 1
428 512 465 590 1
386 515 425 595 1
348 423 384 505 1
347 517 383 590 1
306 419 345 502 1
305 510 346 596 1
267 421 306 501 1
264 507 301 588 1
225 507 263 592 1
227 422 263 499 1
184 420 225 497 1
144 418 181 493 1
106 418 144 496 1
65 419 105 499 1
21 423 67 500 1
0 419 25 499 1
185 506 223 588 1
146 508 182 583 1
104 504 144 583 1
63 510 103 583 1
20 506 62 582 1
0 505 20 588 1
0 633 84 671 1
0 688 12 719 1
10 685 57 719 1
57 684 101 719 1
101 694 138 719 1
140 685 179 719 1
181 683 222 719 1
224 684 262 719 1
262 689 302 719 1
305 687 341 719 1
341 690 378 719 1
381 691 420 719 1
427 695 465 719 1
469 693 507 719 1
513 696 546 719 1
550 692 588 719 1
596 699 630 719 1
635 693 668 719 1
678 691 714 719 1
721 690 755 719 1
761 703 794 719 1
801 695 840 719 1
845 697 878 719 1
887 695 922 719 1
925 694 964 719 1
969 700 1000 719 1
1008 703 1040 719 1
1046 694 1084 719 1
1085 694 1122 719 1
1122 691 1163 719 1
1166 698 1207 719 1
1210 700 1252 719 1
1254 704 1279 719 1
