1073 128 1135 161 1
1003 124 1063 158 1
417 105 490 138 1
262 107 329 141 1
200 106 263 139 1
1231 260 1266 327 1
1200 257 1233 325 1
1170 264 1202 323 1
1136 258 1169 318 1
1106 269 1136 307 1
1074 254 1103 319 1
1043 254 1074 318 1
1012 262 1045 329 1
975 253 1006 324 1
945 258 979 317 1
916 255 946 322 1
883 255 919 328 1
846 254 876 319 1
816 249 844 317 1
780 247 812 313 1
747 254 773 320 1
710 246 740 310 1
679 246 707 313 1
643 243 673 314 1
608 248 641 316 1
573 243 603 312 1
540 247 569 317 1
502 244 534 311 1
464 242 493 303 1
429 243 460 314 1
386 250 418 315 1
384 318 420 391 1
440 394 475 452 1
472 397 511 464 1
505 393 542 452 1
647 394 687 458 1
683 394 721 459 1
713 393 753 457 1
753 397 792 460 1
919 398 961 460 1
985 396 1025 463 1
1021 401 1057 463 1
1145 406 1188 465 1
1176 401 1221 464 1
1212 524 1260 589 1
1171 526 1225 590 1
1098 526 1145 585 1
1065 518 1123 586 1
877 526 924 591 1
798 521 846 591 1
762 526 806 588 1
639 521 692 600 1
600 531 643 600 1
564 528 607 592 1
520 531 566 596 1
445 530 489 593 1
409 517 451 590 1
370 526 408 591 1
334 521 376 590 1
301 512 344 576 1
701 110 772 141 1
586 103 649 136 1
507 101 573 135 1
1246 130 1279 168 1
1264 273 1279 325 1
1241 410 1279 469 1
1246 520 1279 585 1
