1185 310 1247 419 1
1133 314 1195 422 1
1073 320 1138 427 1
1016 322 1075 433 1
955 328 1016 435 1
897 336 952 444 1
1254 433 1279 544 1
1197 437 1267 551 1
1144 440 1203 549 1
1089 443 1152 549 1
1032 450 1090 563 1
970 464 1033 588 1
911 469 965 577 1
658 327 714 444 1
625 69 682 168 1
731 51 795 169 1
795 54 852 170 1
850 53 914 157 1
924 112 1038 161 1
1103 143 1203 236 1
676 494 731 614 1
597 361 655 478 1
615 490 669 615 1
534 361 592 478 1
549 495 604 614 1
476 378 532 490 1
492 504 543 610 1
408 371 467 493 1
352 379 413 499 1
431 521 487 619 1
365 525 427 639 1
293 392 350 504 1
309 555 362 649 1
237 395 291 505 1
249 525 310 645 1
190 533 249 641 1
175 407 231 514 1
120 420 180 528 1
130 546 190 639 1
55 422 121 536 1
71 545 129 655 1
0 421 56 541 1
5 550 79 662 1
569 70 626 191 1
510 83 564 180 1
446 89 502 186 1
330 102 390 213 1
267 104 329 219 1
213 120 268 225 1
155 122 212 239 1
