631 298 677 404 1
551 168 594 266 1
496 168 540 257 1
444 152 492 250 1
396 153 439 259 1
337 161 387 263 1
288 161 336 252 1
242 172 283 250 1
188 156 236 254 1
136 151 186 251 1
91 160 136 249 1
37 152 89 244 1
0 170 38 226 1
408 381 473 482 1
351 369 415 481 1
300 376 363 473 1
251 383 311 478 1
199 392 261 482 1
93 371 162 472 1
45 379 112 468 1
0 563 35 643 1
82 566 159 662 1
141 568 214 663 1
206 561 279 660 1
251 580 324 673 1
317 580 384 671 1
371 580 444 677 1
437 582 513 683 1
501 598 565 683 1
550 594 627 700 1
625 579 694 673 1
679 585 744 673 1
737 600 797 691 1
654 32 761 84 1
