865 128 911 195 1
826 149 873 218 1
786 154 834 233 1
744 154 794 229 1
704 162 755 237 1
674 180 716 249 1
630 185 671 249 1
595 193 638 266 1
551 207 596 271 1
518 226 566 300 1
480 240 528 317 1
436 247 484 319 1
392 254 442 328 1
352 261 403 340 1
310 274 359 350 1
268 289 321 368 1
224 306 280 384 1
181 319 237 396 1
143 341 196 407 1
89 337 155 421 1
47 347 107 428 1
1 362 60 436 1
856 362 910 434 1
810 366 861 442 1
777 380 826 452 1
738 388 785 463 1
700 405 749 478 1
662 420 711 500 1
623 435 672 506 1
586 440 629 517 1
541 452 591 529 1
503 465 555 544 1
460 482 515 565 1
419 491 472 570 1
377 499 434 579 1
334 515 390 597 1
289 528 349 611 1
252 535 307 622 1
206 545 264 632 1
158 560 211 636 1
114 573 174 660 1
71 595 131 680 1
28 617 87 699 1
0 627 43 713 1
837 438 903 482 1
762 456 832 501 1
685 486 760 537 1
599 514 680 565 1
516 539 589 590 1
446 566 511 615 1
359 591 442 643 1
277 616 357 668 1
186 643 269 700 1
85 672 178 719 1
974 507 1029 587 1
936 528 988 605 1
904 547 952 625 1
869 562 914 638 1
829 573 877 654 1
795 582 841 658 1
757 591 808 664 1
726 628 772 704 1
679 614 726 688 1
639 644 694 719 1
599 655 651 719 1
563 668 606 719 1
521 675 566 719 1
479 693 519 719 1
