799 12 880 54 1
808 61 889 99 1
818 99 897 138 1
823 141 895 177 1
820 181 903 217 1
820 219 894 253 1
817 256 891 293 1
845 301 922 335 1
818 341 891 374 1
836 384 920 421 1
835 424 913 460 1
836 466 903 503 1
831 505 903 541 1
835 546 913 580 1
836 585 909 621 1
838 625 919 662 1
841 664 921 702 1
852 702 930 719 1
697 100 730 174 1
700 180 733 254 1
707 261 744 341 1
711 346 746 431 1
711 440 746 522 1
719 525 748 591 1
718 596 753 678 1
722 680 759 719 1
617 89 691 133 1
609 146 691 176 1
613 179 688 219 1
611 222 691 261 1
617 264 697 302 1
622 306 706 342 1
623 349 698 382 1
623 387 697 424 1
622 431 701 468 1
624 469 704 507 1
628 512 711 550 1
624 554 703 594 1
622 595 704 632 1
627 635 708 678 1
628 678 712 719 1
380 14 456 53 1
393 62 467 101 1
389 105 475 145 1
376 147 457 183 1
378 189 455 227 1
388 230 456 267 1
378 277 445 309 1
378 314 457 349 1
381 357 451 395 1
393 398 471 434 1
396 437 474 474 1
386 477 465 515 1
388 521 463 559 1
388 562 467 600 1
388 607 469 644 1
392 649 473 686 1
398 686 480 719 1
