1051 393 1126 431 1
845 412 880 493 1
850 296 892 379 1
857 195 895 282 1
859 80 897 165 1
855 0 891 58 1
659 22 725 65 1
647 142 728 187 1
646 269 718 304 1
650 313 725 346 1
647 350 727 387 1
651 392 724 426 1
644 433 723 467 1
640 474 724 511 1
637 515 721 552 1
638 562 720 593 1
635 597 717 632 1
632 637 714 675 1
631 677 715 714 1
471 0 551 37 1
471 65 552 121 1
468 359 545 412 1
464 568 539 624 1
460 613 539 666 1
460 657 539 709 1
292 686 374 719 1
292 641 375 696 1
304 598 372 649 1
311 552 378 601 1
306 505 375 556 1
295 458 367 506 1
304 408 378 462 1
316 367 380 411 1
308 309 391 366 1
298 257 383 320 1
303 213 387 273 1
313 173 392 229 1
309 122 393 179 1
307 79 391 129 1
322 27 396 84 1
308 0 395 31 1
