770 635 851 690 1
728 458 762 538 1
769 458 807 528 1
815 461 851 542 1
856 464 888 533 1
897 458 934 541 1
939 456 977 544 1
977 466 1016 546 1
1018 463 1057 544 1
1059 462 1098 543 1
1098 466 1136 547 1
1137 470 1178 545 1
1179 462 1221 550 1
1258 555 1279 635 1
1255 465 1279 543 1
1217 465 1260 541 1
1215 556 1257 633 1
1175 560 1216 630 1
1138 561 1178 638 1
1095 553 1136 634 1
1057 555 1095 633 1
1016 551 1059 633 1
976 554 1014 631 1
936 558 972 632 1
897 554 934 636 1
854 548 890 633 1
816 546 854 622 1
530 615 609 653 1
508 551 592 590 1
513 494 603 528 1
516 433 601 469 1
522 309 601 346 1
516 192 597 231 1
525 130 606 166 1
534 0 589 70 1
624 0 656 74 1
683 0 718 73 1
744 0 778 66 1
804 0 839 78 1
868 0 904 78 1
927 0 959 74 1
1038 13 1076 91 1
1098 12 1140 92 1
1148 13 1195 97 1
1196 6 1231 86 1
1233 9 1273 90 1
1266 20 1279 101 1
1256 195 1279 273 1
1258 290 1279 366 1
1217 199 1260 276 1
1178 197 1221 267 1
1139 191 1179 268 1
1098 189 1142 268 1
1021 191 1060 268 1
982 187 1020 261 1
942 179 981 255 1
905 176 937 259 1
863 186 899 267 1
822 177 859 261 1
780 175 816 258 1
735 184 772 263 1
1218 290 1264 366 1
1180 279 1221 359 1
1140 279 1180 361 1
1102 284 1140 355 1
1062 277 1101 358 1
1023 280 1062 355 1
985 273 1022 359 1
943 278 981 359 1
902 270 938 356 1
861 275 897 359 1
818 264 857 351 1
779 266 816 349 1
734 268 769 347 1
1192 136 1265 171 1
