1214 62 1279 104 1
1124 52 1204 98 1
731 33 823 82 1
574 26 662 68 1
468 23 561 65 1
353 26 445 69 1
142 29 240 71 1
56 25 147 71 1
1260 244 1279 294 1
1211 228 1259 310 1
1174 226 1214 309 1
1131 234 1176 324 1
1088 224 1126 315 1
1047 231 1086 306 1
1010 227 1046 312 1
964 227 1016 319 1
919 223 959 309 1
877 219 917 302 1
832 212 871 302 1
787 225 824 312 1
741 208 780 300 1
699 215 737 300 1
649 210 689 302 1
605 214 645 304 1
556 209 596 300 1
513 212 551 305 1
462 209 501 297 1
410 205 452 282 1
364 208 402 302 1
309 215 352 302 1
303 306 352 401 1
377 409 424 484 1
420 413 473 501 1
463 408 513 487 1
655 408 709 493 1
700 409 754 495 1
741 406 797 492 1
797 411 849 497 1
1014 415 1065 496 1
1098 410 1153 494 1
1144 422 1196 502 1
1200 574 1279 668 1
954 586 1020 672 1
850 580 917 667 1
806 581 864 665 1
646 575 711 679 1
592 589 644 681 1
544 587 597 669 1
487 589 544 674 1
385 588 442 669 1
338 572 390 666 1
283 584 339 668 1
241 574 295 657 1
198 564 251 647 1
