56 17 150 62 1
148 21 239 62 1
356 16 454 59 1
480 16 569 57 1
587 16 669 58 1
748 25 834 67 1
1147 39 1232 84 1
1243 47 1279 92 1
1240 218 1279 304 1
1198 217 1243 302 1
1154 229 1202 316 1
1109 212 1149 310 1
1069 220 1109 302 1
1027 217 1070 305 1
985 218 1038 320 1
936 215 977 302 1
896 209 936 298 1
846 204 888 294 1
802 216 840 310 1
756 202 795 294 1
710 208 748 294 1
663 203 700 296 1
616 206 660 298 1
567 200 609 294 1
520 207 561 300 1
469 201 510 291 1
419 199 458 278 1
372 203 412 296 1
313 211 359 296 1
310 302 357 400 1
386 406 432 482 1
430 412 482 498 1
475 405 522 486 1
668 405 722 492 1
717 407 768 495 1
755 402 810 491 1
811 408 866 495 1
1033 411 1088 493 1
1120 407 1171 496 1
1168 416 1220 499 1
1237 569 1279 661 1
975 585 1038 670 1
868 580 933 670 1
821 585 882 668 1
659 578 725 679 1
604 589 657 682 1
556 587 608 672 1
498 591 555 678 1
395 588 452 667 1
346 573 399 665 1
291 584 346 672 1
247 575 301 659 1
201 564 257 650 1
