900 222 949 335 1
834 212 891 339 1
698 574 746 672 1
758 552 810 678 1
956 210 1015 337 1
107 58 238 117 1
119 119 234 174 1
103 182 230 237 1
91 244 220 297 1
88 307 217 357 1
100 367 213 425 1
92 435 218 490 1
100 503 213 558 1
961 0 1013 16 1
1015 0 1072 33 1
1077 0 1131 26 1
1191 0 1259 37 1
579 210 635 331 1
649 205 704 327 1
707 218 764 342 1
770 220 827 344 1
1019 222 1073 340 1
1074 229 1135 339 1
1136 235 1189 347 1
1188 243 1248 349 1
1250 251 1279 362 1
1239 564 1279 687 1
1179 563 1241 682 1
1123 563 1184 679 1
1063 554 1124 675 1
1002 565 1063 686 1
632 553 685 671 1
567 534 618 652 1
505 544 559 663 1
438 538 495 655 1
819 561 874 673 1
879 558 934 669 1
936 560 993 684 1
