1041 399 1119 436 1
843 0 885 69 1
849 89 889 174 1
845 201 887 287 1
845 303 882 387 1
833 418 875 502 1
648 30 717 71 1
638 154 719 190 1
639 278 711 309 1
641 318 715 352 1
642 356 717 396 1
641 400 716 435 1
639 440 716 474 1
634 482 715 516 1
630 522 712 559 1
628 565 708 600 1
630 605 710 641 1
629 645 705 684 1
626 685 711 718 1
460 363 536 420 1
458 580 529 631 1
454 621 532 674 1
454 662 528 716 1
463 70 543 126 1
464 0 540 41 1
306 0 388 35 1
311 34 386 88 1
298 86 382 134 1
300 129 385 186 1
302 178 382 238 1
297 219 379 282 1
291 266 376 325 1
301 316 383 376 1
301 373 374 420 1
291 420 369 471 1
293 467 362 511 1
296 509 368 563 1
301 562 371 611 1
297 608 363 656 1
288 649 368 703 1
289 694 363 719 1
