928 640 1042 703 1
966 591 1065 659 1
956 510 1056 597 1
975 467 1041 527 1
951 389 1032 462 1
913 315 1013 392 1
897 238 997 323 1
916 185 998 254 1
897 114 999 198 1
904 63 990 135 1
739 521 840 571 1
719 422 823 470 1
718 320 824 361 1
708 272 820 314 1
710 212 815 257 1
702 159 810 209 1
706 111 814 160 1
705 56 810 106 1
703 4 801 54 1
467 14 582 66 1
468 73 576 119 1
474 127 561 174 1
475 175 572 218 1
461 225 577 272 1
486 278 573 317 1
483 325 584 372 1
485 386 596 427 1
487 485 596 532 1
429 538 527 585 1
376 490 486 532 1
139 501 267 542 1
127 546 237 588 1
44 446 157 497 1
146 346 257 388 1
376 388 481 433 1
363 335 473 378 1
367 285 467 325 1
352 229 454 272 1
359 176 471 220 1
363 129 470 172 1
345 81 461 130 1
353 20 461 71 1
127 29 251 80 1
145 85 255 138 1
143 140 253 189 1
120 192 232 239 1
145 244 254 286 1
144 293 259 337 1
21 260 141 306 1
17 151 133 200 1
25 34 125 82 1
10 95 133 141 1
