835 12 916 45 1
838 49 922 87 1
842 90 921 128 1
856 130 933 168 1
856 213 935 246 1
858 250 932 288 1
852 295 933 334 1
640 96 716 136 1
399 99 479 139 1
382 148 457 185 1
376 189 468 235 1
247 323 324 395 1
362 303 457 348 1
373 375 463 419 1
373 415 461 454 1
373 457 462 500 1
892 416 932 500 1
849 444 885 518 1
807 450 849 534 1
766 457 808 537 1
728 452 765 535 1
684 463 720 543 1
647 471 682 540 1
601 463 639 546 1
560 472 599 549 1
635 142 715 180 1
403 55 469 92 1
723 87 761 166 1
851 172 928 211 1
631 44 718 88 1
631 10 695 43 1
402 20 484 57 1
394 0 476 15 1
632 176 731 223 1
718 0 753 79 1
517 484 555 565 1
