711 127 749 209 1
710 222 744 305 1
701 359 741 434 1
692 463 728 530 1
697 537 734 614 1
479 381 560 421 1
493 432 570 468 1
496 471 571 508 1
483 510 560 544 1
481 550 551 588 1
468 589 546 628 1
483 631 548 666 1
498 671 555 705 1
397 324 474 364 1
277 179 362 217 1
173 209 250 259 1
167 251 251 301 1
169 297 245 355 1
153 337 235 393 1
157 385 233 444 1
151 436 234 485 1
155 487 230 532 1
151 526 232 575 1
146 573 227 624 1
147 623 231 671 1
149 669 224 718 1
311 546 385 591 1
296 507 376 551 1
325 462 395 505 1
325 413 400 460 1
306 661 381 709 1
