268 17 337 91 1
299 0 367 69 1
344 0 398 37 1
387 0 424 16 1
561 2 627 80 1
532 41 598 110 1
498 64 565 137 1
464 83 526 147 1
436 113 499 179 1
413 145 477 212 1
379 168 440 236 1
352 197 415 267 1
315 221 379 287 1
282 246 348 318 1
256 278 319 345 1
210 82 274 144 1
184 105 249 176 1
150 130 224 203 1
127 159 188 222 1
88 180 151 244 1
51 204 121 271 1
20 230 93 298 1
0 251 66 329 1
0 308 36 353 1
226 303 287 370 1
200 330 263 398 1
168 354 233 424 1
145 387 208 455 1
114 417 177 484 1
77 431 138 498 1
43 453 114 526 1
17 486 85 561 1
0 515 52 586 1
0 571 22 609 1
612 195 671 253 1
583 221 637 274 1
554 248 612 304 1
526 274 579 325 1
466 331 523 389 1
432 359 487 414 1
404 388 461 440 1
380 422 436 472 1
339 437 399 509 1
314 473 385 541 1
292 506 354 574 1
261 530 323 593 1
242 563 302 624 1
209 583 270 647 1
177 602 247 671 1
146 634 217 706 1
119 666 179 719 1
83 684 140 719 1
