1120 112 1191 145 1
1045 107 1111 140 1
723 93 794 127 1
595 88 662 123 1
508 87 581 121 1
409 87 488 122 1
173 89 245 121 1
242 91 313 127 1
1256 250 1279 324 1
1222 258 1261 322 1
1189 251 1225 315 1
1157 264 1188 306 1
1121 251 1155 318 1
1087 248 1124 315 1
1053 255 1090 330 1
1015 245 1048 324 1
981 250 1016 315 1
949 248 982 319 1
915 249 955 328 1
876 247 909 318 1
843 243 877 314 1
804 237 838 312 1
768 249 798 324 1
729 237 761 311 1
695 242 726 311 1
654 238 686 314 1
618 241 651 315 1
580 235 613 311 1
542 240 575 314 1
501 235 534 310 1
459 236 491 298 1
420 236 453 314 1
376 244 412 315 1
374 318 412 397 1
1199 411 1246 476 1
1235 406 1279 477 1
1231 542 1279 608 1
1065 406 1106 476 1
1026 402 1069 472 1
957 403 1000 472 1
775 402 818 472 1
730 397 776 469 1
697 400 740 472 1
660 399 705 472 1
503 401 547 466 1
468 405 512 475 1
434 400 471 462 1
1148 545 1201 608 1
1116 534 1174 608 1
908 546 960 613 1
822 539 876 613 1
786 543 834 610 1
652 538 708 619 1
610 548 654 623 1
568 547 615 616 1
521 548 571 619 1
441 547 489 614 1
401 536 446 612 1
361 545 402 613 1
319 538 368 609 1
284 529 329 597 1
