772 171 813 267 1
723 166 764 259 1
824 421 860 509 1
759 425 797 517 1
710 431 745 508 1
659 407 702 503 1
610 424 650 516 1
561 413 601 510 1
511 419 551 512 1
461 419 505 511 1
720 37 818 90 1
672 159 713 250 1
619 165 660 256 1
568 159 611 247 1
520 163 560 244 1
471 162 516 258 1
376 161 421 253 1
328 162 371 253 1
283 139 328 230 1
237 143 282 232 1
192 138 236 226 1
104 137 150 223 1
54 136 104 232 1
6 141 60 217 1
0 143 13 233 1
402 388 456 530 1
273 409 320 500 1
233 390 275 480 1
86 403 135 499 1
0 378 50 478 1
