415 297 460 397 1
362 278 409 381 1
470 283 517 384 1
526 290 569 390 1
420 516 483 613 1
575 295 620 396 1
633 298 683 415 1
687 296 730 400 1
740 301 782 393 1
790 292 836 407 1
846 312 897 416 1
902 300 944 395 1
951 304 994 399 1
1000 323 1045 381 1
1049 306 1094 402 1
1098 318 1145 406 1
1148 306 1196 408 1
1199 316 1247 412 1
1247 334 1279 407 1
1226 110 1279 154 1
956 103 1053 148 1
842 91 939 142 1
363 73 469 121 1
192 66 288 116 1
70 66 178 110 1
0 63 48 110 1
314 285 360 380 1
259 279 310 383 1
210 283 260 383 1
159 274 210 377 1
109 280 159 386 1
51 275 105 373 1
0 271 48 359 1
692 523 750 622 1
798 521 857 626 1
860 531 913 627 1
1058 540 1121 631 1
1107 533 1174 634 1
1211 553 1276 643 1
358 508 423 607 1
314 510 374 607 1
262 505 327 605 1
53 499 114 589 1
2 506 68 602 1
276 698 327 719 1
160 702 205 719 1
