531 349 612 382 1
537 392 615 428 1
529 155 605 193 1
536 195 612 231 1
531 235 617 271 1
545 275 621 308 1
538 311 612 345 1
346 510 419 546 1
349 468 418 502 1
342 428 419 464 1
341 386 422 425 1
335 347 415 383 1
341 311 412 344 1
354 270 426 307 1
352 229 428 266 1
348 192 422 227 1
350 152 423 189 1
348 114 421 149 1
517 115 592 152 1
537 79 610 115 1
525 42 607 76 1
524 8 602 38 1
347 40 424 75 1
351 76 424 111 1
174 142 242 177 1
167 180 241 215 1
165 219 241 252 1
162 295 243 330 1
153 258 244 294 1
180 99 255 137 1
175 63 258 97 1
181 30 257 63 1
182 0 253 29 1
168 450 246 485 1
167 491 242 524 1
157 617 241 652 1
158 654 240 686 1
158 691 240 719 1
169 336 242 371 1
159 374 239 408 1
163 535 236 569 1
150 576 240 613 1
543 433 612 468 1
534 473 610 508 1
531 513 612 552 1
347 3 420 39 1
364 669 440 709 1
363 711 445 719 1
546 672 619 707 1
639 670 716 704 1
639 708 712 719 1
557 709 628 719 1
838 707 908 719 1
916 703 986 719 1
915 667 981 699 1
828 669 910 705 1
1105 704 1181 719 1
1094 665 1172 704 1
1107 623 1184 659 1
1105 585 1178 618 1
1103 541 1185 575 1
1062 456 1102 538 1
1018 465 1055 543 1
983 476 1020 552 1
630 477 665 557 1
671 472 703 556 1
711 464 744 550 1
753 464 784 548 1
789 470 826 552 1
831 471 867 549 1
875 470 908 546 1
910 468 943 548 1
946 477 982 554 1
