504 121 569 191 1
478 152 546 220 1
445 177 513 244 1
415 204 483 275 1
391 239 457 304 1
527 375 580 426 1
658 219 713 274 1
684 190 748 252 1
713 160 773 222 1
546 340 606 397 1
360 269 426 336 1
337 297 402 364 1
307 323 375 391 1
285 355 353 425 1
258 389 326 456 1
466 431 535 495 1
443 464 506 532 1
536 97 605 161 1
634 251 688 300 1
605 279 662 330 1
573 310 630 367 1
366 551 430 613 1
335 572 400 634 1
222 407 287 473 1
192 433 264 503 1
169 464 240 538 1
141 496 209 566 1
556 64 622 128 1
583 32 646 94 1
615 13 682 85 1
645 0 710 55 1
690 0 738 24 1
424 0 478 29 1
379 0 451 54 1
120 529 185 594 1
87 558 157 626 1
738 133 798 192 1
486 390 553 459 1
395 525 459 588 1
412 492 480 553 1
308 608 378 676 1
284 638 354 709 1
251 661 322 719 1
219 687 282 719 1
0 419 39 482 1
0 386 68 453 1
41 328 116 393 1
75 305 146 368 1
99 271 174 338 1
115 237 197 312 1
153 213 223 276 1
184 185 249 249 1
214 158 279 221 1
251 133 315 199 1
275 101 345 173 1
302 77 372 144 1
330 51 394 113 1
0 687 42 719 1
