754 139 793 219 1
755 234 797 315 1
745 367 788 444 1
740 469 778 536 1
745 542 784 618 1
531 393 612 429 1
545 438 620 475 1
546 479 622 513 1
533 518 610 555 1
532 558 603 595 1
523 598 597 636 1
532 638 602 676 1
553 681 611 712 1
449 336 525 374 1
378 422 454 470 1
379 472 446 513 1
332 520 418 562 1
365 557 440 601 1
362 670 437 715 1
207 538 287 588 1
215 492 285 539 1
207 445 285 494 1
212 398 287 453 1
207 348 289 404 1
221 310 297 362 1
224 264 304 316 1
224 222 297 267 1
331 193 409 231 1
202 579 280 631 1
208 631 284 681 1
198 675 277 719 1
