473 382 551 418 1
391 383 468 422 1
525 546 562 624 1
643 536 681 620 1
699 531 738 615 1
759 537 798 622 1
821 515 857 596 1
412 554 450 637 1
351 549 392 629 1
212 569 298 631 1
208 503 296 545 1
202 442 289 483 1
197 385 281 424 1
659 376 735 413 1
654 333 721 369 1
654 292 734 328 1
737 284 812 322 1
739 245 820 281 1
656 254 723 287 1
915 201 992 242 1
905 166 977 198 1
901 126 981 164 1
898 83 972 123 1
901 44 980 84 1
900 9 969 46 1
895 0 973 11 1
736 0 811 12 1
648 0 724 14 1
727 12 805 47 1
643 16 721 50 1
733 47 808 86 1
642 50 720 89 1
645 89 724 128 1
730 85 810 124 1
736 126 810 163 1
652 128 728 166 1
742 164 814 202 1
642 167 728 206 1
743 203 822 242 1
649 209 729 249 1
461 0 541 18 1
374 0 450 23 1
468 18 541 56 1
377 22 454 64 1
464 57 542 94 1
381 63 451 102 1
470 95 543 131 1
382 104 457 140 1
465 131 548 170 1
473 174 550 213 1
466 215 550 254 1
473 257 556 296 1
465 297 550 336 1
468 337 550 374 1
381 339 462 377 1
378 300 461 337 1
385 260 464 296 1
376 220 454 258 1
375 179 452 216 1
379 141 453 177 1
319 215 360 291 1
202 0 287 26 1
202 33 284 77 1
205 95 287 135 1
201 209 277 245 1
202 262 282 300 1
200 324 287 363 1
