445 148 487 235 1
562 376 617 465 1
548 146 587 239 1
495 139 538 237 1
564 547 636 645 1
675 561 745 647 1
699 153 743 253 1
650 151 690 241 1
600 162 638 238 1
615 368 671 465 1
664 359 724 456 1
452 357 516 456 1
405 365 464 454 1
715 352 777 459 1
772 365 832 460 1
804 145 844 241 1
756 147 797 245 1
397 141 439 230 1
349 156 389 213 1
298 139 342 230 1
250 139 296 229 1
197 148 249 244 1
144 136 196 237 1
98 145 148 229 1
51 140 101 233 1
0 142 52 248 1
55 349 119 441 1
0 538 54 637 1
272 532 349 640 1
330 548 393 635 1
447 551 517 645 1
503 552 574 646 1
207 355 264 449 1
153 346 212 445 1
615 562 683 659 1
736 559 803 654 1
801 558 870 651 1
856 570 917 655 1
905 567 975 668 1
972 551 1035 640 1
1019 558 1079 638 1
1070 567 1132 653 1
976 286 1023 384 1
987 32 1089 84 1
902 165 942 257 1
850 159 894 244 1
