590 492 631 590 1
639 489 681 585 1
688 501 730 591 1
742 506 781 603 1
817 625 862 719 1
837 367 941 412 1
648 280 750 330 1
408 283 503 331 1
134 284 235 328 1
19 280 123 323 1
532 498 574 598 1
483 497 522 588 1
433 507 472 585 1
378 491 420 587 1
328 481 371 584 1
280 491 321 583 1
230 483 274 576 1
179 498 224 558 1
128 479 177 575 1
81 477 126 569 1
21 490 79 590 1
0 471 25 581 1
37 698 92 719 1
246 703 291 719 1
293 701 342 719 1
499 700 538 719 1
449 707 490 719 1
554 701 591 719 1
604 704 644 719 1
0 695 35 719 1
