823 89 865 179 1
721 98 758 156 1
96 74 147 174 1
872 81 917 181 1
923 87 965 182 1
974 105 1016 181 1
1021 95 1067 184 1
1071 97 1119 196 1
149 302 219 397 1
92 297 163 393 1
48 299 116 396 1
1172 90 1217 185 1
1220 103 1269 192 1
48 81 97 178 1
196 76 244 171 1
146 94 194 189 1
251 83 297 177 1
338 84 395 195 1
299 84 341 181 1
403 83 448 179 1
772 81 812 171 1
1122 89 1170 188 1
1269 107 1279 193 1
0 298 70 393 1
414 301 474 396 1
518 296 581 402 1
580 303 635 403 1
788 312 850 404 1
840 304 903 406 1
947 320 1003 409 1
997 311 1055 409 1
1047 302 1105 398 1
1089 296 1154 402 1
1147 307 1211 402 1
0 79 47 179 1
455 82 496 174 1
504 74 550 181 1
562 87 608 188 1
616 77 656 171 1
668 78 707 172 1
227 493 298 590 1
173 495 240 588 1
0 488 71 601 1
346 501 412 598 1
713 506 776 597 1
653 491 732 599 1
835 503 908 600 1
889 501 964 598 1
953 492 1031 589 1
1004 509 1072 597 1
1069 504 1130 589 1
1112 501 1198 596 1
1184 500 1265 601 1
1244 512 1279 593 1
