972 258 1003 329 1
843 259 873 324 1
813 254 841 322 1
777 252 809 318 1
707 251 737 315 1
676 251 704 318 1
640 248 670 319 1
605 253 638 321 1
537 252 566 322 1
499 249 531 316 1
644 399 684 463 1
680 399 718 464 1
710 398 750 462 1
750 402 789 465 1
916 403 958 465 1
705 119 768 150 1
940 263 969 321 1
1067 263 1096 324 1
1099 275 1128 313 1
1165 530 1217 593 1
1199 530 1251 593 1
1092 532 1137 590 1
1061 523 1113 589 1
794 526 842 591 1
758 529 802 589 1
519 533 563 598 1
563 532 603 596 1
641 523 689 598 1
599 533 639 597 1
409 520 448 592 1
369 531 409 594 1
335 524 375 589 1
302 515 344 577 1
743 260 771 329 1
1129 263 1156 324 1
1156 272 1190 328 1
1191 264 1221 328 1
1221 269 1252 331 1
1231 415 1273 475 1
1067 137 1126 170 1
418 113 490 144 1
510 112 574 144 1
589 115 649 146 1
266 116 333 147 1
466 246 494 303 1
430 250 460 319 1
388 255 420 318 1
387 323 420 393 1
1251 279 1279 329 1
1235 139 1279 179 1
1264 411 1279 468 1
1236 521 1279 584 1
978 399 1016 464 1
1014 405 1049 467 1
1166 407 1208 467 1
1136 410 1177 466 1
911 261 941 327 1
878 263 913 334 1
1005 268 1035 333 1
1035 262 1063 321 1
444 532 489 595 1
871 529 918 591 1
504 397 541 457 1
472 402 511 466 1
441 399 476 456 1
996 132 1056 163 1
575 249 602 319 1
205 116 268 146 1
