771 652 872 719 1
759 570 862 659 1
776 525 843 588 1
748 448 832 521 1
709 372 811 449 1
689 295 793 380 1
706 239 792 311 1
693 169 794 251 1
693 117 783 190 1
543 587 641 637 1
520 487 624 535 1
514 383 622 429 1
505 329 622 381 1
499 271 609 322 1
496 223 602 275 1
500 168 609 224 1
494 118 599 169 1
490 69 594 113 1
256 84 371 134 1
255 142 367 190 1
264 197 355 238 1
0 6 121 62 1
231 607 329 658 1
283 555 397 607 1
174 558 285 611 1
0 572 73 618 1
0 621 45 672 1
283 454 391 497 1
280 395 383 444 1
279 349 371 388 1
259 292 375 342 1
270 239 367 289 1
141 92 253 141 1
139 146 256 203 1
153 198 263 245 1
154 250 266 293 1
148 298 251 349 1
164 350 263 400 1
162 403 272 455 1
174 454 281 508 1
0 418 59 459 1
0 368 58 407 1
0 320 53 362 1
0 215 48 264 1
0 158 50 205 1
0 104 51 149 1
