867 281 917 400 1
798 274 859 401 1
738 287 787 400 1
672 277 729 404 1
608 285 659 412 1
540 286 599 409 1
480 271 538 396 1
415 280 471 400 1
554 0 606 63 1
626 0 673 49 1
684 0 734 44 1
746 0 797 54 1
805 0 861 67 1
869 0 922 89 1
928 0 980 82 1
1044 0 1102 91 1
1104 0 1162 74 1
1213 0 1279 79 1
922 287 978 400 1
982 295 1034 408 1
1039 301 1094 407 1
1100 309 1159 420 1
1159 313 1218 425 1
1212 309 1279 430 1
1210 632 1276 719 1
1147 620 1207 719 1
1087 626 1146 719 1
1029 624 1084 719 1
970 628 1029 719 1
911 618 967 719 1
849 629 907 719 1
783 625 834 719 1
721 626 776 719 1
663 627 717 719 1
595 613 649 719 1
536 636 588 719 1
470 619 525 719 1
410 598 459 715 1
345 609 402 719 1
281 606 338 719 1
0 573 58 630 1
0 506 68 561 1
0 438 62 494 1
0 377 65 429 1
0 314 66 366 1
0 253 75 307 1
0 190 77 240 1
0 132 86 186 1
