507 86 588 126 1
501 149 583 187 1
513 263 594 305 1
513 384 602 429 1
639 404 685 491 1
519 445 608 485 1
515 509 600 546 1
540 573 619 605 1
729 403 767 482 1
773 400 810 471 1
816 401 854 479 1
858 403 892 471 1
897 392 936 477 1
941 388 979 477 1
979 397 1017 477 1
1020 392 1059 472 1
825 486 861 560 1
862 485 900 569 1
901 491 943 569 1
942 491 980 565 1
982 483 1021 562 1
1022 480 1065 561 1
1066 479 1101 559 1
1104 476 1140 557 1
1144 484 1183 557 1
1181 481 1220 549 1
1219 474 1259 549 1
1261 471 1279 547 1
1058 389 1101 469 1
1097 392 1137 470 1
1137 393 1180 468 1
1176 384 1222 468 1
1214 384 1258 458 1
1255 381 1279 459 1
724 213 760 292 1
771 209 808 291 1
809 205 848 291 1
851 214 889 297 1
893 207 931 291 1
935 215 972 294 1
974 206 1014 290 1
1015 211 1052 283 1
1055 205 1093 286 1
1093 210 1131 281 1
1131 203 1172 284 1
1172 201 1211 279 1
1212 208 1257 284 1
1250 205 1279 283 1
720 128 759 208 1
764 118 804 200 1
806 117 843 201 1
849 123 886 203 1
887 114 925 196 1
929 114 967 191 1
967 120 1006 192 1
1009 120 1045 197 1
525 0 567 28 1
600 0 634 27 1
660 0 694 23 1
721 0 756 17 1
780 0 813 21 1
847 0 878 19 1
906 0 935 11 1
1016 0 1051 21 1
1074 0 1115 20 1
1124 0 1165 21 1
1171 0 1202 10 1
1211 0 1245 11 1
1247 0 1279 17 1
1049 68 1092 140 1
1086 115 1128 194 1
1125 116 1166 193 1
1165 119 1207 189 1
1205 119 1249 196 1
1242 111 1279 192 1
902 669 941 719 1
943 658 977 719 1
979 658 1022 719 1
1024 654 1064 719 1
1063 657 1103 719 1
1103 659 1145 719 1
1140 653 1184 719 1
1184 645 1228 719 1
1225 646 1271 719 1
1265 644 1279 719 1
