663 324 732 360 1
574 323 641 360 1
569 359 646 395 1
570 397 648 436 1
847 421 923 456 1
666 404 735 438 1
663 444 742 479 1
663 485 738 520 1
575 442 645 473 1
661 523 735 560 1
659 564 732 598 1
652 600 731 635 1
645 641 722 679 1
564 636 641 673 1
561 599 637 634 1
576 560 644 594 1
567 520 646 556 1
579 483 652 517 1
672 365 740 400 1
840 384 914 416 1
934 346 993 378 1
846 342 918 375 1
655 680 719 716 1
563 679 645 718 1
830 702 905 719 1
917 698 987 719 1
925 659 991 696 1
844 657 917 694 1
929 616 1004 653 1
839 618 916 653 1
932 578 1009 614 1
841 579 909 613 1
846 539 920 572 1
935 541 1009 577 1
1097 690 1177 719 1
1095 653 1178 689 1
1099 617 1176 651 1
1104 577 1174 612 1
1106 539 1185 574 1
1107 500 1185 536 1
1106 462 1191 500 1
1108 423 1187 457 1
1119 388 1189 421 1
1116 354 1194 388 1
1110 315 1189 349 1
1115 276 1178 310 1
1104 234 1179 269 1
1105 199 1176 234 1
1100 164 1186 199 1
1115 128 1193 164 1
1116 88 1194 122 1
1125 50 1183 85 1
1119 14 1195 49 1
930 501 1009 536 1
932 465 1008 497 1
934 423 1009 460 1
932 384 1007 421 1
850 459 924 497 1
851 497 922 532 1
929 304 1008 341 1
844 304 913 336 1
929 268 1004 302 1
852 266 914 299 1
927 226 995 261 1
849 223 917 259 1
927 189 1004 225 1
844 186 923 222 1
936 153 1013 188 1
846 148 923 182 1
935 114 1003 150 1
852 112 931 147 1
937 77 1005 110 1
942 41 1002 75 1
932 6 1005 42 1
853 0 925 35 1
853 37 929 73 1
859 74 921 110 1
684 0 759 17 1
678 19 755 53 1
593 0 664 15 1
593 15 662 52 1
590 51 662 84 1
584 85 659 123 1
594 126 668 161 1
680 130 750 165 1
678 167 748 201 1
667 203 746 244 1
667 244 742 282 1
657 284 738 319 1
575 282 651 318 1
582 241 659 279 1
583 201 655 239 1
574 162 647 198 1
421 6 497 43 1
237 19 309 54 1
242 0 310 20 1
241 215 316 247 1
422 44 490 78 1
415 85 479 118 1
414 122 484 155 1
397 155 470 190 1
403 197 483 233 1
409 233 478 268 1
395 275 470 309 1
390 309 471 348 1
387 354 463 387 1
387 392 459 427 1
384 431 452 467 1
385 472 460 507 1
390 513 459 545 1
389 551 456 588 1
378 591 456 624 1
376 628 452 662 1
387 668 461 704 1
374 704 451 719 1
287 697 360 719 1
337 610 372 683 1
335 523 369 602 1
144 640 185 715 1
