1077 128 1139 161 1
1007 124 1067 158 1
421 105 494 138 1
979 253 1010 324 1
887 255 923 328 1
850 254 880 319 1
820 249 848 317 1
784 247 816 313 1
751 254 777 320 1
714 246 744 310 1
683 246 711 313 1
647 243 677 314 1
612 248 645 316 1
577 243 607 312 1
544 247 573 317 1
506 244 538 311 1
468 242 497 303 1
433 243 464 314 1
390 250 422 315 1
388 318 424 391 1
444 394 479 452 1
476 397 515 464 1
509 393 546 452 1
651 394 691 458 1
687 394 725 459 1
717 393 757 457 1
757 397 796 460 1
923 398 965 460 1
766 526 810 588 1
643 521 696 600 1
604 531 647 600 1
568 528 611 592 1
524 531 570 596 1
449 530 493 593 1
338 521 380 590 1
305 512 348 576 1
511 105 579 136 1
593 107 655 139 1
712 114 775 145 1
1253 523 1279 585 1
414 519 455 591 1
375 527 415 589 1
267 110 336 140 1
206 108 271 140 1
1245 131 1279 168 1
1013 263 1045 330 1
947 258 976 316 1
916 255 944 321 1
1047 257 1071 318 1
1074 258 1103 319 1
1106 270 1135 308 1
1136 261 1168 320 1
1168 266 1199 324 1
1199 260 1230 323 1
1230 264 1262 326 1
1261 275 1279 326 1
1241 411 1279 472 1
1146 407 1187 466 1
1176 401 1220 465 1
1023 403 1059 465 1
984 397 1027 463 1
1172 525 1224 588 1
1206 525 1258 588 1
1099 527 1144 585 1
1068 518 1120 584 1
880 527 926 590 1
798 523 847 590 1
