1033 202 1078 268 1
991 201 1034 274 1
952 189 995 268 1
918 170 959 246 1
877 164 923 238 1
841 167 880 231 1
802 149 841 211 1
769 139 808 216 1
727 134 762 201 1
685 137 726 213 1
649 131 686 209 1
607 119 649 195 1
563 110 605 181 1
522 97 567 177 1
480 89 522 170 1
436 84 480 166 1
395 80 437 164 1
352 73 395 157 1
311 77 351 148 1
270 51 311 142 1
224 40 269 131 1
177 35 225 116 1
130 30 178 119 1
84 18 133 104 1
40 7 89 89 1
0 0 41 77 1
925 405 972 475 1
883 388 925 463 1
847 383 891 457 1
809 373 849 453 1
771 373 812 448 1
731 375 773 453 1
692 369 733 442 1
651 359 690 432 1
611 347 651 429 1
574 344 611 425 1
530 342 570 425 1
488 330 527 409 1
448 324 489 404 1
400 322 446 398 1
358 311 402 394 1
317 300 363 389 1
274 293 322 378 1
228 282 273 360 1
182 277 228 361 1
137 278 183 361 1
92 280 143 363 1
47 272 96 357 1
2 262 54 345 1
883 469 947 508 1
806 459 878 497 1
720 456 799 494 1
636 445 716 486 1
549 431 626 470 1
479 423 545 457 1
392 412 473 452 1
306 401 389 442 1
217 389 301 432 1
114 376 206 421 1
24 362 116 403 1
968 583 1012 661 1
927 584 970 662 1
889 591 934 664 1
852 588 895 660 1
812 580 857 661 1
776 574 820 646 1
742 568 784 639 1
699 583 741 664 1
664 553 706 627 1
621 565 659 649 1
577 560 620 640 1
540 550 577 623 1
502 544 543 617 1
459 540 499 619 1
421 533 461 609 1
375 531 416 615 1
330 529 377 610 1
291 534 332 611 1
246 518 289 603 1
205 513 250 596 1
151 507 205 599 1
113 499 160 586 1
71 493 119 581 1
22 490 75 575 1
0 484 30 570 1
