852 628 925 659 1
850 670 925 704 1
930 510 1007 547 1
933 550 1010 587 1
841 470 915 504 1
838 432 908 467 1
579 626 651 660 1
846 393 908 423 1
840 350 908 382 1
662 260 733 294 1
662 299 733 334 1
575 262 650 294 1
835 310 914 344 1
202 166 275 199 1
206 207 278 243 1
383 346 464 379 1
392 384 458 416 1
376 426 456 460 1
373 464 456 499 1
373 508 451 540 1
652 341 734 377 1
555 300 637 338 1
567 343 644 377 1
562 218 639 256 1
563 182 639 214 1
569 145 638 180 1
565 104 637 142 1
660 101 739 139 1
658 139 734 177 1
658 181 733 216 1
655 222 732 254 1
1121 502 1192 539 1
1112 542 1194 573 1
1111 578 1198 617 1
1115 619 1194 655 1
1114 657 1196 696 1
1113 697 1188 719 1
843 709 912 719 1
656 382 731 420 1
921 310 999 344 1
921 350 992 382 1
924 391 1002 425 1
924 428 1006 466 1
931 470 992 504 1
836 513 911 549 1
847 552 926 587 1
850 591 925 627 1
934 591 1011 624 1
935 627 1013 662 1
939 667 1015 705 1
937 706 1011 719 1
926 232 994 268 1
924 270 1005 305 1
835 270 913 306 1
840 233 920 267 1
926 190 996 227 1
846 192 907 228 1
839 154 916 189 1
927 153 990 187 1
917 117 989 153 1
837 113 910 152 1
934 78 1004 114 1
926 36 999 76 1
930 3 1000 37 1
837 0 910 36 1
836 36 910 73 1
835 77 908 109 1
665 66 735 100 1
657 26 733 64 1
656 0 726 25 1
567 62 644 100 1
381 0 462 27 1
385 28 460 61 1
382 223 450 259 1
389 265 460 298 1
372 300 446 335 1
199 125 282 162 1
198 86 278 124 1
193 47 277 85 1
193 10 274 45 1
192 0 265 12 1
377 548 449 582 1
374 585 446 621 1
379 627 456 663 1
386 666 459 700 1
386 704 458 719 1
331 679 366 719 1
576 704 646 719 1
661 703 737 719 1
662 661 738 701 1
564 667 646 702 1
663 625 737 659 1
659 584 741 619 1
570 587 641 621 1
660 545 731 579 1
563 547 643 582 1
562 507 640 542 1
665 506 733 541 1
654 463 730 498 1
647 423 731 461 1
562 427 639 460 1
563 468 633 502 1
567 386 647 420 1
1093 0 1160 12 1
1101 13 1169 43 1
1097 49 1168 86 1
1110 119 1181 155 1
1113 155 1172 188 1
1108 194 1185 228 1
1107 235 1186 270 1
1096 272 1180 307 1
1101 311 1173 343 1
1100 346 1177 378 1
1115 388 1178 421 1
1109 428 1190 461 1
1119 465 1196 500 1
