660 440 738 476 1
946 595 1011 628 1
946 555 1013 587 1
942 514 1017 548 1
935 472 1007 509 1
851 516 930 556 1
854 559 928 594 1
851 600 933 636 1
862 640 941 674 1
945 635 1022 670 1
659 481 739 516 1
668 521 747 558 1
667 564 745 598 1
664 602 742 639 1
666 643 741 678 1
570 647 646 682 1
385 523 461 558 1
375 564 448 597 1
291 566 370 602 1
1138 625 1219 663 1
1143 591 1205 622 1
1137 551 1214 584 1
1130 512 1209 550 1
1123 470 1203 508 1
1125 431 1200 466 1
1121 391 1198 428 1
1122 354 1195 390 1
1118 312 1203 351 1
566 442 639 475 1
658 397 736 435 1
563 401 639 436 1
660 359 727 393 1
844 353 918 390 1
927 352 1003 390 1
928 315 1001 351 1
844 315 910 351 1
659 316 731 356 1
840 276 916 313 1
928 274 1004 312 1
658 278 738 317 1
568 278 646 314 1
382 482 455 519 1
377 441 454 478 1
379 402 454 439 1
374 360 444 395 1
1116 278 1187 310 1
1112 240 1185 276 1
658 238 721 274 1
652 197 727 232 1
564 238 643 274 1
554 157 633 195 1
369 206 444 242 1
367 243 438 279 1
291 527 367 560 1
290 486 362 519 1
292 442 369 480 1
290 401 365 440 1
287 365 357 401 1
284 325 360 361 1
369 323 442 358 1
279 284 344 320 1
279 244 358 280 1
370 283 449 318 1
570 201 646 237 1
649 160 718 196 1
561 364 636 397 1
568 325 632 360 1
572 483 644 522 1
573 528 651 561 1
573 569 647 600 1
568 604 647 641 1
585 686 652 719 1
667 684 747 719 1
934 394 1007 429 1
849 395 927 432 1
846 434 925 474 1
854 476 925 513 1
937 433 1014 472 1
946 671 1013 708 1
859 676 943 713 1
1134 703 1219 719 1
1140 667 1223 703 1
381 602 466 642 1
290 607 360 640 1
381 645 461 684 1
389 686 466 719 1
295 688 370 719 1
295 646 373 681 1
144 662 185 719 1
146 375 185 458 1
143 559 185 642 1
144 273 185 352 1
150 181 188 258 1
284 206 347 240 1
370 164 443 200 1
463 168 498 249 1
375 124 449 162 1
288 130 358 168 1
286 170 355 204 1
651 117 724 155 1
840 234 921 270 1
929 234 991 270 1
924 196 998 232 1
925 158 995 193 1
846 161 911 196 1
831 121 906 160 1
919 79 991 117 1
827 80 906 121 1
822 42 897 79 1
917 44 987 80 1
909 10 981 43 1
831 8 904 42 1
563 120 630 155 1
651 81 722 117 1
561 80 640 119 1
560 46 636 81 1
649 45 728 80 1
645 9 715 45 1
551 9 621 45 1
377 84 454 122 1
379 47 461 85 1
378 10 456 46 1
382 0 458 14 1
285 0 361 17 1
284 16 357 53 1
289 53 358 89 1
288 89 366 127 1
147 82 185 158 1
150 0 190 70 1
142 470 183 552 1
1113 197 1194 234 1
1108 156 1195 194 1
1102 119 1184 157 1
1101 82 1184 118 1
1105 45 1182 83 1
1096 10 1176 46 1
1100 0 1173 12 1
944 707 1025 719 1
839 196 916 234 1
