531 348 612 381 1
537 391 615 427 1
529 154 605 192 1
536 194 612 230 1
531 234 617 270 1
545 274 621 307 1
538 310 612 344 1
346 509 419 545 1
349 467 418 501 1
342 427 419 463 1
341 385 422 424 1
335 346 415 382 1
341 310 412 343 1
354 269 426 306 1
352 228 428 265 1
348 191 422 226 1
350 151 423 188 1
348 113 421 148 1
517 114 592 151 1
537 78 610 114 1
525 41 607 75 1
524 7 602 37 1
347 39 424 74 1
351 75 424 110 1
174 141 242 176 1
167 179 241 214 1
165 218 241 251 1
162 294 243 329 1
153 257 244 293 1
180 98 255 136 1
175 62 258 96 1
181 29 257 62 1
182 0 253 28 1
168 449 246 484 1
167 490 242 523 1
157 616 241 651 1
158 653 240 685 1
169 335 242 370 1
159 373 239 407 1
163 534 236 568 1
150 575 240 612 1
543 432 612 467 1
534 472 610 507 1
531 512 612 551 1
347 2 420 38 1
546 671 619 706 1
639 669 716 703 1
916 702 986 718 1
915 666 981 698 1
828 668 910 704 1
1094 664 1172 703 1
1107 622 1184 658 1
1105 584 1178 617 1
1103 540 1185 574 1
1062 455 1102 537 1
1018 464 1055 542 1
983 475 1020 551 1
630 476 665 556 1
671 471 703 555 1
711 463 744 549 1
753 463 784 547 1
789 469 826 551 1
831 470 867 548 1
875 469 908 545 1
910 467 943 547 1
946 476 982 553 1
364 671 442 709 1
159 689 242 719 1
364 712 446 719 1
1105 704 1183 719 1
834 705 910 719 1
640 707 714 719 1
556 709 627 719 1
