798 117 882 156 1
806 167 889 200 1
819 207 897 241 1
820 246 896 282 1
821 288 903 321 1
816 327 894 361 1
815 364 890 398 1
840 405 920 442 1
810 448 889 479 1
830 489 918 528 1
830 530 911 568 1
829 571 900 606 1
825 609 899 643 1
829 648 907 684 1
827 687 901 719 1
696 205 731 281 1
699 284 731 362 1
706 366 742 448 1
705 453 742 536 1
707 544 742 627 1
714 630 744 699 1
615 197 692 236 1
608 248 688 282 1
613 286 687 323 1
608 330 692 364 1
616 370 695 405 1
622 411 700 444 1
622 451 697 488 1
618 495 693 528 1
616 536 696 573 1
622 575 700 611 1
624 616 706 654 1
620 657 698 697 1
619 697 701 719 1
381 116 455 154 1
390 166 468 202 1
385 207 472 246 1
374 251 454 287 1
372 296 454 329 1
386 335 453 368 1
376 381 443 413 1
372 418 452 452 1
377 458 446 499 1
388 500 467 537 1
394 542 469 578 1
386 584 462 619 1
383 625 458 662 1
382 667 461 704 1
