734 277 772 369 1
681 275 721 363 1
626 272 672 373 1
582 279 624 375 1
778 270 819 349 1
822 263 866 361 1
871 262 915 348 1
958 258 1003 343 1
1004 258 1046 345 1
536 285 580 375 1
491 287 532 374 1
439 285 478 371 1
394 283 434 371 1
346 284 393 370 1
303 283 343 374 1
252 283 299 376 1
210 297 249 381 1
164 292 208 385 1
115 305 165 394 1
73 308 116 398 1
25 301 75 392 1
0 311 27 399 1
63 47 114 144 1
989 147 1084 193 1
806 14 845 94 1
942 5 987 100 1
987 11 1032 101 1
1032 13 1075 105 1
1074 0 1122 89 1
1124 8 1168 94 1
1167 4 1216 100 1
1216 12 1259 98 1
1257 12 1279 101 1
1225 260 1277 353 1
1137 265 1189 357 1
1092 272 1140 360 1
1047 252 1095 341 1
762 18 802 100 1
709 17 751 105 1
664 12 704 102 1
570 24 614 104 1
482 26 522 103 1
435 29 477 124 1
343 37 384 128 1
295 49 339 139 1
247 40 291 130 1
205 35 247 124 1
155 26 202 121 1
113 41 158 130 1
1191 479 1267 620 1
1249 502 1279 594 1
1066 512 1114 603 1
1024 498 1066 588 1
880 529 926 623 1
788 515 831 616 1
697 523 734 618 1
645 532 687 623 1
601 535 638 625 1
550 528 590 611 1
502 536 545 628 1
459 539 493 629 1
408 542 447 629 1
362 537 405 630 1
314 548 363 636 1
267 547 309 641 1
221 549 267 632 1
180 551 220 635 1
126 548 176 640 1
84 567 128 640 1
38 558 86 645 1
0 547 37 636 1
