530 493 596 529 1
527 457 601 493 1
707 495 782 529 1
967 532 1042 567 1
967 571 1052 608 1
972 654 1052 692 1
972 612 1048 647 1
803 448 879 486 1
526 368 597 408 1
524 327 605 367 1
708 407 781 446 1
702 369 785 404 1
792 285 872 324 1
520 249 603 288 1
528 210 602 248 1
960 370 1041 410 1
964 412 1039 448 1
970 450 1046 483 1
969 488 1044 526 1
522 414 603 450 1
702 452 778 488 1
804 488 880 526 1
968 329 1044 364 1
971 290 1042 326 1
960 248 1039 288 1
962 212 1041 247 1
958 169 1040 208 1
797 536 874 568 1
797 576 875 612 1
712 620 791 655 1
796 615 873 650 1
798 658 879 692 1
711 655 794 693 1
529 535 606 574 1
530 579 607 612 1
441 580 514 615 1
528 620 608 654 1
436 662 511 701 1
434 619 512 658 1
713 575 786 612 1
703 533 791 571 1
528 659 610 698 1
525 699 604 719 1
437 705 518 719 1
248 700 332 719 1
442 540 518 578 1
437 498 517 535 1
441 455 515 491 1
435 414 520 451 1
435 371 513 409 1
437 333 514 370 1
706 329 774 366 1
798 367 878 405 1
798 408 877 445 1
704 288 785 325 1
705 246 782 282 1
799 244 871 282 1
805 205 874 242 1
707 207 786 242 1
430 293 509 326 1
514 291 592 326 1
439 250 514 285 1
438 209 516 249 1
438 168 516 208 1
523 167 601 205 1
711 166 780 203 1
797 164 875 200 1
789 126 865 164 1
703 126 778 166 1
704 89 777 126 1
789 86 862 123 1
782 51 857 87 1
703 51 779 87 1
520 129 602 166 1
436 130 507 171 1
443 93 520 130 1
527 90 605 127 1
529 53 601 90 1
449 52 516 91 1
436 15 514 53 1
522 13 597 52 1
522 0 599 14 1
440 0 511 16 1
704 14 779 51 1
782 12 859 50 1
782 0 855 13 1
699 0 775 14 1
947 0 1021 18 1
950 18 1021 56 1
960 94 1024 130 1
956 132 1038 166 1
968 693 1052 719 1
801 694 872 719 1
710 695 793 719 1
307 605 344 686 1
305 518 343 595 1
301 423 343 507 1
307 342 347 416 1
307 253 344 323 1
303 162 341 246 1
305 68 346 143 1
306 0 343 63 1
962 56 1026 91 1
803 326 877 362 1
