719 228 763 322 1
668 231 713 325 1
775 450 828 593 1
640 487 686 578 1
594 472 638 560 1
622 213 663 305 1
573 221 614 312 1
527 220 569 310 1
442 499 490 592 1
351 483 399 582 1
830 476 872 567 1
878 469 921 562 1
385 230 430 329 1
436 225 477 313 1
814 222 857 317 1
860 220 901 300 1
908 212 951 299 1
952 214 996 303 1
1001 206 1044 293 1
1044 208 1095 295 1
1090 209 1139 298 1
764 94 856 140 1
1117 0 1161 28 1
1158 441 1209 526 1
1104 449 1150 538 1
1058 461 1104 531 1
1011 440 1060 532 1
968 462 1014 550 1
923 458 965 549 1
263 485 304 580 1
215 496 260 584 1
173 498 216 584 1
124 491 170 570 1
79 499 125 589 1
37 498 78 586 1
0 500 34 589 1
342 237 380 313 1
298 244 339 337 1
247 244 290 329 1
197 242 245 340 1
157 248 198 341 1
113 256 157 340 1
69 258 118 343 1
21 256 69 338 1
0 255 20 340 1
17 3 68 99 1
62 2 112 81 1
1074 0 1114 49 1
1028 0 1068 54 1
980 0 1023 51 1
937 0 982 50 1
891 0 931 58 1
846 0 884 58 1
804 0 841 53 1
758 0 798 58 1
713 0 751 50 1
664 0 705 48 1
617 0 656 66 1
568 0 609 62 1
523 0 563 60 1
380 0 420 65 1
338 0 375 72 1
284 0 328 77 1
242 0 283 76 1
152 0 201 80 1
