938 553 1014 590 1
846 549 928 584 1
943 674 1015 709 1
943 593 1013 626 1
843 587 924 624 1
838 626 913 662 1
854 671 925 707 1
934 513 1009 543 1
852 508 928 541 1
933 466 1002 500 1
852 467 927 502 1
847 427 925 462 1
933 428 997 461 1
1125 667 1198 701 1
1114 629 1194 664 1
1107 592 1187 624 1
1108 548 1184 586 1
645 665 723 703 1
654 628 728 661 1
650 583 728 620 1
563 584 641 621 1
562 623 636 661 1
559 665 636 701 1
1111 513 1186 547 1
1116 473 1195 510 1
1108 434 1185 470 1
1119 390 1196 427 1
1033 228 1071 308 1
999 237 1034 312 1
964 238 997 315 1
923 231 957 306 1
889 228 923 300 1
847 222 884 303 1
808 225 844 305 1
768 222 803 300 1
730 230 762 300 1
687 226 724 304 1
648 229 684 310 1
554 217 631 255 1
551 259 631 299 1
564 181 640 216 1
561 141 636 179 1
554 100 631 136 1
564 65 638 101 1
370 65 438 99 1
365 100 440 137 1
369 137 445 174 1
367 176 443 213 1
371 217 441 249 1
368 254 441 290 1
178 359 258 394 1
177 398 258 431 1
177 436 256 470 1
184 478 262 510 1
186 517 260 556 1
374 660 445 696 1
1076 221 1118 301 1
1121 352 1192 385 1
1119 306 1200 342 1
1123 705 1202 719 1
943 710 1018 719 1
846 709 918 719 1
653 424 731 458 1
652 547 724 580 1
653 506 729 539 1
651 466 728 502 1
557 425 634 459 1
565 463 641 500 1
563 504 640 540 1
553 546 632 582 1
642 706 718 719 1
562 702 633 719 1
384 702 458 719 1
371 580 446 615 1
367 618 443 654 1
380 542 454 576 1
379 500 452 537 1
373 460 455 494 1
374 421 452 456 1
165 681 246 717 1
167 558 248 595 1
176 601 254 638 1
170 640 252 674 1
167 321 258 358 1
182 282 253 316 1
189 237 262 272 1
191 197 268 234 1
184 123 264 162 1
195 86 269 121 1
184 9 271 46 1
192 47 272 84 1
380 23 452 62 1
378 0 454 20 1
555 0 636 30 1
569 30 644 63 1
193 0 269 10 1
