630 6 665 88 1
670 3 703 82 1
709 1 742 79 1
749 3 780 77 1
787 5 821 81 1
824 2 862 82 1
868 6 902 84 1
905 9 936 83 1
941 19 976 92 1
978 21 1012 94 1
1014 14 1048 92 1
1053 8 1092 86 1
538 0 617 35 1
534 36 616 76 1
1095 90 1176 130 1
1094 132 1168 169 1
1096 172 1172 209 1
1087 211 1163 250 1
1095 252 1174 288 1
1090 288 1163 323 1
1087 324 1161 360 1
1087 368 1164 401 1
1094 405 1170 439 1
1102 445 1174 479 1
1101 483 1181 516 1
1100 521 1179 559 1
1086 564 1165 601 1
1088 602 1169 641 1
360 0 429 27 1
355 30 428 67 1
187 0 260 14 1
180 15 257 53 1
173 56 245 91 1
157 93 248 129 1
167 132 246 164 1
166 168 245 204 1
162 205 242 241 1
170 244 248 281 1
168 286 245 322 1
153 324 230 361 1
158 366 237 399 1
152 403 233 440 1
147 447 227 480 1
148 489 227 522 1
154 563 232 598 1
175 602 243 637 1
152 643 236 680 1
167 682 244 719 1
360 705 436 719 1
540 707 617 719 1
543 669 617 707 1
629 675 706 709 1
627 631 706 670 1
539 632 619 669 1
630 595 703 629 1
631 553 701 588 1
539 552 608 587 1
539 594 615 629 1
355 630 436 667 1
360 667 435 704 1
360 589 434 626 1
358 550 433 584 1
355 508 433 545 1
361 469 435 504 1
353 426 425 462 1
346 383 426 419 1
351 344 427 379 1
361 306 436 343 1
362 264 435 302 1
358 223 437 262 1
361 185 438 222 1
540 190 616 226 1
635 189 712 230 1
632 230 709 267 1
548 229 624 267 1
544 270 622 307 1
636 271 708 307 1
631 312 704 346 1
535 309 613 347 1
542 349 619 385 1
631 351 706 389 1
634 396 707 431 1
541 391 616 426 1
538 433 618 468 1
625 435 703 471 1
620 474 696 509 1
623 511 702 552 1
536 511 612 547 1
541 473 613 507 1
818 678 897 719 1
910 677 981 717 1
914 637 988 675 1
908 602 976 637 1
811 603 892 639 1
816 641 885 677 1
819 560 887 597 1
925 525 992 559 1
924 484 1003 521 1
923 447 997 483 1
827 521 890 553 1
824 484 899 520 1
833 445 905 478 1
818 398 894 434 1
822 358 904 395 1
922 363 993 400 1
918 325 995 360 1
827 320 909 358 1
914 283 987 321 1
828 279 907 315 1
829 238 904 273 1
910 237 980 275 1
910 202 974 237 1
825 199 902 235 1
