1096 208 1169 249 1
901 108 940 192 1
904 7 946 97 1
894 223 930 305 1
699 77 771 112 1
705 117 775 156 1
703 157 775 194 1
701 196 775 235 1
698 240 774 276 1
694 277 772 314 1
689 321 768 359 1
687 364 767 399 1
687 403 766 439 1
689 446 762 478 1
683 485 765 519 1
673 525 753 561 1
515 375 584 421 1
520 161 595 214 1
513 416 588 467 1
511 458 586 512 1
346 442 423 499 1
341 487 421 541 1
363 544 426 589 1
348 585 415 636 1
343 639 430 691 1
355 395 421 449 1
362 355 429 400 1
373 305 427 358 1
356 256 422 303 1
367 211 430 262 1
368 167 435 214 1
373 107 442 164 1
375 65 437 119 1
360 14 442 73 1
385 0 448 39 1
