533 78 587 196 1
452 423 510 552 1
596 83 649 200 1
662 76 717 196 1
725 60 783 195 1
788 82 842 205 1
856 89 906 201 1
913 60 969 178 1
977 79 1041 202 1
476 80 528 188 1
415 67 471 188 1
358 66 413 175 1
296 43 357 167 1
232 65 290 190 1
172 57 227 180 1
114 54 172 174 1
847 427 902 552 1
915 673 976 719 1
783 421 838 545 1
718 415 771 537 1
646 423 699 544 1
581 419 637 535 1
518 424 569 529 1
329 418 386 543 1
267 417 322 539 1
209 386 265 505 1
146 391 206 507 1
88 386 152 500 1
0 383 36 495 1
