674 351 711 431 1
632 348 667 417 1
587 346 624 427 1
754 350 793 435 1
714 355 748 423 1
797 351 837 438 1
838 362 873 440 1
875 361 916 439 1
756 447 791 528 1
714 439 748 522 1
675 436 710 510 1
796 451 832 525 1
835 449 871 523 1
919 361 954 442 1
873 448 916 529 1
916 453 951 529 1
951 451 990 531 1
954 367 992 446 1
995 372 1033 446 1
991 461 1032 536 1
1032 460 1067 528 1
1035 366 1073 448 1
1072 369 1108 443 1
1108 370 1146 444 1
1146 370 1185 440 1
1184 380 1222 444 1
1222 382 1262 460 1
1257 382 1279 454 1
1252 464 1279 540 1
1217 467 1256 537 1
1177 463 1217 532 1
1138 462 1180 535 1
1102 458 1149 533 1
1068 457 1102 531 1
1246 630 1279 710 1
1211 633 1244 713 1
1172 634 1210 713 1
1135 631 1170 709 1
1094 625 1135 699 1
1056 623 1095 707 1
1018 623 1056 698 1
978 628 1016 703 1
941 632 977 700 1
900 625 938 704 1
862 618 900 696 1
820 619 858 701 1
779 619 815 692 1
742 624 778 705 1
1005 275 1083 312 1
1264 212 1279 287 1
1224 215 1267 279 1
1265 128 1279 199 1
1232 127 1270 191 1
1242 0 1279 27 1
1190 118 1231 189 1
1151 116 1189 191 1
1115 108 1150 184 1
1206 0 1242 22 1
1170 0 1206 18 1
1126 0 1163 19 1
1089 0 1122 11 1
1015 0 1049 12 1
1078 109 1117 184 1
1188 202 1229 279 1
1154 195 1191 267 1
1116 197 1155 272 1
1079 198 1117 270 1
1039 186 1077 266 1
1002 184 1039 265 1
963 188 999 260 1
926 180 965 259 1
888 182 923 255 1
847 173 884 257 1
807 177 844 256 1
764 168 801 250 1
724 173 759 253 1
684 158 719 244 1
642 160 679 241 1
597 161 633 239 1
600 79 637 158 1
646 73 680 151 1
684 75 722 156 1
728 83 764 165 1
766 78 803 158 1
807 80 844 157 1
847 90 883 162 1
887 95 922 169 1
963 95 1002 174 1
1005 100 1039 174 1
1041 106 1080 178 1
397 24 478 61 1
388 85 469 125 1
389 198 468 236 1
384 318 466 354 1
382 375 468 413 1
374 434 455 472 1
393 498 472 533 1
