773 326 808 412 1
731 328 768 409 1
686 329 722 407 1
689 247 726 326 1
488 193 565 234 1
487 666 565 698 1
466 604 548 640 1
473 545 560 580 1
474 489 560 524 1
772 241 808 323 1
810 339 847 420 1
932 337 970 420 1
814 251 852 329 1
856 241 889 323 1
895 245 929 321 1
933 254 967 324 1
680 515 711 591 1
723 516 757 582 1
765 518 799 595 1
475 255 556 292 1
480 370 558 406 1
701 51 735 130 1
642 52 677 137 1
492 53 548 133 1
579 54 614 139 1
732 239 769 320 1
761 62 795 143 1
822 65 859 143 1
877 66 911 140 1
987 83 1024 158 1
1044 81 1085 159 1
1091 84 1136 162 1
1138 78 1170 156 1
1171 82 1206 158 1
1203 88 1246 170 1
1240 97 1279 169 1
1086 433 1161 467 1
1042 253 1082 331 1
1081 256 1118 332 1
1118 263 1157 331 1
1157 264 1194 337 1
1044 345 1081 416 1
1082 339 1121 421 1
1121 342 1156 416 1
1155 353 1194 424 1
1193 353 1234 424 1
1235 345 1269 416 1
1265 352 1279 428 1
1194 260 1230 334 1
1231 267 1268 340 1
1266 271 1279 339 1
1008 338 1043 418 1
970 344 1007 413 1
892 340 927 418 1
851 332 888 415 1
968 254 1006 331 1
805 521 835 586 1
842 514 878 595 1
883 511 922 597 1
922 522 958 599 1
958 518 1000 597 1
999 516 1036 598 1
766 599 800 669 1
801 601 837 679 1
841 607 878 683 1
880 609 917 679 1
920 604 955 678 1
959 602 999 682 1
1000 608 1032 680 1
1032 604 1071 680 1
1073 612 1113 684 1
1112 613 1148 678 1
1037 521 1072 596 1
1076 527 1114 596 1
1114 517 1152 599 1
1186 521 1227 593 1
1151 521 1188 593 1
1227 518 1264 591 1
1264 529 1279 592 1
1262 613 1279 681 1
1227 609 1264 684 1
1186 606 1230 679 1
1148 607 1185 678 1
