530 349 591 409 1
560 319 627 386 1
609 310 683 381 1
503 373 572 444 1
584 402 657 469 1
711 205 780 273 1
338 161 399 223 1
361 127 427 195 1
280 323 354 396 1
307 302 378 372 1
341 274 404 341 1
368 249 431 311 1
532 463 603 529 1
563 436 633 502 1
448 435 512 501 1
469 398 538 466 1
419 127 486 193 1
400 218 466 285 1
421 183 491 252 1
307 184 377 257 1
279 215 343 284 1
249 245 313 314 1
227 278 290 343 1
254 359 318 427 1
195 301 255 365 1
164 329 230 399 1
227 387 292 453 1
199 423 268 486 1
111 393 182 463 1
172 452 241 522 1
141 476 209 546 1
75 417 140 480 1
44 448 120 517 1
125 158 192 224 1
53 220 124 283 1
505 490 574 557 1
484 519 543 580 1
536 0 604 53 1
746 187 804 245 1
634 131 708 203 1
629 379 688 437 1
410 456 478 525 1
668 109 741 180 1
704 91 771 155 1
719 59 793 129 1
748 32 818 97 1
776 6 843 71 1
806 0 862 41 1
462 0 508 21 1
574 0 626 19 1
844 0 886 13 1
761 152 830 218 1
787 121 854 188 1
819 97 886 162 1
842 71 907 132 1
864 39 930 106 1
888 13 954 75 1
915 0 974 53 1
956 0 1002 30 1
799 243 862 310 1
466 95 532 162 1
16 478 89 550 1
0 507 60 574 1
0 272 68 340 1
115 503 182 574 1
142 365 203 426 1
846 343 912 412 1
83 539 156 607 1
484 244 540 318 1
136 584 209 657 1
14 590 87 660 1
52 567 128 632 1
0 544 27 601 1
0 627 64 700 1
0 679 23 719 1
188 690 241 719 1
220 663 287 719 1
250 635 312 698 1
271 603 338 670 1
302 578 366 645 1
327 548 395 617 1
356 520 423 588 1
379 483 455 555 1
444 544 513 612 1
415 577 487 644 1
387 605 456 672 1
365 631 434 698 1
337 662 408 719 1
313 694 363 719 1
754 495 824 565 1
721 519 787 587 1
697 557 761 621 1
665 586 733 651 1
634 616 699 683 1
601 639 667 707 1
577 670 640 719 1
548 697 595 719 1
798 543 864 613 1
829 571 885 635 1
855 605 914 666 1
877 631 939 697 1
959 615 1025 681 1
989 591 1053 654 1
1014 559 1080 624 1
1041 533 1109 600 1
1064 505 1139 577 1
1089 477 1158 545 1
1109 441 1171 509 1
1136 417 1199 482 1
1160 387 1229 453 1
1188 369 1260 433 1
1208 337 1279 409 1
1239 316 1279 378 1
1259 288 1279 330 1
904 403 971 467 1
932 370 998 434 1
864 307 932 374 1
893 277 960 346 1
921 255 989 320 1
961 340 1027 405 1
986 313 1055 383 1
945 222 1018 290 1
1012 288 1074 348 1
1031 253 1107 324 1
971 197 1041 264 1
1058 231 1116 284 1
996 172 1069 241 1
1022 148 1090 214 1
1037 116 1108 178 1
1067 88 1133 151 1
1088 57 1165 123 1
1082 204 1147 269 1
1104 178 1163 235 1
1130 151 1189 213 1
1152 122 1222 187 1
1115 38 1179 96 1
1135 9 1209 72 1
1165 0 1231 38 1
1216 0 1254 15 1
1247 9 1279 55 1
1225 38 1279 96 1
1197 67 1271 130 1
1174 92 1237 154 1
