823 57 865 139 1
817 167 856 234 1
822 240 860 323 1
810 472 844 554 1
799 578 840 660 1
788 676 828 719 1
595 503 671 543 1
577 549 660 589 1
603 422 677 461 1
614 382 677 414 1
596 336 673 375 1
588 295 669 329 1
599 249 672 287 1
605 211 683 250 1
613 172 694 210 1
613 130 693 165 1
600 83 680 121 1
513 23 593 61 1
436 110 514 161 1
438 160 514 205 1
421 202 502 251 1
425 248 498 296 1
423 373 491 419 1
421 414 501 465 1
399 675 475 719 1
231 665 317 714 1
228 606 315 669 1
236 566 319 626 1
241 521 326 572 1
248 478 326 526 1
243 416 322 472 1
248 374 332 429 1
255 327 340 379 1
250 273 336 333 1
255 225 345 282 1
258 175 340 234 1
267 134 342 186 1
265 80 344 134 1
261 28 345 84 1
280 0 354 50 1
