340 378 411 414 1
344 183 422 215 1
352 107 423 141 1
335 334 402 368 1
347 295 415 331 1
355 217 423 252 1
352 258 417 291 1
349 142 427 179 1
178 22 244 57 1
150 133 227 167 1
152 169 237 203 1
1060 139 1137 177 1
1057 104 1132 140 1
1054 68 1128 103 1
152 208 229 244 1
161 249 237 279 1
156 286 231 319 1
155 325 229 362 1
152 364 226 400 1
160 402 241 434 1
159 441 243 477 1
165 481 246 513 1
170 519 251 553 1
174 556 252 592 1
180 597 257 631 1
180 635 253 672 1
176 675 259 714 1
617 256 692 289 1
355 72 424 105 1
349 35 424 71 1
353 0 426 34 1
162 0 231 21 1
158 59 235 94 1
170 96 241 131 1
1046 37 1115 67 1
1047 2 1112 36 1
867 0 939 34 1
778 0 850 35 1
785 36 850 69 1
786 72 864 105 1
1058 182 1139 216 1
1057 224 1124 257 1
1060 260 1136 292 1
1058 298 1135 332 1
1061 336 1132 370 1
1067 375 1136 407 1
1063 415 1135 449 1
348 415 422 451 1
344 459 419 490 1
349 497 430 530 1
352 538 430 569 1
523 687 596 719 1
627 684 697 719 1
627 646 695 681 1
541 649 613 685 1
621 610 696 646 1
621 571 697 605 1
530 609 603 643 1
532 572 604 605 1
532 536 604 568 1
620 530 697 563 1
623 491 701 527 1
624 453 698 486 1
529 297 603 335 1
525 260 596 291 1
533 217 608 251 1
620 218 692 250 1
612 181 690 215 1
527 179 602 214 1
609 143 682 176 1
523 142 595 175 1
610 105 681 139 1
525 102 596 139 1
608 66 683 103 1
524 67 599 103 1
523 30 599 65 1
607 30 680 64 1
607 0 676 28 1
521 0 591 28 1
899 222 966 253 1
895 257 958 293 1
887 296 958 332 1
817 261 883 295 1
806 297 883 332 1
806 337 883 371 1
892 336 960 370 1
899 374 968 408 1
892 414 965 449 1
899 452 973 489 1
799 414 874 449 1
800 376 876 414 1
799 456 875 488 1
802 495 875 530 1
881 492 958 530 1
893 532 955 565 1
889 569 960 606 1
804 534 876 569 1
806 575 871 610 1
802 612 881 648 1
887 610 958 643 1
889 647 967 682 1
797 650 874 687 1
883 685 962 719 1
797 691 876 719 1
1065 710 1139 719 1
1062 676 1137 710 1
1061 637 1147 675 1
1074 601 1152 637 1
1074 561 1152 596 1
1078 522 1138 554 1
1076 487 1148 521 1
