836 41 870 115 1
834 121 874 201 1
822 346 861 424 1
818 451 855 530 1
808 545 846 625 1
809 651 847 719 1
631 10 709 49 1
632 49 711 88 1
621 90 698 129 1
617 126 689 166 1
609 169 685 208 1
619 213 689 249 1
636 256 696 291 1
624 294 695 332 1
615 376 686 413 1
602 419 677 460 1
609 585 674 628 1
459 0 536 41 1
461 38 532 87 1
444 78 527 130 1
445 124 520 176 1
441 244 513 295 1
443 289 520 338 1
419 545 502 594 1
414 625 501 681 1
246 680 332 719 1
257 634 335 687 1
257 576 340 640 1
261 534 339 582 1
252 479 336 541 1
264 439 343 500 1
269 394 352 450 1
266 349 350 401 1
264 290 349 347 1
273 246 356 303 1
279 199 362 257 1
278 151 359 210 1
282 100 367 160 1
284 52 363 112 1
283 17 366 62 1
