612 258 679 328 1
707 296 775 362 1
681 324 749 395 1
622 383 691 452 1
602 419 665 478 1
581 288 650 361 1
649 351 716 421 1
566 441 637 509 1
527 340 598 413 1
563 320 629 387 1
657 475 724 547 1
726 543 795 610 1
844 423 912 494 1
814 453 886 524 1
639 228 708 295 1
867 397 944 466 1
705 577 773 647 1
391 210 463 280 1
329 150 396 216 1
137 447 204 514 1
105 476 175 546 1
167 534 239 601 1
490 365 564 436 1
298 179 365 250 1
451 154 517 217 1
409 173 482 240 1
164 420 236 492 1
138 556 214 629 1
111 591 180 660 1
388 583 449 643 1
418 553 485 620 1
467 544 541 615 1
852 542 920 610 1
880 517 944 581 1
787 484 854 552 1
756 511 824 577 1
671 204 728 263 1
729 261 798 327 1
758 231 823 297 1
691 168 755 232 1
715 137 785 205 1
746 116 810 179 1
773 88 839 156 1
800 62 865 125 1
824 32 886 95 1
847 4 913 69 1
877 0 936 41 1
919 0 958 16 1
1024 0 1068 25 1
986 0 1057 61 1
965 18 1029 79 1
942 43 997 101 1
914 67 979 134 1
888 95 954 163 1
860 121 929 186 1
840 153 908 218 1
815 181 876 243 1
786 203 848 270 1
893 371 962 435 1
909 337 982 401 1
942 307 1009 369 1
966 276 1039 344 1
994 254 1057 315 1
1014 224 1087 290 1
1041 198 1111 262 1
1065 168 1129 232 1
1090 142 1149 201 1
1113 118 1179 182 1
1142 90 1207 154 1
1162 68 1229 128 1
1189 50 1249 102 1
1207 13 1274 72 1
1225 0 1279 46 1
1248 97 1279 155 1
1221 122 1279 189 1
1198 150 1253 205 1
1176 177 1239 241 1
1149 203 1212 265 1
1125 226 1190 290 1
1102 252 1168 314 1
1077 284 1146 348 1
1056 308 1116 371 1
1030 341 1098 407 1
1008 372 1065 433 1
980 399 1036 456 1
954 428 1018 492 1
931 456 985 509 1
903 481 975 552 1
826 572 893 638 1
793 602 861 667 1
764 635 834 700 1
960 706 995 719 1
983 672 1044 719 1
1008 641 1072 707 1
1031 614 1100 679 1
1062 591 1130 659 1
1087 561 1156 630 1
1117 540 1172 597 1
1139 508 1205 573 1
1159 479 1229 543 1
1183 446 1251 511 1
1210 422 1277 482 1
1231 390 1279 458 1
1258 366 1279 411 1
350 113 420 184 1
377 83 447 156 1
404 58 470 122 1
438 33 505 101 1
462 4 532 71 1
290 0 327 8 1
500 0 564 41 1
550 0 582 8 1
586 6 661 77 1
610 0 673 43 1
658 0 708 25 1
554 36 625 102 1
532 67 600 133 1
508 98 566 155 1
481 128 541 188 1
148 142 232 209 1
254 270 324 334 1
360 379 412 450 1
275 362 343 428 1
221 361 285 429 1
281 417 347 487 1
257 453 325 519 1
199 394 259 458 1
0 387 53 457 1
84 510 150 576 1
52 531 115 598 1
17 560 89 631 1
83 620 151 687 1
170 648 241 719 1
0 599 63 663 1
53 654 126 719 1
19 685 83 719 1
0 635 34 701 1
361 607 430 678 1
487 613 547 672 1
442 636 515 703 1
423 667 492 719 1
391 693 439 719 1
329 630 396 698 1
308 665 373 719 1
271 689 321 719 1
