638 92 689 203 1
575 87 630 209 1
775 431 834 553 1
514 429 568 556 1
453 456 510 557 1
584 439 635 554 1
646 436 700 549 1
702 75 757 202 1
767 81 821 199 1
824 84 885 196 1
887 88 943 197 1
946 92 1004 203 1
1011 97 1072 211 1
1068 99 1130 212 1
1124 93 1188 214 1
1183 87 1251 214 1
390 440 442 561 1
326 422 379 543 1
263 438 324 558 1
195 439 261 555 1
504 97 563 219 1
447 103 498 222 1
386 91 440 214 1
318 101 377 225 1
843 420 896 546 1
708 433 761 561 1
906 426 961 544 1
963 421 1018 543 1
1022 422 1085 544 1
1082 413 1139 519 1
1143 421 1205 541 1
1204 420 1265 538 1
1265 414 1279 533 1
1246 96 1279 205 1
