334 292 434 343 1
450 281 546 329 1
434 230 548 283 1
314 235 426 291 1
313 181 427 233 1
440 180 551 227 1
695 542 819 598 1
943 503 1010 565 1
309 128 421 173 1
432 116 546 167 1
664 110 778 156 1
665 163 778 213 1
60 145 194 191 1
61 196 191 251 1
0 206 63 257 1
0 144 63 200 1
65 261 179 314 1
0 266 70 316 1
70 312 198 368 1
89 371 197 422 1
86 422 199 471 1
75 472 204 529 1
70 529 197 582 1
80 583 210 637 1
0 591 80 655 1
0 650 88 708 1
87 640 210 694 1
445 334 561 388 1
435 394 559 444 1
458 452 553 501 1
304 460 436 519 1
320 518 441 575 1
448 509 552 560 1
445 560 576 622 1
322 579 439 630 1
450 621 574 680 1
457 680 572 719 1
335 687 456 719 1
675 218 785 266 1
660 274 775 323 1
680 326 796 379 1
697 384 800 435 1
691 437 806 487 1
683 493 810 541 1
705 599 824 653 1
728 655 824 708 1
926 558 1031 637 1
951 641 1045 715 1
898 406 994 492 1
882 330 986 427 1
876 269 986 358 1
898 214 982 294 1
890 149 984 230 1
868 50 972 156 1
