422 145 463 233 1
375 140 415 239 1
469 139 515 243 1
377 357 434 450 1
525 154 574 254 1
578 146 621 234 1
630 147 669 240 1
313 142 365 252 1
599 548 682 658 1
479 357 537 458 1
537 367 587 462 1
742 378 799 468 1
790 372 853 471 1
895 391 950 480 1
944 384 998 477 1
993 374 1050 466 1
1037 369 1097 473 1
1089 380 1150 473 1
1213 188 1260 277 1
1129 0 1230 26 1
904 0 995 20 1
1163 182 1215 266 1
1118 168 1165 261 1
1073 167 1117 266 1
1020 175 1070 269 1
975 170 1019 258 1
929 179 970 254 1
880 162 921 256 1
828 154 872 252 1
780 162 822 249 1
733 151 772 242 1
683 167 720 225 1
272 143 316 237 1
229 138 273 232 1
175 132 223 229 1
124 149 171 242 1
76 132 127 226 1
29 136 79 228 1
0 130 31 227 1
122 352 190 444 1
69 344 134 438 1
23 347 88 440 1
0 344 44 438 1
0 529 38 634 1
136 541 206 631 1
189 539 262 637 1
303 550 372 646 1
659 564 723 651 1
776 565 851 662 1
831 565 905 660 1
897 556 971 651 1
943 575 1010 668 1
999 570 1069 662 1
1050 570 1131 673 1
1114 568 1198 671 1
1169 584 1236 671 1
1214 580 1279 682 1
