1041 425 1114 460 1
839 14 879 96 1
844 117 884 202 1
844 228 882 314 1
842 331 879 414 1
838 447 871 529 1
645 60 710 97 1
636 181 715 221 1
634 304 709 340 1
641 350 714 381 1
639 387 716 425 1
640 430 715 464 1
634 471 712 505 1
633 511 714 546 1
626 552 710 585 1
627 592 707 629 1
628 633 707 669 1
626 674 703 709 1
458 24 534 76 1
455 103 540 162 1
456 396 532 452 1
455 612 530 661 1
451 652 530 704 1
452 694 526 719 1
287 681 367 719 1
297 631 362 687 1
299 586 372 642 1
298 538 368 600 1
289 492 363 546 1
295 448 366 503 1
304 402 374 457 1
304 348 379 407 1
287 298 372 358 1
292 254 377 316 1
298 209 379 270 1
295 160 379 222 1
298 119 378 170 1
308 67 383 123 1
301 18 379 71 1
301 0 378 25 1
