320 38 396 73 1
326 81 410 117 1
324 122 405 160 1
323 163 401 200 1
315 208 398 245 1
315 247 402 284 1
341 332 420 368 1
334 412 424 453 1
555 32 637 68 1
565 74 645 109 1
567 113 648 150 1
566 153 643 188 1
558 194 644 234 1
559 238 638 275 1
562 277 641 317 1
579 444 642 481 1
654 83 688 158 1
653 168 689 247 1
656 255 692 332 1
769 23 850 62 1
769 62 854 99 1
773 104 855 139 1
775 145 855 178 1
775 185 851 222 1
783 227 863 263 1
794 266 875 304 1
796 307 862 343 1
346 455 429 493 1
323 283 420 324 1
665 421 700 508 1
577 480 664 529 1
350 494 419 535 1
588 526 659 569 1
346 536 428 576 1
785 468 866 509 1
787 510 865 552 1
795 346 872 385 1
777 390 855 429 1
782 434 863 468 1
352 375 418 408 1
801 548 878 591 1
798 588 876 630 1
580 569 660 610 1
331 579 407 617 1
578 609 672 659 1
315 0 400 32 1
769 0 851 24 1
649 0 685 78 1
550 0 628 30 1
325 622 414 671 1
804 634 880 670 1
577 312 654 349 1
574 361 649 396 1
583 406 646 439 1
663 340 695 414 1
672 516 707 594 1
801 671 879 710 1
