663 24 699 106 1
573 27 649 65 1
580 68 657 106 1
578 112 652 148 1
578 153 651 188 1
329 40 400 72 1
329 78 411 113 1
334 119 403 158 1
345 158 425 196 1
349 198 426 238 1
346 243 423 278 1
343 285 419 321 1
675 359 708 438 1
669 112 702 195 1
669 202 702 283 1
674 290 704 354 1
586 278 666 312 1
577 197 656 230 1
793 312 869 345 1
795 391 872 429 1
346 372 424 409 1
346 414 429 449 1
354 453 437 493 1
356 497 435 534 1
372 535 438 571 1
679 441 713 520 1
579 358 659 398 1
580 319 661 357 1
585 401 661 443 1
585 441 668 482 1
584 482 667 521 1
581 523 664 562 1
793 150 876 186 1
795 191 871 227 1
795 234 862 267 1
790 274 860 305 1
796 352 866 386 1
774 23 848 59 1
583 572 659 607 1
802 67 882 102 1
776 106 846 143 1
683 526 720 607 1
587 612 664 649 1
341 328 423 363 1
593 649 671 692 1
359 661 434 697 1
341 0 409 29 1
568 0 646 22 1
656 0 690 20 1
776 0 849 24 1
582 234 659 272 1
809 476 886 508 1
797 434 877 470 1
803 516 881 551 1
804 556 881 590 1
684 615 723 698 1
602 692 678 718 1
353 574 440 614 1
351 617 437 656 1
808 595 889 636 1
805 638 882 674 1
804 673 883 713 1
365 702 447 719 1
