659 320 767 366 1
503 382 621 433 1
107 295 215 347 1
173 0 223 21 1
129 115 243 172 1
256 127 367 180 1
222 477 339 528 1
523 255 625 305 1
659 259 775 311 1
658 202 774 257 1
657 142 775 199 1
660 81 775 140 1
513 74 636 128 1
921 61 1020 114 1
1029 72 1135 123 1
920 120 1028 165 1
1029 124 1135 177 1
917 170 1027 220 1
1030 183 1138 228 1
929 224 1020 270 1
1031 231 1135 280 1
916 321 1014 371 1
1019 327 1134 378 1
906 377 1027 426 1
1032 388 1128 433 1
908 429 1016 477 1
902 486 1013 535 1
1015 490 1123 537 1
1021 544 1121 592 1
1014 595 1120 644 1
898 592 1005 641 1
1004 646 1114 696 1
891 694 1004 719 1
1235 144 1279 188 1
1241 193 1279 238 1
1248 245 1279 289 1
1238 296 1279 341 1
1237 346 1279 395 1
1233 445 1279 495 1
1230 549 1279 603 1
1226 607 1279 660 1
