568 144 625 268 1
674 490 729 601 1
612 490 668 602 1
546 478 604 600 1
489 496 537 591 1
420 478 476 593 1
636 141 693 262 1
702 153 749 262 1
759 141 820 265 1
826 151 879 267 1
886 160 940 271 1
946 168 1000 281 1
1000 179 1059 286 1
1066 186 1124 300 1
1123 196 1180 304 1
1180 194 1239 313 1
1240 192 1279 318 1
508 145 563 264 1
449 130 506 251 1
383 133 439 253 1
360 453 411 571 1
298 462 358 580 1
234 456 293 571 1
739 494 786 617 1
804 500 859 619 1
868 493 923 614 1
928 504 983 618 1
988 504 1040 621 1
1046 508 1105 626 1
1107 503 1163 610 1
1165 520 1226 638 1
1225 522 1279 640 1
0 0 67 40 1
0 39 60 96 1
0 101 51 160 1
0 162 43 214 1
0 220 37 271 1
0 287 30 339 1
0 353 30 402 1
0 420 22 467 1
