659 7 695 86 1
662 94 698 171 1
589 245 652 278 1
783 233 860 269 1
794 352 872 394 1
790 310 873 351 1
788 276 869 312 1
324 39 404 77 1
355 330 423 365 1
354 288 438 325 1
343 245 430 283 1
357 206 427 241 1
350 163 428 200 1
330 116 424 159 1
322 79 407 115 1
329 458 419 502 1
336 416 411 451 1
349 371 434 408 1
668 179 699 252 1
563 30 648 71 1
567 75 643 111 1
569 114 646 151 1
583 145 659 186 1
579 198 654 234 1
588 285 648 315 1
585 316 668 356 1
593 365 665 401 1
586 408 663 446 1
585 446 677 493 1
323 639 412 681 1
323 675 411 717 1
800 557 884 595 1
805 516 881 553 1
805 435 879 477 1
807 479 883 512 1
806 394 884 432 1
782 33 859 70 1
788 72 867 108 1
800 114 881 147 1
796 190 876 229 1
803 151 864 186 1
782 0 860 27 1
573 0 651 28 1
332 0 409 33 1
837 679 873 719 1
669 265 702 348 1
672 357 710 435 1
