1151 10 1242 107 1
1216 93 1279 182 1
1111 0 1204 56 1
1016 327 1104 366 1
1010 377 1118 425 1
1021 602 1120 652 1
1028 657 1130 708 1
909 618 1025 677 1
915 683 1020 719 1
895 524 1006 574 1
884 472 1002 522 1
886 422 994 471 1
884 371 994 417 1
893 323 995 366 1
892 269 999 311 1
652 309 755 362 1
655 412 761 463 1
663 464 765 511 1
687 514 775 565 1
666 573 777 623 1
685 629 771 685 1
678 691 784 719 1
561 691 675 719 1
569 639 669 690 1
555 592 664 642 1
546 492 655 537 1
546 440 656 486 1
531 278 640 334 1
634 155 745 203 1
631 73 728 128 1
618 23 726 73 1
507 0 614 28 1
508 73 611 129 1
279 0 385 45 1
287 94 400 150 1
305 144 407 198 1
303 249 411 300 1
310 302 413 352 1
316 401 428 451 1
320 459 426 509 1
333 550 441 603 1
329 606 440 657 1
338 660 451 711 1
217 509 326 564 1
234 567 330 617 1
0 679 97 719 1
0 411 55 458 1
0 245 43 296 1
0 76 41 131 1
