0 15 33 71 1
0 67 32 115 1
0 164 51 210 1
0 218 37 259 1
0 271 39 313 1
0 324 38 367 1
0 374 35 420 1
0 426 40 471 1
257 426 366 469 1
483 422 582 469 1
602 423 707 466 1
594 359 694 408 1
482 375 592 414 1
599 303 696 347 1
605 247 693 288 1
492 262 593 310 1
490 318 584 365 1
259 370 364 414 1
148 376 257 418 1
136 311 251 360 1
253 315 361 363 1
265 259 354 301 1
154 260 251 295 1
137 213 244 254 1
248 201 360 239 1
272 140 368 187 1
254 91 358 139 1
142 110 243 158 1
141 64 246 110 1
244 45 351 91 1
471 15 580 61 1
596 26 703 76 1
472 65 577 110 1
474 110 581 157 1
478 156 584 212 1
605 0 697 20 1
150 692 257 719 1
271 691 385 719 1
499 689 600 719 1
