689 622 766 660 1
777 621 858 660 1
691 583 771 620 1
420 501 496 542 1
508 500 587 538 1
510 461 590 498 1
425 462 498 500 1
425 423 500 462 1
510 418 586 459 1
512 379 578 415 1
509 343 583 379 1
414 629 490 665 1
418 589 486 622 1
417 547 491 584 1
509 543 590 579 1
505 585 582 620 1
507 625 587 666 1
693 540 775 577 1
782 543 860 577 1
786 582 855 617 1
784 375 860 414 1
780 418 853 455 1
779 460 853 496 1
776 500 855 535 1
686 417 767 454 1
696 461 766 497 1
694 504 772 540 1
507 299 585 337 1
681 336 759 376 1
689 381 764 415 1
949 418 1024 453 1
949 457 1034 494 1
953 582 1032 617 1
950 618 1028 653 1
954 540 1034 578 1
954 498 1030 533 1
785 334 861 372 1
423 380 503 416 1
426 338 498 375 1
419 297 503 336 1
421 254 499 296 1
508 254 579 294 1
506 213 587 253 1
423 218 499 253 1
500 177 575 213 1
417 178 491 217 1
690 293 763 332 1
780 293 857 330 1
777 253 856 290 1
684 255 767 290 1
687 215 754 253 1
683 172 765 209 1
774 171 854 210 1
782 213 858 248 1
688 133 763 169 1
779 133 852 169 1
782 92 852 131 1
689 94 764 130 1
691 56 762 92 1
775 54 855 90 1
771 17 845 54 1
684 21 759 57 1
686 0 760 18 1
765 0 845 15 1
229 585 314 623 1
230 629 316 664 1
236 670 321 707 1
241 710 317 719 1
419 707 495 719 1
505 704 586 719 1
507 669 584 704 1
417 668 499 704 1
615 664 654 719 1
693 665 770 702 1
778 662 853 698 1
779 701 860 719 1
691 707 771 719 1
949 696 1032 719 1
953 657 1029 695 1
288 489 327 569 1
287 403 325 479 1
285 306 324 392 1
292 228 330 302 1
292 144 330 209 1
290 52 329 135 1
291 0 333 38 1
426 135 498 175 1
502 135 585 174 1
510 96 584 134 1
422 96 501 136 1
507 56 583 95 1
422 58 499 96 1
420 21 491 61 1
505 17 584 55 1
512 0 588 17 1
428 0 504 21 1
936 0 1003 21 1
935 23 1014 60 1
940 60 1021 97 1
943 100 1021 137 1
942 138 1020 178 1
950 180 1021 213 1
946 217 1026 253 1
942 256 1023 296 1
946 298 1021 334 1
952 336 1028 369 1
951 374 1026 412 1
