545 46 617 114 1
483 1 551 47 1
403 198 471 265 1
424 164 498 232 1
363 98 431 165 1
520 319 591 394 1
563 421 620 482 1
536 451 601 514 1
574 10 639 74 1
606 1 672 56 1
626 364 687 428 1
334 121 400 191 1
376 222 441 292 1
686 172 754 239 1
550 290 619 360 1
443 415 510 482 1
510 480 580 549 1
465 380 529 444 1
493 346 558 413 1
592 389 657 454 1
794 585 859 650 1
825 558 885 624 1
761 497 826 563 1
731 529 801 596 1
707 555 775 625 1
675 587 738 652 1
304 151 369 218 1
648 0 697 25 1
528 0 568 14 1
377 0 440 44 1
166 67 240 134 1
94 131 170 200 1
22 206 100 279 1
0 271 28 322 1
524 150 595 226 1
686 241 743 305 1
749 236 817 307 1
788 216 846 281 1
925 210 991 262 1
834 158 894 219 1
709 145 777 208 1
739 120 802 180 1
766 92 834 158 1
795 67 862 132 1
819 39 883 105 1
842 13 909 78 1
867 0 932 48 1
912 0 961 28 1
954 18 1017 82 1
975 0 1042 58 1
1016 0 1068 33 1
930 42 998 103 1
906 70 973 134 1
883 102 949 168 1
864 131 924 192 1
274 179 340 250 1
342 250 411 317 1
249 212 313 279 1
311 282 384 355 1
221 243 288 312 1
285 309 353 378 1
259 334 320 402 1
193 271 252 337 1
163 299 223 363 1
224 359 288 427 1
196 389 256 456 1
134 326 193 384 1
102 351 173 423 1
164 416 229 480 1
77 378 136 438 1
141 447 206 517 1
223 492 293 554 1
49 411 118 478 1
111 473 177 540 1
88 504 154 569 1
60 536 129 608 1
20 444 85 507 1
0 474 64 540 1
0 513 38 572 1
27 567 99 634 1
0 598 70 661 1
0 630 40 695 1
419 444 486 515 1
390 474 450 533 1
483 510 546 570 1
452 535 520 604 1
422 562 486 628 1
354 492 424 567 1
336 537 402 605 1
397 593 466 659 1
371 626 430 685 1
308 559 370 628 1
279 589 348 659 1
345 652 413 719 1
317 682 373 719 1
293 709 320 719 1
247 621 306 682 1
215 643 279 713 1
188 670 256 719 1
164 700 204 719 1
642 603 710 673 1
614 639 685 710 1
589 669 653 719 1
569 706 601 719 1
770 617 836 686 1
731 641 795 706 1
712 672 774 719 1
683 698 726 719 1
956 693 1001 719 1
1023 623 1084 689 1
1044 589 1111 658 1
1071 565 1137 628 1
1095 532 1159 595 1
1115 507 1181 567 1
1145 480 1214 545 1
1167 452 1233 516 1
1186 420 1259 489 1
1216 398 1279 467 1
1243 372 1279 429 1
875 376 937 436 1
904 347 972 414 1
930 431 1002 502 1
964 405 1031 472 1
985 377 1049 440 1
1014 355 1085 421 1
953 292 1024 359 1
980 265 1047 330 1
1000 230 1065 295 1
1026 207 1093 272 1
1050 179 1118 246 1
1080 153 1139 212 1
1145 213 1206 279 1
1112 240 1172 307 1
1087 270 1152 337 1
1064 295 1129 361 1
1043 325 1104 389 1
1143 82 1219 152 1
1178 60 1244 118 1
1196 30 1272 96 1
1219 0 1279 64 1
1258 86 1279 129 1
1238 114 1279 175 1
