469 234 536 299 1
438 257 509 326 1
345 232 414 301 1
659 301 732 376 1
636 335 700 399 1
706 392 771 461 1
571 390 643 461 1
668 421 738 494 1
543 420 613 492 1
495 195 568 270 1
588 110 658 179 1
353 352 424 423 1
372 201 439 264 1
397 167 471 237 1
608 479 681 552 1
640 455 710 522 1
604 363 674 436 1
689 269 758 338 1
517 455 587 525 1
93 215 173 285 1
228 91 300 161 1
268 43 342 115 1
785 300 852 373 1
755 333 823 403 1
732 366 793 430 1
480 479 555 555 1
579 515 650 582 1
555 547 621 611 1
136 174 206 236 1
306 4 379 82 1
340 0 401 41 1
390 0 430 16 1
370 81 446 156 1
46 259 125 332 1
0 300 78 369 1
0 361 44 421 1
313 259 377 325 1
375 318 450 393 1
410 292 477 359 1
430 137 500 206 1
561 145 631 216 1
524 166 596 238 1
462 111 529 176 1
491 83 562 153 1
517 53 587 122 1
550 27 620 97 1
580 0 646 67 1
613 0 674 34 1
613 80 681 148 1
645 56 716 129 1
681 36 740 96 1
705 4 773 74 1
731 0 797 44 1
782 0 823 16 1
568 231 641 306 1
315 380 391 451 1
279 285 349 356 1
250 313 321 386 1
292 415 367 486 1
231 350 302 424 1
251 439 331 513 1
196 376 268 453 1
229 469 305 540 1
168 407 239 478 1
144 445 215 516 1
204 502 274 574 1
89 653 164 719 1
0 579 77 651 1
0 533 34 589 1
338 633 407 700 1
365 602 429 666 1
397 574 467 646 1
425 549 487 611 1
448 513 524 585 1
520 576 595 643 1
486 603 563 675 1
461 629 527 694 1
648 699 692 719 1
673 666 739 719 1
703 636 775 709 1
729 605 800 673 1
765 578 835 653 1
798 551 862 617 1
824 521 893 589 1
848 484 916 552 1
877 456 950 528 1
903 425 971 492 1
934 399 1003 469 1
963 372 1032 443 1
984 343 1055 415 1
1011 308 1081 379 1
1040 288 1105 357 1
1066 261 1137 330 1
1092 231 1159 301 1
1118 202 1193 275 1
1141 178 1208 242 1
1170 157 1231 218 1
1188 123 1260 190 1
1212 93 1279 159 1
1236 67 1279 129 1
1262 43 1279 79 1
718 242 786 308 1
743 210 812 274 1
779 186 839 247 1
807 159 878 229 1
830 129 900 199 1
857 100 929 171 1
887 73 956 144 1
915 47 983 114 1
940 23 1008 91 1
964 0 1033 65 1
996 0 1054 35 1
815 277 880 344 1
841 249 903 314 1
870 220 934 287 1
891 186 963 259 1
924 163 991 233 1
951 135 1016 204 1
974 105 1040 177 1
997 81 1059 150 1
1026 58 1087 120 1
1050 26 1113 91 1
1077 2 1138 64 1
1104 0 1164 45 1
1153 0 1197 22 1
