365 0 445 11 1
369 13 446 53 1
363 100 439 136 1
695 174 728 253 1
694 105 724 169 1
606 93 686 127 1
366 187 444 224 1
366 229 449 264 1
374 268 457 308 1
376 312 455 349 1
392 350 458 386 1
599 173 679 213 1
600 134 681 172 1
361 143 443 178 1
602 49 679 87 1
821 251 903 285 1
833 291 910 324 1
827 331 905 367 1
827 370 905 405 1
829 411 914 450 1
372 434 457 473 1
387 522 467 560 1
379 479 454 516 1
375 391 463 436 1
608 430 687 469 1
615 468 694 507 1
627 508 701 546 1
628 549 706 587 1
715 517 747 594 1
835 572 913 605 1
832 533 912 569 1
828 454 910 491 1
830 492 909 531 1
605 388 679 424 1
607 343 687 379 1
606 302 690 334 1
609 259 690 298 1
608 217 686 254 1
710 434 748 517 1
708 344 742 422 1
818 211 900 245 1
702 259 738 337 1
628 588 704 625 1
388 561 465 600 1
387 602 462 642 1
716 600 748 677 1
364 59 441 96 1
593 9 671 49 1
687 22 718 101 1
810 50 878 84 1
807 8 886 47 1
835 612 909 650 1
839 652 921 691 1
850 692 931 719 1
716 684 752 719 1
619 627 700 668 1
620 670 697 707 1
379 646 459 683 1
379 683 461 719 1
807 89 876 124 1
810 128 886 167 1
811 169 882 203 1
