1013 524 1108 607 1
702 657 795 706 1
580 653 680 706 1
580 601 688 649 1
330 635 447 695 1
213 603 328 661 1
315 478 431 532 1
317 398 421 451 1
301 348 417 397 1
191 398 293 447 1
193 296 299 342 1
0 256 73 306 1
0 312 76 358 1
0 412 85 469 1
0 461 90 520 1
0 567 94 624 1
0 619 97 679 1
1178 83 1260 194 1
1167 298 1259 389 1
1159 389 1270 475 1
913 440 1008 530 1
875 396 979 484 1
839 350 931 440 1
806 308 902 399 1
757 263 861 352 1
720 228 806 310 1
687 179 780 259 1
1115 253 1219 352 1
1090 208 1187 292 1
1045 157 1148 262 1
1001 123 1110 221 1
953 80 1062 181 1
920 34 1021 127 1
890 0 984 82 1
835 0 903 49 1
1021 0 1103 37 1
