504 707 580 719 1
516 673 589 706 1
520 634 599 669 1
507 597 577 630 1
512 559 581 591 1
504 515 583 553 1
493 476 565 509 1
512 435 589 471 1
499 394 573 432 1
500 356 575 391 1
502 314 579 347 1
500 233 570 268 1
504 277 573 307 1
501 196 570 231 1
499 158 576 193 1
501 119 575 153 1
332 36 410 74 1
340 77 412 115 1
335 117 411 155 1
326 153 393 190 1
327 193 397 227 1
335 228 406 265 1
328 270 398 305 1
331 308 403 343 1
323 351 395 383 1
323 390 396 424 1
325 431 397 464 1
324 471 393 505 1
324 509 398 543 1
322 547 398 582 1
328 586 403 622 1
332 628 403 662 1
319 666 386 703 1
314 705 392 719 1
144 687 221 719 1
139 646 221 680 1
129 610 219 647 1
138 567 217 602 1
140 530 215 566 1
148 488 217 522 1
156 447 227 481 1
152 409 236 444 1
155 374 232 406 1
157 334 227 368 1
148 253 230 288 1
152 215 231 248 1
159 176 231 210 1
154 138 231 172 1
156 100 235 134 1
158 60 240 97 1
171 0 246 23 1
163 24 243 57 1
