532 346 613 379 1
538 389 616 425 1
530 152 606 190 1
537 192 613 228 1
532 232 618 268 1
546 272 622 305 1
539 308 613 342 1
347 507 420 543 1
350 465 419 499 1
343 425 420 461 1
342 383 423 422 1
336 344 416 380 1
342 308 413 341 1
355 267 427 304 1
353 226 429 263 1
349 189 423 224 1
351 149 424 186 1
349 111 422 146 1
348 37 425 72 1
352 73 425 108 1
170 333 243 368 1
160 371 240 405 1
544 430 613 465 1
535 470 611 505 1
547 669 620 704 1
640 667 717 701 1
349 0 420 35 1
533 512 614 549 1
151 573 245 610 1
162 617 243 649 1
163 651 245 686 1
365 669 445 708 1
155 255 243 293 1
163 295 242 330 1
163 218 241 252 1
163 180 240 217 1
172 142 243 174 1
180 99 254 137 1
177 62 259 100 1
180 28 257 63 1
1096 656 1174 695 1
1108 614 1186 649 1
1106 575 1180 611 1
1105 532 1187 568 1
1062 449 1104 529 1
1019 453 1058 533 1
987 467 1021 544 1
947 468 984 548 1
907 457 945 537 1
834 460 868 542 1
873 470 908 540 1
794 466 828 544 1
754 466 788 541 1
711 471 746 543 1
671 476 706 547 1
633 474 667 557 1
833 663 912 697 1
917 658 981 692 1
921 696 989 719 1
836 703 912 719 1
643 704 717 719 1
560 706 633 719 1
368 708 446 719 1
163 689 245 719 1
179 0 251 25 1
1107 697 1185 719 1
168 448 249 482 1
169 490 244 524 1
164 533 237 566 1
522 0 609 37 1
521 38 602 74 1
534 75 606 109 1
517 109 592 147 1
