597 235 664 303 1
620 198 696 270 1
685 259 754 327 1
656 292 728 359 1
522 449 588 513 1
552 414 623 483 1
574 381 643 448 1
603 350 672 418 1
626 319 693 390 1
565 264 634 332 1
538 294 603 358 1
507 321 574 385 1
253 304 323 372 1
232 340 305 410 1
207 369 268 432 1
144 430 212 497 1
484 353 548 416 1
453 381 521 452 1
456 500 530 571 1
494 475 556 539 1
334 495 405 568 1
736 481 795 543 1
701 505 774 578 1
675 533 746 609 1
645 567 715 638 1
616 593 687 664 1
172 398 244 470 1
140 311 212 377 1
170 284 238 347 1
194 248 263 315 1
231 223 297 288 1
404 165 474 235 1
373 191 445 261 1
347 220 417 289 1
319 254 388 323 1
289 283 359 349 1
268 550 341 624 1
307 526 372 594 1
372 589 445 660 1
401 562 476 634 1
435 534 505 604 1
360 468 425 530 1
392 438 460 508 1
649 173 718 240 1
684 151 752 214 1
743 204 810 275 1
720 235 779 295 1
421 409 491 476 1
788 417 848 485 1
767 454 825 513 1
593 630 657 696 1
560 655 632 719 1
525 678 583 719 1
815 390 881 458 1
838 360 902 424 1
868 334 933 401 1
899 302 965 370 1
928 277 990 341 1
948 241 1014 307 1
981 218 1050 285 1
1021 268 1083 337 1
1055 300 1106 357 1
1078 331 1135 390 1
1101 356 1156 422 1
1179 344 1242 409 1
1205 319 1269 382 1
1229 291 1279 356 1
1250 265 1279 311 1
384 345 454 414 1
540 136 606 201 1
347 622 417 693 1
318 649 388 719 1
246 584 313 654 1
286 678 349 719 1
256 706 294 719 1
216 614 290 685 1
194 650 259 713 1
165 678 227 719 1
134 703 178 719 1
173 504 244 580 1
771 178 838 248 1
708 115 774 184 1
738 93 807 161 1
765 70 828 130 1
794 45 859 110 1
842 35 912 105 1
860 102 917 162 1
822 121 889 189 1
798 153 867 224 1
1116 136 1185 199 1
1141 107 1211 167 1
1169 79 1238 144 1
1194 51 1267 116 1
1219 29 1279 89 1
1236 0 1279 45 1
1158 0 1231 32 1
1128 0 1200 60 1
1101 18 1171 81 1
1076 44 1148 107 1
1059 80 1125 145 1
1017 0 1073 44 1
956 0 994 16 1
502 710 527 719 1
255 193 325 264 1
282 161 353 232 1
310 133 374 197 1
346 109 413 179 1
379 85 439 144 1
436 137 500 200 1
461 105 526 168 1
490 75 556 142 1
398 47 464 113 1
431 19 491 82 1
463 0 527 59 1
486 0 553 33 1
518 45 591 115 1
549 21 615 88 1
578 0 644 61 1
606 0 669 34 1
663 0 704 13 1
239 0 305 62 1
161 60 237 132 1
107 129 173 189 1
43 195 111 260 1
0 248 51 320 1
110 338 183 410 1
85 370 152 438 1
122 461 184 523 1
50 399 127 472 1
21 433 94 501 1
87 494 158 560 1
57 519 132 590 1
0 461 64 527 1
0 506 30 555 1
23 548 104 616 1
0 579 74 651 1
0 618 38 676 1
