773 384 813 471 1
725 379 767 476 1
672 390 719 484 1
629 389 668 483 1
582 382 626 474 1
533 390 576 481 1
911 377 956 463 1
868 375 910 465 1
819 371 865 468 1
960 380 999 468 1
1001 383 1044 469 1
1051 387 1096 474 1
1093 388 1138 476 1
1134 384 1182 477 1
1175 381 1226 475 1
1225 386 1274 468 1
1211 124 1259 213 1
1260 133 1279 219 1
1263 272 1279 317 1
1125 132 1174 211 1
1040 128 1085 208 1
996 130 1041 224 1
907 130 949 220 1
860 139 904 227 1
816 127 857 217 1
770 117 810 206 1
723 110 763 203 1
676 117 716 209 1
625 121 667 220 1
1233 623 1279 719 1
1186 628 1233 719 1
1139 630 1189 719 1
1095 623 1143 706 1
1049 628 1095 719 1
1005 629 1046 719 1
958 635 1002 719 1
915 626 955 719 1
867 636 913 719 1
818 635 858 719 1
773 639 813 719 1
728 641 766 719 1
679 635 717 719 1
633 652 670 719 1
584 644 623 719 1
537 626 574 717 1
491 637 532 719 1
441 636 484 719 1
187 619 274 663 1
181 568 274 610 1
184 518 269 562 1
173 471 266 511 1
172 427 266 464 1
179 380 270 422 1
188 332 272 372 1
177 286 272 325 1
178 238 272 280 1
