582 73 636 191 1
776 413 828 537 1
704 422 758 545 1
639 418 693 537 1
574 425 625 533 1
509 421 567 549 1
904 425 961 551 1
839 422 897 547 1
974 663 1029 719 1
377 422 436 551 1
311 424 369 547 1
252 392 309 512 1
188 396 247 517 1
128 390 190 508 1
8 391 69 504 1
1029 75 1094 201 1
964 57 1022 174 1
905 88 958 196 1
839 78 895 200 1
778 56 835 192 1
716 71 769 192 1
647 80 699 199 1
525 74 579 184 1
462 63 517 185 1
403 60 455 173 1
338 35 398 162 1
271 59 329 186 1
208 54 266 180 1
149 47 208 171 1
0 53 25 156 1
