477 416 551 453 1
471 459 556 496 1
478 500 560 539 1
472 545 558 582 1
478 587 562 623 1
470 629 555 667 1
474 667 557 704 1
387 670 466 707 1
384 629 468 666 1
391 589 470 623 1
378 548 459 581 1
380 505 455 544 1
385 462 458 501 1
387 422 465 461 1
747 624 820 657 1
662 627 740 667 1
665 587 731 625 1
749 581 831 621 1
920 501 993 537 1
928 541 1009 579 1
754 537 831 579 1
658 546 741 583 1
653 501 741 538 1
755 498 828 533 1
751 457 829 494 1
663 459 744 498 1
919 458 1002 496 1
919 414 993 453 1
923 374 1004 409 1
924 333 995 370 1
922 292 995 334 1
748 374 827 415 1
747 413 830 452 1
660 416 737 455 1
656 375 740 412 1
395 706 472 719 1
479 706 556 719 1
196 699 284 719 1
852 468 893 551 1
660 667 726 703 1
662 707 736 719 1
916 249 988 286 1
914 209 995 247 1
912 168 986 208 1
915 130 993 168 1
913 91 992 130 1
913 53 985 91 1
905 11 982 50 1
907 0 981 14 1
746 0 821 12 1
654 0 732 11 1
481 0 555 12 1
395 0 472 12 1
654 12 732 48 1
737 11 817 50 1
746 50 819 87 1
659 49 738 87 1
745 89 815 127 1
660 90 727 126 1
746 130 821 167 1
743 167 819 206 1
651 128 725 166 1
653 168 733 206 1
654 207 731 246 1
746 208 820 244 1
752 247 822 284 1
656 248 739 289 1
663 290 737 328 1
752 285 831 324 1
747 329 828 369 1
660 331 738 371 1
482 12 560 50 1
397 11 472 53 1
399 53 463 90 1
392 91 465 132 1
390 133 466 171 1
471 129 548 166 1
477 89 556 129 1
485 50 555 87 1
211 44 300 85 1
216 86 286 123 1
214 126 292 166 1
208 169 293 207 1
203 209 285 245 1
384 173 462 209 1
475 166 554 204 1
479 207 557 245 1
388 212 465 251 1
470 248 550 286 1
387 253 461 292 1
469 290 553 328 1
478 336 549 371 1
382 295 460 330 1
382 334 461 372 1
470 371 551 410 1
386 376 459 414 1
199 245 281 282 1
205 289 291 324 1
205 337 287 377 1
210 404 292 439 1
201 520 277 557 1
204 576 283 617 1
203 643 290 680 1
