1065 396 1141 434 1
856 415 895 495 1
865 296 902 381 1
867 195 908 283 1
873 83 912 171 1
864 0 907 62 1
670 24 736 66 1
660 144 740 187 1
658 269 731 307 1
667 314 739 347 1
660 353 740 389 1
662 395 738 430 1
658 436 734 472 1
656 478 734 509 1
649 516 729 553 1
648 561 729 596 1
646 602 729 637 1
646 643 725 675 1
645 680 730 715 1
482 0 562 38 1
481 64 563 121 1
480 358 555 414 1
475 571 550 624 1
470 617 551 668 1
472 659 545 712 1
309 645 387 697 1
303 689 381 719 1
318 598 383 652 1
320 557 390 603 1
316 506 388 559 1
309 462 379 506 1
316 414 390 466 1
326 369 392 412 1
322 310 401 370 1
310 257 393 318 1
313 215 395 275 1
321 174 400 231 1
320 122 403 179 1
322 82 402 130 1
332 27 407 83 1
330 0 406 33 1
