994 210 1073 251 1
999 252 1078 290 1
1014 291 1089 327 1
1007 333 1086 369 1
1008 372 1089 406 1
1012 408 1096 450 1
1013 453 1094 490 1
1015 490 1096 528 1
991 171 1063 208 1
989 131 1068 172 1
985 93 1056 130 1
984 55 1053 94 1
1022 530 1103 564 1
1024 564 1103 602 1
1026 604 1101 643 1
1033 641 1115 680 1
1045 681 1129 719 1
864 0 899 25 1
867 34 906 110 1
878 113 913 179 1
880 184 919 260 1
889 266 925 340 1
895 349 935 424 1
901 434 943 510 1
909 515 945 588 1
911 597 951 674 1
916 680 957 719 1
780 0 852 20 1
779 24 859 63 1
784 62 864 102 1
789 104 873 142 1
789 146 869 184 1
789 183 869 222 1
795 225 874 265 1
798 266 882 306 1
796 306 880 345 1
797 349 881 386 1
799 393 874 430 1
804 434 887 471 1
814 469 894 509 1
823 510 901 547 1
826 548 907 586 1
827 588 905 623 1
820 625 902 666 1
825 669 904 706 1
830 703 905 719 1
559 0 633 35 1
563 36 637 74 1
558 78 633 116 1
559 121 631 158 1
561 161 636 196 1
565 202 639 240 1
569 242 648 279 1
579 281 655 319 1
581 326 657 362 1
595 365 660 399 1
582 403 664 442 1
583 445 664 482 1
589 488 663 524 1
600 529 679 567 1
597 569 672 609 1
599 609 671 648 1
591 652 669 692 1
595 687 676 719 1
982 14 1065 57 1
981 0 1066 13 1
