625 481 742 536 1
633 266 757 315 1
632 207 747 256 1
640 95 746 149 1
756 91 869 140 1
752 146 869 196 1
758 199 871 252 1
759 37 871 93 1
759 0 865 42 1
637 0 746 52 1
401 0 513 38 1
288 0 384 33 1
10 0 135 44 1
278 36 397 90 1
278 89 390 138 1
272 146 386 194 1
390 144 511 195 1
394 201 506 251 1
389 255 506 305 1
267 253 376 301 1
379 309 501 359 1
263 362 378 415 1
361 423 490 476 1
371 482 491 534 1
0 651 115 708 1
264 597 376 656 1
378 601 505 657 1
381 664 496 719 1
236 658 368 717 1
768 255 862 303 1
756 311 865 356 1
737 367 857 419 1
752 424 866 474 1
752 484 870 535 1
748 549 864 607 1
758 610 852 661 1
739 672 862 719 1
619 613 745 668 1
612 671 738 719 1
405 40 513 92 1
993 128 1103 178 1
993 180 1102 235 1
1122 205 1220 258 1
1124 265 1222 312 1
1120 379 1239 430 1
1126 452 1231 499 1
1121 507 1230 558 1
1104 671 1222 719 1
1001 237 1111 287 1
1008 290 1111 339 1
1001 341 1113 390 1
991 399 1106 445 1
997 451 1111 501 1
984 505 1103 553 1
990 557 1094 607 1
1005 614 1096 662 1
982 666 1097 718 1
