644 386 718 421 1
561 383 633 420 1
556 347 635 383 1
641 346 719 381 1
644 309 714 342 1
557 428 635 463 1
558 467 634 501 1
651 510 730 545 1
655 549 729 581 1
560 505 638 543 1
567 547 643 583 1
552 266 624 301 1
643 266 716 303 1
827 271 894 307 1
929 236 993 270 1
832 232 892 267 1
375 469 456 502 1
550 227 623 264 1
637 225 711 263 1
630 190 703 222 1
556 187 623 224 1
552 150 624 186 1
631 150 709 188 1
828 196 903 231 1
922 160 995 195 1
924 197 1000 232 1
1085 119 1162 155 1
643 471 719 505 1
644 430 722 465 1
831 471 906 506 1
837 432 899 466 1
921 425 995 462 1
921 388 993 421 1
918 310 984 345 1
924 346 998 382 1
1099 194 1177 230 1
1098 157 1171 190 1
1099 233 1176 270 1
1108 463 1189 499 1
1110 422 1186 456 1
840 513 916 548 1
928 666 999 701 1
1104 661 1182 698 1
1101 621 1184 659 1
1105 582 1187 620 1
1106 546 1177 580 1
1105 503 1190 539 1
1080 83 1154 116 1
1077 43 1151 82 1
1077 10 1152 43 1
1081 0 1159 11 1
907 5 977 43 1
823 2 898 38 1
824 40 902 77 1
913 43 986 79 1
919 80 989 118 1
820 77 900 112 1
818 113 892 149 1
835 157 906 191 1
644 668 723 704 1
641 113 712 145 1
551 112 623 148 1
637 71 711 109 1
552 72 626 108 1
543 37 621 71 1
637 35 706 71 1
639 0 709 34 1
551 0 624 34 1
376 0 446 38 1
376 38 447 75 1
366 76 441 111 1
362 111 436 147 1
368 151 439 187 1
374 192 449 227 1
371 231 447 266 1
373 270 447 305 1
374 310 449 344 1
370 351 451 387 1
374 389 452 426 1
377 431 454 464 1
372 509 451 545 1
557 591 631 628 1
653 588 726 623 1
656 628 732 663 1
562 630 636 667 1
558 682 637 718 1
379 548 453 582 1
378 586 447 623 1
375 628 446 663 1
361 667 432 701 1
182 0 261 23 1
184 25 260 62 1
168 63 248 99 1
174 103 254 138 1
169 139 251 176 1
165 179 244 216 1
166 220 241 254 1
174 294 248 326 1
192 332 261 367 1
173 373 252 409 1
186 412 260 444 1
167 451 248 487 1
168 492 255 527 1
170 533 251 570 1
182 573 258 605 1
175 610 252 647 1
171 652 250 687 1
823 313 902 347 1
828 353 899 384 1
830 391 910 425 1
1112 702 1183 719 1
935 704 1008 719 1
647 706 719 719 1
370 706 447 719 1
170 693 251 719 1
551 309 627 342 1
