583 501 624 595 1
533 481 574 582 1
483 486 527 582 1
525 281 624 329 1
433 482 475 584 1
380 488 429 584 1
331 479 377 579 1
284 485 328 585 1
228 479 274 577 1
174 474 220 559 1
124 476 171 577 1
59 482 113 577 1
50 585 113 687 1
134 693 186 719 1
187 696 234 719 1
237 694 279 719 1
439 696 483 719 1
490 699 532 719 1
533 697 572 719 1
589 701 635 719 1
837 701 882 719 1
1251 491 1279 593 1
1203 502 1255 589 1
1161 494 1202 582 1
1076 306 1167 350 1
973 300 1062 347 1
352 274 444 318 1
235 272 335 314 1
105 271 212 315 1
633 486 678 586 1
689 492 730 587 1
733 497 776 591 1
785 499 837 617 1
838 497 880 591 1
882 501 923 588 1
926 491 968 593 1
975 505 1024 602 1
1024 494 1065 579 1
1066 493 1111 581 1
1114 509 1160 567 1
937 694 977 719 1
