659 6 695 85 1
662 93 698 170 1
589 244 652 277 1
668 178 699 251 1
563 29 648 70 1
567 74 643 110 1
569 113 646 150 1
583 144 659 185 1
579 197 654 233 1
588 284 648 314 1
782 32 859 69 1
783 1 858 26 1
573 1 652 26 1
672 263 706 348 1
583 319 668 358 1
321 40 405 78 1
789 69 871 108 1
802 110 881 148 1
593 369 665 405 1
333 420 408 455 1
328 462 417 505 1
585 450 680 496 1
585 413 665 453 1
677 357 713 435 1
805 558 886 599 1
809 519 885 556 1
809 480 887 515 1
807 437 885 478 1
808 397 887 434 1
795 357 872 395 1
792 316 876 354 1
789 280 869 314 1
783 236 863 271 1
800 187 880 229 1
804 150 869 184 1
322 646 411 687 1
328 0 406 32 1
325 117 421 161 1
318 79 403 114 1
346 165 425 201 1
355 208 423 243 1
339 249 429 286 1
351 293 434 327 1
352 332 420 368 1
347 375 432 410 1
844 682 881 719 1
321 681 409 719 1
