683 0 719 50 1
610 124 673 157 1
689 58 720 131 1
590 0 667 30 1
600 77 675 113 1
609 164 669 194 1
693 143 727 228 1
604 199 689 238 1
614 249 686 285 1
378 212 445 246 1
362 128 451 165 1
376 173 458 208 1
820 66 898 105 1
809 157 890 190 1
379 89 447 121 1
351 0 444 39 1
820 26 884 61 1
603 24 681 69 1
372 48 450 84 1
373 254 456 288 1
698 236 735 312 1
355 344 443 386 1
357 302 434 335 1
351 525 439 565 1
353 561 438 601 1
350 604 440 647 1
822 0 905 25 1
806 114 883 151 1
812 194 896 232 1
816 235 895 273 1
830 275 907 313 1
829 316 905 356 1
830 358 909 391 1
832 395 906 433 1
826 437 909 475 1
610 292 689 332 1
605 328 702 368 1
869 557 908 640 1
324 457 421 504 1
202 501 261 581 1
50 661 116 719 1
827 583 862 658 1
784 593 827 678 1
747 600 786 682 1
707 599 743 676 1
661 609 698 685 1
625 617 659 685 1
581 608 617 689 1
538 618 579 695 1
497 631 533 712 1
