463 52 516 133 1
548 49 582 135 1
609 46 646 129 1
671 40 708 121 1
732 49 765 131 1
797 50 830 129 1
851 51 888 123 1
966 60 1003 138 1
1025 59 1066 138 1
1075 58 1119 142 1
1120 51 1155 129 1
1158 54 1191 133 1
1195 61 1232 139 1
1235 64 1279 140 1
1264 247 1279 314 1
1226 239 1268 319 1
1186 236 1226 313 1
1149 239 1190 316 1
1110 240 1153 312 1
1072 234 1112 312 1
1033 233 1073 313 1
954 239 991 314 1
915 234 954 310 1
874 228 914 304 1
834 227 868 311 1
795 238 830 319 1
752 228 786 316 1
709 230 746 313 1
665 239 701 320 1
1269 329 1279 409 1
1231 322 1274 398 1
1192 328 1238 403 1
1153 330 1197 408 1
1115 322 1156 402 1
1076 322 1116 405 1
1037 329 1073 400 1
999 323 1036 404 1
960 328 997 402 1
919 323 954 406 1
880 329 914 408 1
836 324 872 407 1
798 329 830 413 1
752 319 788 405 1
711 322 749 404 1
666 325 700 403 1
1235 500 1279 578 1
1193 505 1236 582 1
1153 505 1197 582 1
1113 508 1159 589 1
1077 514 1114 589 1
1037 511 1072 590 1
996 508 1036 587 1
958 509 994 592 1
917 516 952 594 1
880 505 913 593 1
833 509 869 594 1
793 517 825 585 1
753 516 788 595 1
708 514 744 584 1
666 513 699 592 1
1241 597 1279 675 1
1196 594 1242 672 1
1155 596 1195 672 1
1119 603 1157 671 1
1079 606 1117 680 1
1036 597 1077 675 1
999 600 1035 678 1
958 598 1001 680 1
919 602 954 677 1
875 607 913 679 1
835 604 874 683 1
794 600 830 684 1
758 601 792 673 1
475 673 551 709 1
449 612 533 647 1
453 552 545 589 1
452 493 538 530 1
455 371 533 410 1
448 256 529 294 1
454 194 536 230 1
