786 0 866 39 1
800 47 880 86 1
807 88 885 124 1
812 129 886 165 1
810 169 893 204 1
811 209 884 245 1
806 245 881 282 1
832 287 912 324 1
806 327 878 362 1
824 372 910 405 1
822 413 901 451 1
822 454 893 489 1
819 492 890 524 1
826 533 906 565 1
823 573 897 607 1
827 614 909 649 1
826 653 910 689 1
843 692 919 719 1
686 91 719 164 1
686 168 720 245 1
694 249 732 332 1
699 335 734 418 1
700 426 735 506 1
704 511 737 577 1
709 583 742 664 1
712 664 747 719 1
607 77 680 123 1
599 129 677 166 1
603 166 678 208 1
601 212 682 244 1
606 253 684 287 1
613 292 694 329 1
615 332 689 370 1
611 375 685 413 1
607 417 689 456 1
613 457 694 497 1
617 499 701 541 1
614 545 696 580 1
612 580 694 620 1
615 621 695 665 1
616 666 700 705 1
614 701 699 719 1
371 3 443 44 1
383 50 460 89 1
378 92 462 133 1
365 137 447 172 1
364 178 445 212 1
379 218 446 254 1
368 262 435 297 1
366 301 446 337 1
371 343 440 379 1
381 382 463 417 1
385 425 467 461 1
380 465 457 502 1
378 511 453 544 1
375 550 457 585 1
379 591 458 629 1
379 635 463 670 1
386 673 470 715 1
