457 189 520 248 1
431 219 495 286 1
407 252 475 321 1
375 278 435 345 1
349 306 413 375 1
316 331 379 401 1
283 358 349 429 1
178 221 245 291 1
146 247 220 317 1
388 534 446 587 1
206 199 269 262 1
613 296 670 356 1
582 323 642 383 1
551 354 617 415 1
528 380 588 432 1
468 439 527 500 1
437 469 492 526 1
408 495 465 552 1
349 547 409 620 1
327 585 394 650 1
305 617 364 683 1
274 640 336 706 1
258 675 315 719 1
224 696 270 719 1
553 101 620 175 1
526 140 591 211 1
491 166 560 240 1
257 128 328 202 1
288 101 357 173 1
323 77 385 145 1
347 47 414 117 1
376 17 445 90 1
407 0 475 64 1
451 0 505 37 1
498 0 534 16 1
125 276 188 340 1
88 300 152 362 1
52 324 120 390 1
21 353 95 416 1
0 375 66 452 1
0 424 39 479 1
0 479 13 508 1
260 390 321 456 1
229 419 293 487 1
204 446 267 513 1
174 470 238 542 1
150 501 217 573 1
122 533 188 603 1
86 552 150 617 1
51 575 123 648 1
26 606 100 682 1
0 638 65 708 1
