522 79 597 109 1
615 75 690 108 1
614 115 688 147 1
617 152 691 187 1
615 190 688 226 1
521 191 601 230 1
530 152 605 186 1
532 116 604 147 1
618 229 695 263 1
531 230 609 263 1
531 272 607 307 1
622 273 696 305 1
615 310 694 344 1
530 312 608 345 1
534 351 605 386 1
612 352 689 383 1
620 388 698 424 1
626 426 700 462 1
629 467 701 503 1
628 505 705 543 1
631 550 710 582 1
632 588 712 624 1
634 629 710 663 1
639 667 720 705 1
646 707 721 719 1
558 705 633 719 1
548 666 628 700 1
546 628 620 663 1
546 590 622 627 1
544 551 624 587 1
531 390 606 427 1
533 429 609 466 1
537 473 613 510 1
345 77 421 119 1
346 119 422 159 1
351 158 419 197 1
349 198 423 234 1
341 235 416 272 1
337 275 415 313 1
346 316 417 351 1
357 356 428 392 1
353 397 429 432 1
357 438 431 472 1
357 474 435 511 1
357 518 436 552 1
362 554 437 592 1
365 595 442 629 1
364 634 444 669 1
363 672 445 708 1
373 710 443 719 1
137 0 224 36 1
146 38 226 71 1
149 74 227 108 1
146 108 227 147 1
154 150 234 185 1
157 190 232 224 1
141 227 221 260 1
147 266 228 301 1
144 306 224 339 1
142 345 221 383 1
144 387 218 422 1
155 462 230 495 1
173 499 243 534 1
155 541 237 577 1
172 581 246 616 1
155 619 236 656 1
147 658 246 696 1
155 699 241 719 1
799 76 875 112 1
885 76 945 108 1
886 110 953 142 1
806 111 879 149 1
808 152 885 187 1
890 153 964 190 1
898 190 974 229 1
808 188 889 226 1
805 226 886 262 1
903 232 975 264 1
803 266 880 301 1
821 309 892 345 1
909 309 983 344 1
912 346 991 385 1
815 352 889 383 1
916 387 982 420 1
819 386 882 420 1
813 426 881 462 1
807 467 887 504 1
902 463 972 498 1
909 499 984 533 1
816 507 884 543 1
818 544 899 580 1
822 584 889 619 1
822 624 895 659 1
829 663 905 700 1
830 702 908 719 1
918 622 992 655 1
908 578 982 616 1
909 539 981 574 1
1095 693 1165 719 1
1110 651 1180 680 1
1079 458 1161 492 1
1078 419 1155 453 1
1085 378 1163 417 1
1086 339 1162 376 1
1083 300 1154 337 1
1072 262 1148 301 1
1067 229 1140 258 1
1064 186 1136 223 1
1063 152 1135 184 1
1068 116 1142 148 1
1058 76 1131 114 1
1064 38 1138 76 1
1063 2 1134 40 1
