770 128 821 239 1
707 123 762 245 1
636 133 695 255 1
579 139 630 258 1
517 128 575 249 1
449 136 505 258 1
831 109 892 236 1
894 117 953 235 1
955 119 1017 232 1
1017 123 1072 236 1
1071 127 1133 236 1
1137 130 1204 243 1
1195 130 1262 245 1
1253 125 1279 248 1
1212 444 1276 552 1
1148 454 1216 575 1
1092 455 1150 573 1
1032 460 1096 577 1
974 454 1031 578 1
907 468 973 588 1
841 470 898 594 1
781 470 836 585 1
724 476 773 591 1
653 469 706 594 1
593 497 645 594 1
526 483 580 602 1
457 462 513 584 1
398 477 457 600 1
330 480 391 596 1
0 466 109 525 1
0 396 109 453 1
0 331 102 387 1
0 268 102 320 1
0 204 102 259 1
0 146 104 199 1
0 78 107 136 1
0 24 104 80 1
