536 263 613 296 1
621 262 697 296 1
535 301 611 336 1
526 347 604 379 1
536 384 612 417 1
629 425 704 457 1
621 381 702 414 1
622 339 694 374 1
623 302 700 334 1
820 301 894 334 1
906 340 983 375 1
912 379 984 412 1
816 340 899 375 1
813 380 894 413 1
809 418 886 452 1
825 462 898 495 1
917 498 995 534 1
1092 486 1172 522 1
1091 448 1163 484 1
621 463 699 496 1
618 503 692 535 1
540 505 612 538 1
899 302 973 332 1
896 256 963 292 1
817 258 889 294 1
808 223 886 257 1
894 221 956 252 1
922 536 987 569 1
821 501 895 534 1
915 459 990 493 1
824 536 888 570 1
624 540 701 575 1
537 542 611 577 1
620 221 698 256 1
526 224 605 256 1
819 577 889 613 1
906 610 975 652 1
811 620 893 654 1
913 653 991 685 1
913 689 984 719 1
819 696 902 719 1
822 658 888 692 1
635 697 715 719 1
550 698 629 719 1
544 661 628 696 1
629 657 712 693 1
1091 529 1170 563 1
1080 569 1156 604 1
1082 606 1163 641 1
1079 410 1159 447 1
1072 374 1151 411 1
1073 335 1146 369 1
1071 300 1146 332 1
1075 260 1153 293 1
1065 221 1141 256 1
1076 182 1151 218 1
1073 144 1144 179 1
1070 101 1150 139 1
1024 24 1067 98 1
985 29 1024 107 1
951 40 987 111 1
916 40 952 113 1
879 32 916 104 1
840 26 880 102 1
806 25 840 107 1
762 31 800 104 1
726 29 761 103 1
685 37 723 105 1
647 36 682 109 1
609 38 643 118 1
514 69 594 109 1
516 30 594 70 1
526 0 609 31 1
333 0 404 35 1
338 35 407 72 1
335 72 410 111 1
633 578 707 615 1
634 620 709 652 1
542 621 620 659 1
539 580 611 616 1
369 704 447 719 1
361 666 444 703 1
365 626 445 661 1
361 588 438 622 1
358 545 435 584 1
361 510 434 540 1
350 465 423 500 1
342 425 422 462 1
345 384 421 422 1
353 349 426 383 1
352 304 425 344 1
348 263 426 304 1
348 225 426 262 1
158 24 237 59 1
159 64 234 100 1
153 105 226 140 1
141 142 227 181 1
150 182 228 218 1
150 218 232 254 1
151 255 230 293 1
159 295 236 330 1
159 336 235 369 1
144 374 226 409 1
152 414 233 449 1
145 453 231 487 1
144 493 227 531 1
149 537 227 569 1
162 609 237 644 1
182 646 252 683 1
159 688 243 719 1
