531 221 651 268 1
385 155 514 207 1
383 95 512 148 1
809 465 925 517 1
517 521 641 573 1
808 103 926 158 1
807 166 926 221 1
387 333 493 380 1
545 274 645 323 1
525 459 652 516 1
527 645 650 706 1
804 349 921 395 1
949 114 1061 166 1
945 173 1057 227 1
1178 123 1279 177 1
1181 182 1279 231 1
1183 238 1279 293 1
951 234 1065 288 1
943 350 1060 404 1
938 410 1050 458 1
956 525 1063 579 1
945 585 1054 638 1
942 642 1051 690 1
806 589 907 639 1
1169 548 1279 608 1
1176 610 1279 659 1
1254 663 1279 719 1
