557 142 618 266 1
805 178 860 288 1
497 152 550 264 1
780 505 837 625 1
721 505 778 621 1
658 493 717 614 1
435 143 494 262 1
372 148 429 268 1
313 147 372 264 1
259 134 319 251 1
626 150 677 269 1
688 158 737 273 1
746 169 799 281 1
871 189 925 302 1
929 195 980 311 1
984 197 1040 318 1
1039 197 1096 322 1
1100 210 1156 318 1
1160 219 1223 333 1
1221 218 1279 317 1
195 135 254 250 1
842 510 901 631 1
902 508 958 615 1
960 522 1022 640 1
1019 524 1079 643 1
1074 522 1141 644 1
1197 527 1265 655 1
596 498 650 619 1
528 491 580 615 1
468 489 522 597 1
407 484 464 595 1
343 469 401 591 1
287 488 340 579 1
226 468 284 583 1
169 442 224 558 1
105 454 168 567 1
44 445 111 558 1
