509 148 553 248 1
460 146 500 236 1
566 142 607 240 1
546 554 613 649 1
410 159 453 233 1
360 140 401 234 1
309 136 352 231 1
262 145 301 232 1
615 139 657 235 1
664 151 706 241 1
716 159 757 253 1
793 279 837 379 1
808 28 909 77 1
213 136 258 227 1
165 155 207 209 1
113 134 162 226 1
66 135 118 223 1
8 144 68 239 1
579 362 644 455 1
523 348 585 456 1
473 354 533 452 1
424 363 479 458 1
370 371 428 460 1
266 351 331 449 1
219 359 282 448 1
23 348 85 441 1
0 338 31 437 1
892 569 951 656 1
839 555 899 639 1
787 550 852 640 1
717 566 788 666 1
669 567 732 653 1
606 555 681 651 1
491 554 555 644 1
424 556 493 648 1
380 540 449 631 1
316 545 384 635 1
263 543 329 637 1
145 540 211 626 1
86 523 166 630 1
