1053 141 1168 184 1
1051 89 1164 136 1
1051 33 1155 82 1
1062 291 1160 334 1
1049 339 1169 390 1
14 206 112 253 1
3 267 113 316 1
0 388 95 440 1
0 449 100 499 1
0 622 77 677 1
388 460 503 513 1
262 280 373 330 1
283 98 398 153 1
412 106 520 158 1
667 50 784 107 1
808 60 919 117 1
808 118 919 172 1
815 178 921 229 1
679 231 781 279 1
813 291 920 339 1
664 356 780 407 1
968 292 1052 399 1
1157 40 1267 89 1
1160 95 1268 142 1
1157 148 1276 193 1
1164 195 1269 244 1
1062 189 1157 237 1
1156 292 1271 337 1
1168 350 1264 393 1
1052 393 1159 439 1
1047 448 1160 496 1
1153 448 1266 499 1
1165 503 1264 551 1
1160 554 1267 603 1
1154 606 1264 654 1
1048 551 1155 600 1
1048 653 1160 709 1
373 691 487 719 1
