569 0 646 35 1
656 15 692 94 1
659 102 695 179 1
668 268 703 355 1
586 253 649 286 1
804 518 882 557 1
780 241 857 277 1
795 193 875 235 1
800 155 863 191 1
798 118 878 154 1
787 76 866 111 1
782 35 854 73 1
777 0 857 30 1
805 482 881 521 1
806 399 883 438 1
791 360 869 402 1
787 318 870 359 1
785 284 866 320 1
329 5 406 42 1
321 47 401 85 1
352 338 420 373 1
351 296 435 333 1
340 253 427 291 1
354 214 424 249 1
347 171 425 208 1
327 124 421 167 1
319 87 404 123 1
326 466 416 510 1
333 424 408 459 1
346 379 431 416 1
665 187 696 260 1
560 38 645 79 1
564 83 640 119 1
566 122 643 159 1
580 153 656 194 1
576 206 651 242 1
585 293 645 323 1
582 324 665 364 1
590 373 662 409 1
583 416 660 454 1
582 454 674 501 1
672 363 708 439 1
798 562 883 602 1
836 681 877 719 1
804 441 877 483 1
320 647 409 689 1
321 680 407 719 1
