610 290 655 395 1
718 517 779 616 1
780 522 840 620 1
770 307 815 407 1
717 288 764 391 1
669 295 712 394 1
560 293 606 397 1
506 285 548 391 1
450 290 494 399 1
396 520 449 610 1
616 521 674 617 1
673 520 727 621 1
825 293 872 394 1
282 285 329 392 1
393 287 440 388 1
217 295 267 390 1
209 400 267 507 1
296 517 348 605 1
342 522 402 622 1
96 692 149 719 1
266 700 315 719 1
155 702 205 719 1
1037 529 1093 624 1
1136 523 1196 628 1
1189 535 1249 630 1
1231 308 1279 405 1
1179 321 1232 422 1
1172 107 1268 154 1
714 83 813 130 1
530 72 626 120 1
407 71 510 118 1
269 71 379 118 1
29 72 135 118 1
0 71 31 116 1
336 282 380 370 1
881 300 924 400 1
927 304 972 406 1
980 309 1041 423 1
1038 307 1077 405 1
1078 314 1126 403 1
1128 303 1173 413 1
