974 255 1005 326 1
882 257 918 330 1
845 256 875 321 1
815 251 843 319 1
779 249 811 315 1
709 248 739 312 1
678 248 706 315 1
642 245 672 316 1
607 250 640 318 1
572 245 602 314 1
539 249 568 319 1
501 246 533 313 1
463 244 492 305 1
428 245 459 316 1
385 252 417 317 1
439 396 474 454 1
471 399 510 466 1
504 395 541 454 1
646 396 686 460 1
682 396 720 461 1
712 395 752 459 1
752 399 791 462 1
918 400 960 462 1
506 107 574 138 1
588 109 650 141 1
707 116 770 147 1
201 110 266 142 1
1008 265 1040 332 1
942 260 971 318 1
911 257 939 323 1
1042 259 1066 320 1
1069 260 1098 321 1
1101 272 1130 310 1
1141 409 1182 468 1
1171 403 1215 467 1
1018 405 1054 467 1
979 399 1022 465 1
1167 527 1219 590 1
1201 527 1253 590 1
1094 529 1139 587 1
1063 520 1115 586 1
875 529 921 592 1
796 523 844 588 1
760 526 804 586 1
521 530 565 595 1
565 529 605 593 1
643 520 691 595 1
601 530 641 594 1
445 528 490 593 1
411 517 450 589 1
371 528 411 591 1
337 521 377 586 1
304 512 346 574 1
386 319 420 391 1
745 257 773 326 1
1131 260 1158 321 1
1158 269 1192 325 1
1193 261 1223 325 1
1223 266 1254 328 1
1256 276 1279 326 1
1233 412 1275 472 1
1237 522 1279 583 1
267 112 333 143 1
419 109 492 141 1
1069 134 1128 167 1
996 129 1059 161 1
1237 134 1279 170 1
