331 399 431 450 1
447 388 543 436 1
431 337 545 390 1
311 342 423 398 1
940 610 1007 672 1
67 419 195 475 1
86 478 194 529 1
83 529 196 578 1
72 579 201 636 1
67 636 194 689 1
442 441 558 495 1
432 501 556 551 1
455 559 550 608 1
301 567 433 626 1
317 625 438 682 1
445 616 549 667 1
657 381 772 430 1
677 433 793 486 1
694 491 797 542 1
688 544 803 594 1
680 600 807 648 1
895 513 991 599 1
879 437 983 534 1
873 376 983 465 1
895 321 979 401 1
887 256 981 337 1
865 157 969 263 1
60 360 174 416 1
0 372 59 419 1
54 299 184 354 1
0 307 56 357 1
0 243 60 303 1
52 244 183 296 1
298 223 414 276 1
426 213 542 268 1
431 276 546 331 1
304 282 419 330 1
444 667 571 719 1
318 684 439 719 1
76 685 205 719 1
693 645 813 704 1
922 659 1029 719 1
675 319 786 369 1
667 264 780 311 1
663 203 780 258 1
