338 255 437 300 1
241 253 337 299 1
539 480 581 575 1
539 584 583 688 1
600 471 643 575 1
656 466 698 558 1
711 471 757 568 1
769 476 810 579 1
581 253 684 301 1
719 254 816 296 1
839 256 928 300 1
1008 266 1102 308 1
1256 473 1279 586 1
1204 473 1254 568 1
1159 469 1205 562 1
1109 465 1158 564 1
1062 481 1106 577 1
1015 462 1058 565 1
966 469 1010 565 1
916 467 961 569 1
869 473 916 573 1
817 464 862 569 1
1069 683 1122 719 1
1011 677 1060 719 1
969 682 1016 719 1
919 683 968 719 1
713 689 757 719 1
665 692 706 719 1
617 691 661 719 1
