372 24 448 60 1
704 98 737 177 1
703 29 733 93 1
615 17 695 51 1
385 236 464 273 1
401 274 467 310 1
608 97 688 137 1
609 58 690 96 1
370 67 452 102 1
617 354 696 393 1
624 392 703 431 1
636 432 710 470 1
637 473 715 511 1
614 312 688 348 1
616 267 696 303 1
615 226 699 258 1
618 183 699 222 1
617 141 695 178 1
397 485 474 524 1
396 526 471 566 1
628 551 709 592 1
388 570 468 607 1
390 609 472 652 1
386 315 472 354 1
386 360 470 397 1
391 403 466 436 1
398 445 482 480 1
711 186 745 261 1
714 268 748 346 1
833 299 913 331 1
838 336 921 374 1
837 419 918 455 1
394 646 487 690 1
716 358 752 436 1
721 441 755 520 1
721 528 756 606 1
721 610 759 689 1
627 597 704 633 1
629 635 706 673 1
633 514 710 550 1
840 219 917 252 1
834 259 912 295 1
374 109 457 143 1
379 151 460 187 1
386 192 465 228 1
827 180 908 214 1
822 138 903 174 1
821 97 892 134 1
821 57 896 95 1
816 17 885 54 1
698 0 731 27 1
610 0 688 14 1
375 0 450 19 1
816 0 884 15 1
413 693 488 719 1
642 670 720 715 1
859 621 941 660 1
860 661 924 700 1
855 698 935 719 1
848 580 927 620 1
842 540 914 577 1
839 462 917 497 1
841 503 920 537 1
834 382 916 419 1
