770 406 848 443 1
765 366 842 405 1
689 368 758 405 1
684 326 763 364 1
949 680 1015 718 1
943 603 1011 639 1
943 565 1020 601 1
945 441 1018 478 1
946 400 1015 434 1
932 357 1010 392 1
942 316 1020 353 1
1059 307 1097 371 1
1098 309 1136 374 1
1137 312 1172 383 1
1023 302 1057 375 1
778 324 842 357 1
715 287 796 320 1
460 289 542 322 1
493 329 570 365 1
410 332 484 368 1
953 641 1015 678 1
937 527 1012 560 1
942 486 1020 523 1
683 408 761 443 1
769 447 846 483 1
679 448 756 483 1
767 488 845 522 1
502 369 576 405 1
418 373 487 408 1
498 413 575 448 1
411 411 491 450 1
499 455 572 489 1
496 494 575 530 1
412 456 488 491 1
411 498 489 532 1
686 489 763 526 1
679 531 755 568 1
772 528 840 561 1
763 567 841 603 1
679 570 762 607 1
768 608 848 646 1
684 613 761 649 1
685 653 763 690 1
768 652 840 686 1
768 686 846 719 1
684 696 761 719 1
492 531 573 567 1
420 537 490 571 1
496 576 570 610 1
412 577 481 612 1
498 616 571 651 1
411 618 489 655 1
505 658 577 691 1
506 697 581 719 1
422 656 491 693 1
418 700 498 719 1
279 671 318 719 1
277 594 314 665 1
282 502 319 579 1
483 230 562 274 1
1165 259 1241 296 1
1169 222 1242 256 1
1164 183 1238 220 1
1164 147 1243 179 1
1161 107 1250 144 1
1161 73 1240 106 1
1149 32 1224 70 1
1148 0 1227 31 1
971 0 1041 32 1
973 32 1048 66 1
975 69 1049 103 1
974 107 1049 145 1
977 150 1054 186 1
897 150 974 186 1
885 106 962 146 1
884 70 961 105 1
887 34 966 68 1
881 0 962 29 1
710 144 788 183 1
722 106 786 146 1
708 70 782 105 1
703 31 779 67 1
704 0 780 30 1
613 0 691 31 1
610 34 692 70 1
623 69 699 103 1
612 104 693 143 1
607 143 686 182 1
431 109 510 145 1
419 68 497 110 1
433 31 506 67 1
543 0 579 31 1
432 0 502 33 1
333 0 406 37 1
335 38 412 73 1
333 75 412 109 1
343 113 420 151 1
341 157 419 192 1
189 0 228 59 1
