1075 377 1140 503 1
370 508 432 627 1
309 523 372 637 1
443 211 503 326 1
389 213 444 331 1
326 221 386 337 1
845 418 906 515 1
782 441 849 536 1
1134 378 1196 488 1
272 241 334 340 1
221 262 278 356 1
155 272 226 379 1
108 306 164 397 1
45 281 114 399 1
490 483 559 600 1
424 498 478 612 1
205 544 257 639 1
147 540 200 659 1
1018 399 1086 511 1
961 401 1028 507 1
911 414 968 513 1
1195 346 1260 453 1
1249 348 1279 462 1
679 173 738 277 1
741 164 804 280 1
802 144 862 254 1
864 137 921 241 1
917 131 976 238 1
970 126 1035 234 1
1030 115 1095 231 1
1086 102 1153 214 1
1139 100 1202 207 1
1204 107 1264 214 1
1251 77 1279 185 1
1044 0 1159 80 1
951 2 1008 108 1
894 10 958 115 1
835 17 901 125 1
778 26 839 132 1
713 33 777 140 1
657 46 716 151 1
426 62 483 168 1
598 372 692 418 1
368 94 429 204 1
314 102 370 209 1
263 121 318 223 1
202 123 256 234 1
148 134 210 244 1
91 152 152 256 1
42 158 100 263 1
0 175 38 278 1
0 291 65 396 1
