677 317 758 354 1
864 321 934 354 1
689 277 760 312 1
940 318 1024 355 1
943 278 1022 313 1
863 282 941 315 1
587 318 664 356 1
585 278 661 313 1
585 242 657 275 1
677 197 747 234 1
583 201 659 240 1
303 293 375 328 1
309 334 388 368 1
1144 523 1222 556 1
1149 563 1230 599 1
1149 601 1228 634 1
959 486 1030 520 1
958 524 1031 563 1
965 565 1039 601 1
954 609 1030 645 1
963 645 1037 680 1
866 647 945 682 1
875 569 958 603 1
679 536 757 572 1
689 618 760 653 1
691 656 769 694 1
402 495 479 536 1
410 541 487 576 1
411 582 487 616 1
409 622 489 656 1
416 664 494 703 1
880 612 953 646 1
1147 482 1220 515 1
1155 673 1240 712 1
1158 637 1237 671 1
873 489 948 523 1
873 531 950 566 1
961 680 1038 715 1
872 687 950 719 1
683 581 747 613 1
686 500 756 532 1
691 695 763 719 1
599 698 677 719 1
599 663 674 698 1
587 623 657 656 1
580 582 658 615 1
579 543 662 577 1
580 500 660 537 1
312 500 391 535 1
309 540 383 577 1
309 585 383 615 1
310 621 387 658 1
318 663 388 699 1
321 702 398 719 1
413 702 491 719 1
173 594 214 675 1
174 688 213 719 1
398 331 478 367 1
535 610 573 687 1
1144 383 1217 420 1
1132 347 1213 380 1
1134 306 1211 342 1
1124 267 1201 303 1
1120 231 1197 264 1
1123 190 1204 228 1
1118 156 1195 190 1
1109 118 1192 153 1
1114 81 1194 117 1
1109 44 1183 81 1
933 8 1006 45 1
931 49 1001 84 1
935 88 1008 122 1
938 123 1012 156 1
943 158 1015 194 1
946 200 1025 235 1
941 239 1013 272 1
860 240 936 277 1
858 203 937 239 1
855 162 932 199 1
846 123 918 158 1
845 86 922 122 1
842 50 918 85 1
843 9 911 44 1
660 8 733 42 1
574 0 645 13 1
578 12 650 46 1
660 42 733 81 1
662 81 737 117 1
671 120 747 157 1
679 156 750 191 1
583 159 661 197 1
579 122 655 158 1
577 81 652 121 1
573 47 645 81 1
391 289 466 322 1
397 248 469 283 1
393 205 468 242 1
387 166 461 204 1
303 171 378 207 1
300 209 377 245 1
300 252 377 287 1
173 343 211 421 1
167 256 204 332 1
169 161 208 243 1
172 69 209 143 1
394 129 465 164 1
305 133 376 170 1
301 96 371 132 1
388 93 460 125 1
389 54 462 93 1
305 53 382 94 1
313 20 374 54 1
310 0 385 19 1
396 0 467 20 1
391 19 463 53 1
