637 432 711 467 1
554 429 626 466 1
549 393 628 429 1
634 392 712 427 1
550 474 628 509 1
551 513 627 547 1
644 556 723 591 1
648 595 722 627 1
553 551 631 589 1
560 593 636 629 1
636 517 712 551 1
637 476 715 511 1
824 517 899 552 1
830 478 892 512 1
914 471 988 508 1
914 434 986 467 1
911 356 977 391 1
917 392 991 428 1
1101 509 1182 545 1
833 559 909 594 1
1094 667 1177 705 1
1098 628 1180 666 1
1099 592 1170 626 1
1098 549 1183 585 1
366 316 440 351 1
367 356 442 390 1
363 397 444 433 1
367 435 445 472 1
365 555 444 591 1
550 637 624 674 1
646 634 719 669 1
649 674 725 709 1
555 676 629 713 1
372 594 446 628 1
371 632 440 669 1
179 458 253 490 1
160 497 241 533 1
161 538 248 573 1
163 579 244 616 1
175 619 251 651 1
168 656 245 693 1
816 359 895 393 1
821 399 892 430 1
823 437 903 471 1
544 355 620 388 1
368 474 446 509 1
365 513 447 549 1
369 39 439 79 1
364 274 439 311 1
368 235 440 269 1
360 195 430 229 1
353 153 428 191 1
358 116 430 151 1
163 416 245 452 1
187 376 254 409 1
165 337 242 370 1
158 263 234 297 1
157 222 236 256 1
162 179 241 217 1
167 144 245 179 1
160 102 238 141 1
177 67 252 103 1
176 28 253 64 1
169 0 246 24 1
363 2 438 39 1
366 80 440 114 1
165 695 243 719 1
366 672 437 708 1
352 709 425 719 1
548 2 621 37 1
630 4 702 39 1
632 40 704 75 1
543 37 620 75 1
537 78 613 116 1
630 78 701 112 1
629 113 706 151 1
544 116 619 151 1
544 155 617 191 1
634 156 706 189 1
541 194 618 230 1
627 194 702 229 1
623 234 696 267 1
546 233 616 269 1
628 271 703 307 1
637 310 708 346 1
540 271 613 308 1
543 310 614 345 1
817 3 889 42 1
898 5 966 39 1
902 47 974 84 1
820 43 894 80 1
818 82 898 119 1
908 86 984 124 1
915 124 984 161 1
815 121 894 155 1
812 157 888 193 1
829 200 901 233 1
636 353 707 387 1
819 317 890 350 1
827 276 890 309 1
923 279 989 312 1
920 240 998 278 1
822 239 898 275 1
919 202 991 237 1
635 710 711 719 1
1070 0 1135 16 1
1079 15 1157 51 1
1075 52 1148 86 1
832 598 905 634 1
1097 708 1173 719 1
1083 319 1166 354 1
1094 277 1172 312 1
1095 238 1171 273 1
1094 201 1166 235 1
1083 163 1161 197 1
1075 127 1152 161 1
1074 88 1147 125 1
