573 143 628 253 1
514 134 567 246 1
642 153 696 265 1
457 124 511 234 1
704 160 752 276 1
759 162 813 283 1
814 161 874 289 1
882 177 932 286 1
941 189 999 305 1
997 189 1054 286 1
1055 190 1113 310 1
1116 196 1171 304 1
1222 205 1279 314 1
394 119 452 231 1
328 106 393 227 1
273 119 329 226 1
213 107 278 224 1
150 112 212 226 1
92 109 158 222 1
34 93 106 208 1
0 96 41 211 1
1084 532 1146 657 1
970 500 1034 628 1
852 494 913 614 1
791 492 850 614 1
730 491 789 607 1
669 475 727 581 1
606 474 664 597 1
548 470 601 585 1
481 467 538 579 1
419 453 478 573 1
359 456 416 574 1
294 448 351 569 1
239 441 294 551 1
179 439 238 547 1
112 426 180 543 1
58 440 122 536 1
0 422 67 537 1
