91 560 153 678 1
35 583 91 683 1
0 574 40 694 1
239 508 292 615 1
297 503 351 618 1
348 498 407 614 1
456 496 506 616 1
512 495 562 611 1
567 497 616 601 1
616 491 668 607 1
675 484 721 597 1
900 256 1008 340 1
918 315 1023 404 1
951 360 1053 445 1
993 403 1088 488 1
1046 0 1138 62 1
1066 29 1172 110 1
1164 0 1262 50 1
1196 21 1279 98 1
1217 77 1279 146 1
1250 142 1279 201 1
1088 76 1203 166 1
1107 142 1197 210 1
1144 178 1253 258 1
1179 234 1276 301 1
1210 278 1279 348 1
1231 337 1279 398 1
1251 399 1279 450 1
