774 482 811 547 1
826 566 860 638 1
862 565 900 647 1
902 570 944 644 1
943 568 980 640 1
983 563 1022 637 1
1023 558 1064 638 1
1065 557 1102 635 1
1101 555 1142 634 1
1144 561 1183 635 1
1183 557 1222 625 1
1220 552 1262 626 1
1262 549 1279 627 1
1254 459 1279 536 1
817 479 855 558 1
857 480 892 548 1
895 471 937 553 1
941 467 979 553 1
979 476 1019 554 1
1020 468 1059 549 1
1059 465 1101 547 1
1097 468 1138 547 1
1139 470 1179 543 1
1173 460 1223 544 1
1215 461 1261 533 1
927 673 1012 711 1
729 482 768 561 1
544 650 624 684 1
521 586 603 623 1
525 526 610 562 1
519 465 605 507 1
519 347 598 384 1
507 232 587 269 1
511 170 591 207 1
513 28 571 109 1
601 25 638 110 1
662 21 698 104 1
721 12 760 93 1
780 19 817 103 1
843 19 880 98 1
899 18 936 89 1
1014 26 1051 100 1
1073 20 1114 99 1
1122 18 1167 101 1
1169 7 1203 88 1
1205 9 1243 88 1
1243 14 1279 94 1
727 295 762 372 1
771 289 809 372 1
810 286 850 370 1
853 294 890 377 1
892 286 931 371 1
935 292 972 370 1
975 284 1014 368 1
1015 289 1052 362 1
1054 285 1092 364 1
1093 288 1130 358 1
1131 279 1171 362 1
1172 278 1209 359 1
1210 286 1254 362 1
1248 283 1279 358 1
1237 189 1279 268 1
1199 198 1245 272 1
1160 197 1204 267 1
1123 194 1164 270 1
1081 193 1127 272 1
1006 203 1046 276 1
967 199 1008 272 1
930 193 967 271 1
888 193 926 276 1
848 205 887 284 1
809 198 847 283 1
765 200 805 280 1
723 210 760 288 1
