921 10 968 75 1
882 32 934 102 1
842 40 895 120 1
803 44 857 114 1
764 56 818 129 1
738 79 782 144 1
692 84 735 150 1
655 92 706 169 1
616 112 665 177 1
585 132 636 208 1
548 151 601 224 1
505 160 558 235 1
467 173 517 244 1
429 182 481 261 1
389 199 439 276 1
350 216 405 296 1
309 234 366 318 1
269 253 326 331 1
234 279 286 346 1
182 278 251 362 1
143 293 204 376 1
101 312 157 387 1
59 336 121 415 1
13 347 78 424 1
0 362 36 435 1
929 238 992 307 1
888 245 939 319 1
853 262 906 334 1
816 274 870 348 1
780 295 837 366 1
744 315 798 389 1
708 329 763 396 1
670 340 721 411 1
627 351 684 429 1
594 369 649 446 1
555 388 612 471 1
516 401 572 481 1
476 415 533 494 1
433 432 493 513 1
395 450 454 532 1
356 463 416 546 1
314 477 375 562 1
272 496 328 570 1
229 514 291 598 1
192 540 255 621 1
158 561 215 644 1
116 580 179 664 1
77 596 138 677 1
23 600 94 689 1
0 621 46 705 1
1060 372 1126 446 1
1025 397 1087 468 1
996 417 1056 491 1
961 434 1025 504 1
925 449 983 527 1
891 464 947 532 1
858 471 913 540 1
829 511 887 587 1
781 501 837 574 1
749 537 810 617 1
709 548 770 626 1
675 569 727 635 1
638 577 688 647 1
599 597 657 676 1
562 611 619 687 1
522 632 584 710 1
485 651 546 719 1
454 680 506 719 1
407 688 455 719 1
920 310 991 360 1
850 337 919 384 1
777 371 855 426 1
695 407 773 461 1
616 438 691 494 1
551 474 616 523 1
470 503 552 560 1
393 538 470 595 1
312 572 392 635 1
219 610 302 676 1
143 650 223 709 1
55 685 137 719 1
