306 560 422 613 1
434 550 550 605 1
439 613 554 668 1
312 619 427 667 1
683 656 794 706 1
675 601 788 648 1
671 540 788 595 1
876 488 986 582 1
899 580 997 665 1
907 649 993 719 1
435 667 555 719 1
311 674 427 719 1
52 573 186 629 1
53 634 186 692 1
0 580 57 637 1
0 642 53 700 1
399 250 524 314 1
777 231 894 290 1
908 221 984 332 1
650 231 762 289 1
669 179 761 228 1
646 123 759 174 1
777 68 891 121 1
781 17 888 64 1
645 16 758 78 1
637 70 754 121 1
394 11 509 66 1
400 67 517 124 1
278 73 391 142 1
17 46 154 97 1
38 101 161 160 1
0 0 39 51 1
394 135 516 188 1
416 193 509 245 1
285 203 399 260 1
47 209 177 270 1
0 213 49 274 1
61 274 173 329 1
0 287 51 337 1
633 0 742 23 1
282 261 396 315 1
63 693 176 719 1
