763 100 822 230 1
827 102 886 216 1
703 112 754 214 1
641 114 692 240 1
570 113 624 228 1
500 106 553 240 1
443 115 496 239 1
383 123 433 240 1
323 124 377 238 1
252 122 309 233 1
194 120 251 234 1
135 118 193 230 1
75 119 132 233 1
2 115 73 239 1
950 98 1008 212 1
1006 102 1066 218 1
1069 97 1131 214 1
1131 124 1196 243 1
1192 118 1264 243 1
1088 452 1154 573 1
1031 430 1089 549 1
833 463 893 594 1
712 438 760 577 1
579 445 629 575 1
510 456 561 582 1
446 458 500 582 1
381 447 434 558 1
316 453 374 580 1
257 457 311 577 1
189 458 252 580 1
129 453 194 576 1
65 464 130 586 1
0 464 64 587 1
