1151 97 1227 130 1
1071 89 1140 127 1
717 73 796 110 1
582 65 654 105 1
486 65 564 101 1
381 65 464 104 1
194 69 276 105 1
118 66 199 103 1
341 237 380 313 1
337 316 379 400 1
391 229 426 309 1
433 225 467 296 1
479 228 513 307 1
523 233 558 316 1
564 227 598 308 1
604 234 642 312 1
647 232 681 312 1
689 234 723 308 1
726 228 761 311 1
766 243 801 321 1
807 233 843 312 1
849 237 883 313 1
885 241 922 317 1
927 245 973 331 1
966 242 1000 322 1
999 246 1035 316 1
1038 241 1072 324 1
1076 254 1117 330 1
1118 246 1149 316 1
1151 248 1187 318 1
1191 259 1225 306 1
1227 248 1262 319 1
1262 254 1279 323 1
1237 422 1279 490 1
1093 415 1132 486 1
1050 409 1097 486 1
970 412 1018 486 1
774 409 823 486 1
726 406 775 481 1
690 408 738 486 1
650 407 697 483 1
478 405 524 477 1
442 411 487 489 1
405 406 444 475 1
1181 565 1235 633 1
1139 553 1210 640 1
919 563 975 637 1
827 560 884 638 1
785 564 837 636 1
638 557 699 648 1
595 569 642 648 1
552 566 598 639 1
500 569 550 645 1
408 567 460 636 1
369 553 417 633 1
324 564 369 638 1
280 555 329 631 1
241 545 291 620 1
