674 43 710 120 1
601 194 664 227 1
680 128 711 201 1
579 24 655 60 1
581 63 658 100 1
591 147 666 183 1
600 234 660 264 1
684 213 718 298 1
595 269 680 308 1
605 319 677 355 1
369 282 436 316 1
353 198 442 235 1
367 243 449 278 1
811 136 889 175 1
800 227 881 260 1
802 260 885 301 1
370 159 438 191 1
342 66 435 109 1
343 409 434 454 1
349 368 424 402 1
856 624 896 706 1
793 180 871 218 1
342 669 430 712 1
803 302 882 339 1
811 96 875 131 1
817 339 894 379 1
797 19 877 57 1
811 61 891 99 1
594 94 672 139 1
363 118 441 154 1
598 396 695 439 1
600 360 680 397 1
335 30 417 68 1
364 324 447 358 1
822 425 896 457 1
819 464 896 501 1
817 504 898 541 1
689 306 726 382 1
819 383 897 425 1
340 593 429 636 1
343 629 427 671 1
794 0 869 15 1
574 0 660 22 1
672 0 707 34 1
333 0 417 28 1
210 538 285 627 1
814 652 848 719 1
772 658 812 719 1
735 668 770 719 1
693 663 730 719 1
650 677 684 719 1
611 684 645 719 1
569 676 604 719 1
527 683 564 719 1
