676 45 712 122 1
603 196 666 229 1
682 130 713 203 1
581 26 657 62 1
583 65 660 102 1
593 149 668 185 1
602 236 662 266 1
686 215 720 300 1
597 271 682 310 1
607 321 679 357 1
371 284 438 318 1
355 200 444 237 1
369 245 451 280 1
341 597 429 641 1
813 138 891 177 1
802 229 883 262 1
804 262 887 303 1
372 161 440 193 1
344 68 437 111 1
336 30 421 67 1
345 411 436 456 1
351 370 426 404 1
345 627 432 670 1
858 626 898 708 1
795 182 873 220 1
344 671 432 714 1
366 323 449 358 1
690 304 726 379 1
816 504 899 542 1
823 424 899 457 1
822 463 899 498 1
805 304 884 341 1
813 98 877 133 1
820 383 893 424 1
819 341 896 381 1
337 0 418 30 1
576 0 658 24 1
674 0 708 37 1
795 0 869 19 1
799 21 879 59 1
813 63 893 101 1
596 96 674 141 1
365 120 443 156 1
194 666 246 719 1
815 651 849 719 1
772 660 813 719 1
735 670 771 719 1
696 666 731 719 1
652 678 685 719 1
616 683 646 719 1
573 675 607 719 1
530 682 567 719 1
600 398 697 441 1
602 362 682 399 1
