738 135 777 220 1
738 232 775 313 1
727 365 769 441 1
724 470 759 534 1
727 540 766 617 1
514 386 593 426 1
526 435 603 470 1
524 474 604 511 1
518 516 594 550 1
513 554 585 591 1
506 592 581 633 1
512 634 584 672 1
532 675 592 709 1
431 334 506 372 1
313 186 395 226 1
207 220 282 265 1
208 262 288 311 1
203 304 277 358 1
189 345 269 399 1
192 396 269 451 1
185 443 267 494 1
191 492 267 538 1
190 531 271 583 1
182 578 265 628 1
189 629 268 679 1
181 669 257 718 1
359 419 432 466 1
360 470 433 511 1
314 517 392 555 1
347 553 421 598 1
345 667 418 711 1
