820 696 895 719 1
814 656 888 691 1
910 654 985 690 1
904 611 977 649 1
906 572 977 607 1
909 531 983 568 1
903 496 970 531 1
1077 496 1154 532 1
1078 457 1153 492 1
1088 415 1166 453 1
1090 376 1166 412 1
1089 339 1159 370 1
1079 300 1156 334 1
1073 264 1147 294 1
1072 221 1145 256 1
1074 187 1147 220 1
1078 148 1156 186 1
1069 111 1145 145 1
1081 69 1154 107 1
1078 33 1147 70 1
1074 0 1158 28 1
898 102 958 134 1
899 137 965 174 1
899 181 975 217 1
907 221 982 258 1
910 258 982 295 1
914 340 984 374 1
915 379 992 414 1
916 417 983 449 1
809 498 887 534 1
811 537 883 571 1
813 575 894 613 1
817 617 883 650 1
815 455 883 489 1
821 415 884 447 1
818 378 893 413 1
827 340 898 372 1
807 292 884 328 1
814 254 894 290 1
817 215 897 253 1
818 176 896 213 1
818 136 891 173 1
813 101 890 136 1
628 91 703 130 1
626 131 700 169 1
627 170 701 206 1
626 209 698 244 1
624 247 702 285 1
629 292 700 324 1
622 331 697 368 1
617 372 692 406 1
622 409 699 446 1
630 450 701 485 1
630 493 701 527 1
625 531 704 567 1
627 574 706 609 1
629 612 705 649 1
626 653 702 689 1
631 691 712 719 1
542 688 621 719 1
540 649 613 682 1
541 609 617 648 1
541 571 619 605 1
539 532 620 568 1
536 493 612 525 1
535 448 608 484 1
534 409 609 443 1
539 369 609 404 1
535 329 611 364 1
539 289 613 326 1
539 247 615 283 1
531 209 609 245 1
539 167 616 205 1
542 130 618 166 1
535 92 610 128 1
358 88 434 127 1
357 127 434 166 1
361 168 430 204 1
359 209 435 242 1
350 246 425 282 1
345 284 422 320 1
351 326 422 363 1
359 369 432 402 1
354 408 432 445 1
357 450 434 484 1
358 489 434 524 1
354 531 435 568 1
358 568 435 606 1
362 608 440 644 1
357 648 439 686 1
357 687 437 719 1
165 707 233 719 1
143 669 240 706 1
150 627 230 663 1
169 587 244 623 1
153 549 234 584 1
174 509 244 541 1
155 468 232 502 1
148 394 223 427 1
147 351 227 385 1
149 307 233 343 1
155 271 235 306 1
151 229 228 264 1
167 191 242 227 1
167 151 245 185 1
161 109 241 149 1
163 73 243 110 1
162 34 241 71 1
155 0 242 35 1
