827 10 861 91 1
824 114 860 197 1
819 209 857 291 1
822 317 861 401 1
819 422 860 510 1
815 528 855 614 1
1015 621 1096 664 1
808 647 845 719 1
607 669 685 707 1
610 629 688 666 1
609 586 687 628 1
614 547 684 583 1
606 503 680 540 1
606 380 689 418 1
618 255 687 295 1
602 87 681 129 1
616 44 692 85 1
430 217 511 273 1
429 298 512 359 1
427 596 502 651 1
269 604 339 656 1
252 649 334 700 1
262 550 347 607 1
254 495 339 557 1
258 449 344 514 1
264 409 345 466 1
260 357 349 415 1
263 313 348 365 1
263 257 351 317 1
266 214 353 262 1
264 155 345 219 1
266 120 348 171 1
272 72 356 125 1
269 25 353 82 1
277 0 350 26 1
