556 23 673 80 1
697 33 808 90 1
697 91 808 145 1
704 151 810 202 1
568 204 670 252 1
702 264 809 312 1
548 330 665 381 1
849 255 943 359 1
299 86 409 136 1
173 78 287 130 1
153 259 262 306 1
273 435 389 488 1
256 667 375 719 1
950 5 1050 59 1
1054 15 1160 64 1
948 64 1060 110 1
1061 64 1164 118 1
1056 123 1170 167 1
949 114 1060 159 1
962 163 1052 209 1
1062 170 1163 220 1
1054 266 1166 314 1
955 262 1047 311 1
946 316 1064 365 1
1068 323 1163 370 1
950 368 1056 416 1
945 424 1055 475 1
1052 428 1163 474 1
1063 480 1161 529 1
1058 533 1162 578 1
944 531 1051 578 1
1053 583 1157 632 1
943 633 1055 686 1
1037 686 1151 719 1
