848 0 890 35 1
842 41 884 125 1
846 147 882 230 1
834 261 875 345 1
824 362 866 444 1
814 478 853 557 1
1021 463 1098 501 1
648 79 713 119 1
631 200 712 241 1
625 324 696 358 1
630 366 699 403 1
622 408 701 443 1
623 449 698 482 1
618 489 694 520 1
612 526 692 566 1
604 570 683 605 1
604 609 682 647 1
600 649 677 686 1
596 691 672 719 1
464 31 543 81 1
456 114 541 168 1
440 409 521 461 1
427 621 503 668 1
422 661 501 712 1
321 0 383 27 1
306 18 386 72 1
307 62 383 121 1
297 119 375 170 1
294 161 376 219 1
288 210 371 271 1
283 250 365 313 1
278 298 359 355 1
284 349 362 405 1
288 407 352 452 1
271 449 347 500 1
268 497 337 545 1
271 545 342 595 1
275 593 345 643 1
264 636 333 688 1
258 682 333 719 1
