831 304 899 371 1
706 179 769 240 1
675 204 745 274 1
649 234 716 302 1
900 366 961 423 1
558 207 627 275 1
621 267 687 334 1
592 296 659 364 1
532 234 599 299 1
504 264 575 330 1
566 327 638 397 1
548 359 612 423 1
484 297 549 365 1
811 336 873 395 1
786 363 857 433 1
610 147 680 219 1
587 178 655 244 1
883 398 947 458 1
761 398 823 450 1
729 426 790 481 1
961 321 1020 380 1
862 278 924 333 1
891 253 951 308 1
914 224 978 288 1
943 204 1008 264 1
960 161 1027 222 1
985 138 1055 203 1
1010 113 1084 182 1
1038 87 1106 151 1
1058 61 1129 117 1
1078 34 1145 94 1
1141 89 1200 139 1
1121 114 1180 168 1
1097 143 1156 208 1
1072 175 1139 242 1
1053 204 1113 271 1
1007 263 1068 324 1
985 291 1050 355 1
1260 208 1279 250 1
1243 241 1279 300 1
1217 265 1279 327 1
1193 290 1264 347 1
1168 319 1237 380 1
1150 347 1218 413 1
1000 559 1054 615 1
963 585 1030 646 1
1134 381 1201 434 1
1113 408 1173 463 1
938 612 1011 680 1
912 638 985 707 1
882 668 943 719 1
857 696 901 719 1
762 564 821 618 1
728 585 790 640 1
694 608 764 673 1
672 641 736 699 1
649 671 715 719 1
616 694 664 719 1
613 589 676 648 1
573 609 644 673 1
545 633 617 699 1
517 664 588 719 1
491 692 540 719 1
519 387 585 452 1
493 424 560 478 1
457 443 518 503 1
446 327 515 392 1
424 358 491 424 1
384 397 455 462 1
365 569 428 633 1
339 600 403 659 1
304 622 377 687 1
211 590 280 654 1
274 651 349 715 1
253 685 319 719 1
189 630 261 689 1
149 644 214 709 1
130 681 189 719 1
105 443 170 504 1
126 412 202 479 1
149 382 222 450 1
178 348 246 415 1
207 320 277 384 1
226 288 296 352 1
251 250 318 310 1
288 229 351 293 1
318 204 382 265 1
349 175 413 241 1
369 141 440 211 1
397 114 469 183 1
425 87 494 152 1
451 57 519 125 1
475 26 547 96 1
507 1 576 68 1
542 0 598 39 1
637 116 705 185 1
666 87 727 152 1
687 61 754 125 1
719 37 781 98 1
739 7 809 74 1
767 0 829 42 1
808 0 859 15 1
923 0 975 24 1
879 0 941 48 1
855 9 922 75 1
831 39 893 102 1
799 64 867 127 1
771 88 837 150 1
750 115 818 182 1
730 147 795 213 1
321 0 365 10 1
273 0 329 32 1
231 0 305 64 1
201 24 274 93 1
183 61 252 120 1
153 82 222 146 1
122 113 193 180 1
92 142 163 209 1
71 176 146 242 1
40 207 120 277 1
16 240 97 306 1
0 270 74 339 1
0 309 48 369 1
0 362 23 403 1
581 0 623 10 1
