500 215 581 252 1
590 209 672 248 1
596 249 675 288 1
506 256 585 291 1
596 291 674 326 1
503 297 582 332 1
793 248 862 284 1
888 329 967 365 1
795 332 874 369 1
602 332 680 372 1
598 133 666 170 1
502 133 585 175 1
503 177 577 211 1
593 169 673 205 1
586 91 667 131 1
498 91 580 133 1
496 56 570 91 1
588 51 670 91 1
592 15 667 50 1
510 18 572 56 1
493 0 574 23 1
592 0 669 18 1
889 245 963 284 1
886 290 960 326 1
790 294 873 329 1
795 372 873 409 1
892 368 971 404 1
785 146 865 183 1
875 138 946 177 1
876 96 942 132 1
872 56 951 92 1
870 15 947 52 1
872 0 945 16 1
781 0 855 21 1
778 22 850 57 1
782 58 861 97 1
790 99 866 136 1
1046 9 1121 44 1
1048 47 1123 85 1
1049 84 1128 119 1
1052 120 1130 158 1
1060 166 1134 203 1
1063 203 1131 240 1
1072 278 1145 314 1
1077 320 1154 353 1
1072 360 1154 393 1
1083 399 1155 430 1
1084 437 1163 473 1
1079 476 1157 511 1
1084 514 1161 546 1
1091 554 1170 591 1
1088 592 1171 627 1
1101 632 1175 667 1
898 408 970 443 1
805 416 884 452 1
807 458 888 496 1
899 449 979 488 1
893 493 969 528 1
807 497 888 536 1
813 538 893 574 1
896 531 977 567 1
893 571 978 611 1
814 580 886 615 1
509 338 585 378 1
609 375 689 414 1
512 382 591 418 1
619 415 694 452 1
516 423 599 459 1
617 456 693 495 1
516 466 597 504 1
519 509 596 541 1
521 545 600 581 1
630 541 706 578 1
619 581 702 623 1
524 586 605 625 1
329 600 413 639 1
318 556 397 590 1
324 516 403 553 1
319 472 398 508 1
309 432 390 469 1
317 392 394 427 1
221 394 296 429 1
220 437 299 472 1
220 476 300 512 1
220 519 303 556 1
221 561 299 600 1
233 605 317 639 1
307 348 384 385 1
306 308 383 343 1
309 267 387 304 1
310 226 391 263 1
310 186 386 220 1
320 144 400 181 1
217 187 293 225 1
221 230 302 268 1
140 265 185 343 1
67 145 110 220 1
72 234 117 314 1
75 323 115 399 1
76 424 117 508 1
77 526 120 606 1
84 617 127 701 1
265 96 300 167 1
259 10 297 87 1
312 0 388 26 1
315 27 386 65 1
307 65 387 104 1
308 106 385 142 1
