613 289 651 365 1
652 293 687 362 1
608 199 641 273 1
644 195 684 284 1
567 197 603 275 1
642 478 680 558 1
543 583 578 658 1
723 7 758 86 1
689 196 728 274 1
814 286 850 361 1
774 288 810 364 1
734 283 773 364 1
692 279 729 362 1
202 312 243 391 1
199 219 237 297 1
241 214 277 290 1
532 289 569 367 1
572 284 609 365 1
527 203 561 281 1
487 200 522 275 1
492 291 529 368 1
442 204 480 281 1
449 295 486 371 1
403 206 438 285 1
406 302 444 384 1
363 212 399 292 1
371 310 405 383 1
319 211 357 291 1
327 310 364 382 1
285 306 324 378 1
281 214 316 288 1
247 320 284 395 1
729 190 763 269 1
768 204 805 271 1
806 190 844 273 1
846 201 880 274 1
883 195 921 263 1
924 188 961 264 1
964 185 998 262 1
850 286 886 361 1
930 283 964 351 1
963 284 1000 354 1
1002 275 1039 345 1
1039 265 1076 347 1
997 188 1032 256 1
1032 186 1069 260 1
1070 188 1108 264 1
1108 188 1144 256 1
1143 175 1182 249 1
1184 193 1216 265 1
1217 179 1255 254 1
1256 179 1279 253 1
651 566 688 641 1
496 577 529 653 1
491 484 528 565 1
537 488 571 554 1
682 6 716 84 1
640 20 675 96 1
600 12 634 86 1
559 11 596 88 1
520 12 553 86 1
480 9 512 85 1
440 10 472 82 1
397 18 431 95 1
354 10 391 90 1
316 20 352 98 1
272 26 310 102 1
236 20 270 97 1
186 28 229 112 1
192 0 221 15 1
12 0 56 18 1
5 31 62 114 1
0 38 14 119 1
799 16 832 90 1
759 15 792 84 1
835 10 871 86 1
878 6 908 76 1
914 8 947 81 1
947 6 983 81 1
989 6 1023 85 1
1024 10 1060 84 1
1062 21 1099 89 1
1098 12 1131 90 1
1134 1 1174 78 1
1172 16 1206 84 1
1207 14 1245 76 1
1247 11 1279 85 1
1078 272 1114 346 1
1116 269 1151 347 1
1151 275 1185 345 1
1187 277 1220 344 1
1219 267 1254 341 1
1254 269 1279 341 1
1258 450 1279 511 1
1261 528 1279 598 1
1224 527 1262 598 1
1216 445 1260 522 1
1183 440 1221 515 1
1187 531 1226 607 1
1146 442 1184 520 1
1152 527 1190 603 1
1117 530 1155 598 1
1112 449 1148 519 1
1073 455 1112 516 1
1038 452 1078 519 1
1001 458 1040 529 1
1040 536 1082 618 1
1083 534 1118 610 1
1197 705 1235 719 1
1164 710 1194 719 1
1125 710 1159 719 1
961 455 1002 526 1
968 549 1006 624 1
1007 546 1040 606 1
928 467 964 547 1
930 554 967 632 1
889 474 928 548 1
893 559 928 634 1
855 560 891 640 1
856 479 891 550 1
814 476 847 553 1
772 474 805 545 1
779 569 812 647 1
737 569 773 649 1
730 478 768 557 1
691 488 726 560 1
694 572 730 641 1
452 488 488 567 1
454 582 493 662 1
412 488 446 564 1
417 583 455 663 1
369 496 405 575 1
377 589 415 662 1
326 498 364 574 1
334 590 374 670 1
288 498 323 573 1
293 584 331 658 1
249 501 284 582 1
253 588 292 667 1
208 503 244 577 1
209 583 251 670 1
17 214 58 293 1
0 215 16 295 1
0 313 21 388 1
20 322 64 391 1
32 508 75 587 1
35 599 80 677 1
0 600 37 680 1
0 513 32 591 1
