878 110 922 179 1
836 133 888 205 1
794 135 846 216 1
753 135 804 210 1
716 145 766 220 1
686 163 729 231 1
640 168 683 233 1
603 175 651 251 1
559 192 610 255 1
528 209 579 286 1
488 224 538 297 1
444 229 495 302 1
403 239 453 311 1
359 246 413 327 1
319 260 371 340 1
278 272 330 353 1
234 290 293 369 1
189 303 248 381 1
153 328 208 393 1
100 322 167 404 1
55 334 118 416 1
10 350 72 421 1
0 367 27 449 1
866 344 922 416 1
822 347 870 425 1
790 362 838 437 1
748 370 799 446 1
711 387 761 462 1
675 406 725 483 1
638 417 684 489 1
599 424 642 498 1
549 435 604 512 1
515 451 568 529 1
474 466 528 549 1
433 471 482 552 1
391 484 443 563 1
345 500 402 581 1
301 514 361 598 1
264 523 317 606 1
217 533 274 620 1
171 545 224 623 1
126 565 184 648 1
82 581 143 668 1
39 605 99 688 1
0 614 60 701 1
849 422 918 463 1
778 442 845 487 1
697 472 774 521 1
614 499 691 550 1
527 524 607 575 1
458 553 523 600 1
374 576 455 628 1
290 604 370 658 1
199 631 285 688 1
97 661 192 719 1
19 689 98 719 1
984 490 1041 569 1
950 513 999 592 1
916 534 969 608 1
880 549 928 620 1
842 556 892 640 1
810 568 855 641 1
770 571 816 648 1
742 613 787 692 1
693 592 740 675 1
653 629 709 714 1
611 641 665 719 1
574 652 624 719 1
537 659 582 719 1
495 677 539 719 1
456 692 494 719 1
