872 201 991 256 1
1014 149 1126 201 1
1016 269 1130 323 1
1008 385 1125 439 1
1003 445 1115 493 1
873 622 974 670 1
874 383 987 427 1
1012 210 1123 264 1
611 256 724 303 1
617 308 716 359 1
597 492 723 551 1
592 556 714 608 1
460 367 566 417 1
462 189 583 239 1
461 131 583 183 1
877 141 991 195 1
1009 617 1116 668 1
1016 557 1126 609 1
881 499 988 549 1
1004 672 1113 719 1
600 677 719 719 1
0 299 46 348 1
1236 158 1279 210 1
1246 218 1279 264 1
1243 274 1279 322 1
1231 581 1279 639 1
1238 642 1279 693 1
