237 97 365 151 1
390 97 512 150 1
378 161 503 218 1
232 162 362 215 1
371 344 499 401 1
363 408 490 459 1
639 99 768 159 1
770 108 888 164 1
640 165 760 215 1
765 165 887 222 1
643 226 757 279 1
760 232 872 282 1
763 286 886 336 1
765 344 882 394 1
771 394 882 444 1
760 449 881 502 1
746 504 868 558 1
755 562 876 614 1
622 557 746 617 1
632 623 746 672 1
758 619 872 671 1
381 224 507 280 1
718 677 834 719 1
229 348 343 392 1
227 465 348 519 1
380 530 502 586 1
375 595 492 648 1
372 652 482 705 1
224 596 333 644 1
0 223 88 270 1
0 275 78 323 1
0 459 79 519 1
0 525 70 576 1
0 650 76 716 1
998 679 1109 719 1
1110 674 1227 719 1
1108 619 1230 673 1
1109 563 1231 617 1
991 565 1109 619 1
996 508 1108 564 1
1114 510 1215 557 1
1005 125 1108 175 1
1007 178 1113 228 1
1008 240 1113 288 1
1016 293 1116 344 1
1120 129 1230 181 1
1126 188 1228 240 1
1119 242 1226 292 1
1128 294 1221 340 1
1126 346 1235 393 1
1112 402 1222 452 1
1126 457 1216 503 1
992 456 1110 506 1
