844 346 889 413 1
806 364 853 436 1
763 369 813 453 1
722 371 769 450 1
682 381 731 459 1
652 397 693 469 1
602 403 644 470 1
572 412 616 492 1
524 430 569 497 1
487 449 538 529 1
453 468 500 542 1
407 473 457 549 1
366 480 413 555 1
322 491 375 568 1
280 501 329 586 1
237 516 291 600 1
195 534 251 616 1
155 547 207 627 1
111 573 164 640 1
59 570 125 655 1
15 578 76 665 1
0 594 27 673 1
833 581 885 664 1
787 588 837 664 1
752 601 801 677 1
710 610 758 689 1
676 627 721 705 1
636 643 686 719 1
598 657 644 719 1
556 667 598 719 1
513 677 555 719 1
739 677 806 719 1
813 657 881 704 1
