560 79 596 159 1
512 83 546 153 1
448 248 486 329 1
474 73 507 151 1
431 71 469 149 1
404 255 440 332 1
363 250 398 332 1
359 426 391 494 1
395 71 431 149 1
357 71 391 148 1
317 74 356 147 1
281 70 319 148 1
243 67 281 147 1
330 242 364 312 1
290 244 326 318 1
253 254 289 328 1
216 249 252 321 1
177 249 215 324 1
142 242 177 314 1
104 238 142 316 1
167 79 204 145 1
133 76 166 151 1
92 77 134 153 1
57 78 95 147 1
18 68 58 139 1
0 62 18 133 1
65 246 105 317 1
23 244 67 314 1
0 243 31 315 1
317 422 355 502 1
281 421 317 500 1
245 422 280 499 1
206 421 243 496 1
165 421 205 498 1
126 417 167 497 1
92 417 130 496 1
54 427 91 507 1
7 410 54 491 1
0 420 11 499 1
