463 412 523 527 1
699 374 758 478 1
761 365 824 481 1
822 345 882 455 1
884 338 941 442 1
937 332 996 439 1
990 327 1055 435 1
1050 316 1115 432 1
1106 303 1173 415 1
855 218 921 326 1
798 227 859 333 1
733 234 797 341 1
677 247 736 352 1
643 575 738 620 1
917 211 978 315 1
974 203 1030 309 1
445 255 503 364 1
331 294 389 406 1
876 47 974 134 1
1034 596 1096 710 1
1088 571 1153 699 1
1146 572 1209 688 1
388 287 448 398 1
410 408 465 527 1
347 417 410 532 1
278 310 334 416 1
216 309 274 423 1
239 449 298 541 1
290 430 352 530 1
163 318 227 432 1
110 338 170 439 1
58 340 116 445 1
0 356 58 456 1
179 457 244 562 1
130 488 185 576 1
72 462 138 578 1
14 473 81 579 1
0 484 24 578 1
1065 186 1177 282 1
1213 307 1274 414 1
1154 300 1217 404 1
511 674 567 719 1
446 685 497 719 1
394 696 439 719 1
799 639 857 719 1
864 614 916 719 1
920 615 979 719 1
1203 548 1270 650 1
1257 556 1279 640 1
697 21 809 78 1
570 0 626 92 1
629 0 688 78 1
508 0 564 93 1
406 14 462 102 1
348 16 410 131 1
298 36 355 122 1
242 42 298 134 1
132 62 196 166 1
70 68 137 172 1
19 82 84 184 1
0 92 30 199 1
