664 24 700 106 1
574 27 650 65 1
581 68 658 106 1
579 112 653 148 1
579 153 652 188 1
330 40 401 72 1
330 78 412 113 1
335 119 404 158 1
346 158 426 196 1
350 198 427 238 1
347 243 424 278 1
344 285 420 321 1
676 359 709 438 1
670 112 703 195 1
670 202 703 283 1
675 290 705 354 1
587 278 667 312 1
578 197 657 230 1
794 312 870 345 1
796 391 873 429 1
347 372 425 409 1
347 414 430 449 1
355 453 438 493 1
357 497 436 534 1
373 535 439 571 1
680 441 714 520 1
580 358 660 398 1
581 319 662 357 1
586 401 662 443 1
586 441 669 482 1
585 482 668 521 1
582 523 665 562 1
794 150 877 186 1
796 191 872 227 1
796 234 863 267 1
791 274 861 305 1
797 352 867 386 1
775 23 849 59 1
584 572 660 607 1
803 67 883 102 1
777 106 847 143 1
684 526 721 607 1
588 612 665 649 1
342 328 424 363 1
594 649 672 692 1
360 661 435 697 1
342 0 410 29 1
569 0 647 22 1
657 0 691 20 1
777 0 850 24 1
583 234 660 272 1
810 476 887 508 1
798 434 878 470 1
804 516 882 551 1
805 556 882 590 1
685 615 724 698 1
603 692 679 718 1
354 574 441 614 1
352 617 438 656 1
809 595 890 636 1
806 638 883 674 1
805 673 884 713 1
366 702 448 719 1
