713 96 781 132 1
1030 112 1095 148 1
1103 117 1172 150 1
1235 256 1272 327 1
1271 260 1279 323 1
1203 261 1238 324 1
1170 254 1207 320 1
1137 265 1170 307 1
1104 253 1139 320 1
1070 252 1105 317 1
1037 260 1072 330 1
1002 248 1033 325 1
968 255 1000 318 1
936 249 970 323 1
899 252 941 331 1
861 250 894 320 1
830 246 860 315 1
792 241 827 313 1
756 251 785 323 1
720 240 748 312 1
683 241 713 313 1
646 239 676 314 1
606 243 640 316 1
569 236 601 311 1
533 243 566 315 1
491 236 524 309 1
451 234 484 299 1
413 238 448 312 1
368 244 403 313 1
367 317 405 396 1
425 399 461 461 1
459 403 503 474 1
495 398 533 462 1
648 400 693 470 1
687 399 728 471 1
718 397 763 469 1
761 403 806 473 1
940 405 983 471 1
1009 402 1052 472 1
1051 410 1087 474 1
1181 414 1227 476 1
1216 409 1264 477 1
1209 542 1268 606 1
1249 540 1279 608 1
1133 543 1183 604 1
1097 532 1156 605 1
893 543 946 610 1
809 538 859 610 1
771 540 817 610 1
641 535 694 619 1
599 546 644 615 1
560 543 602 609 1
512 545 558 616 1
430 543 479 614 1
393 534 437 609 1
351 540 394 612 1
313 535 358 602 1
277 525 322 592 1
588 90 653 125 1
501 88 571 122 1
401 88 479 126 1
236 92 308 127 1
168 89 238 126 1
