458 168 512 287 1
518 165 570 284 1
573 169 624 275 1
625 161 680 278 1
684 155 739 266 1
350 168 411 288 1
294 171 352 292 1
233 180 292 292 1
83 237 150 362 1
35 269 87 358 1
0 257 38 381 1
749 154 808 266 1
1228 482 1279 554 1
916 637 1027 692 1
794 581 902 633 1
570 499 688 553 1
450 486 567 541 1
447 546 564 598 1
565 558 686 611 1
563 615 677 670 1
440 603 557 652 1
556 670 674 719 1
450 654 541 711 1
175 498 299 561 1
168 563 295 622 1
169 620 292 680 1
32 481 161 537 1
23 668 139 719 1
802 635 910 687 1
903 701 1003 719 1
800 685 894 719 1
