657 103 717 219 1
599 85 650 205 1
842 452 897 570 1
521 439 579 565 1
723 117 780 239 1
780 445 835 563 1
902 457 956 570 1
535 72 588 197 1
789 109 840 230 1
910 112 965 241 1
969 117 1027 221 1
1079 125 1146 230 1
1194 122 1257 239 1
1261 471 1279 594 1
1199 466 1259 579 1
1137 459 1200 588 1
1080 459 1138 586 1
1253 131 1279 248 1
473 85 524 202 1
1023 466 1077 586 1
966 463 1022 578 1
717 440 767 563 1
402 89 460 219 1
452 447 510 573 1
588 448 636 565 1
649 435 706 566 1
390 446 447 572 1
332 435 389 559 1
263 440 323 560 1
