672 216 709 297 1
632 223 664 303 1
589 224 626 304 1
548 220 584 305 1
504 226 539 308 1
467 221 502 303 1
426 221 462 298 1
386 213 423 292 1
347 214 380 292 1
308 213 343 284 1
267 220 305 296 1
232 217 267 290 1
195 221 233 293 1
151 227 192 304 1
115 227 157 305 1
80 231 116 306 1
40 231 82 304 1
0 222 43 293 1
5 140 46 216 1
42 142 83 216 1
84 142 120 212 1
118 143 159 217 1
157 139 197 216 1
196 135 233 205 1
235 133 273 206 1
276 127 312 191 1
313 126 349 206 1
349 130 386 192 1
389 129 423 199 1
425 130 464 196 1
469 133 503 209 1
508 127 543 199 1
551 121 583 200 1
592 122 624 197 1
634 123 669 199 1
677 124 709 204 1
842 218 879 299 1
889 211 923 287 1
840 125 879 205 1
882 118 920 194 1
924 120 961 196 1
928 219 962 295 1
967 217 1005 292 1
963 120 1002 199 1
1004 125 1041 199 1
1041 127 1078 196 1
1079 123 1116 196 1
324 69 399 108 1
539 0 616 28 1
447 0 525 27 1
345 0 422 33 1
253 0 332 31 1
0 0 60 36 1
61 0 146 35 1
152 0 236 37 1
786 0 869 26 1
877 0 953 26 1
967 0 1051 27 1
1069 0 1145 27 1
1150 0 1234 27 1
1245 0 1279 23 1
1056 65 1124 102 1
1117 127 1162 206 1
1159 135 1197 200 1
1197 131 1236 209 1
1238 132 1279 201 1
1239 218 1279 292 1
1196 221 1239 294 1
1157 216 1197 291 1
1121 212 1158 288 1
1080 213 1120 283 1
1042 219 1079 292 1
1006 211 1041 286 1
1240 407 1279 477 1
1201 404 1246 480 1
1163 407 1206 482 1
1128 403 1165 478 1
1086 407 1125 481 1
1048 407 1085 485 1
1009 412 1047 491 1
970 410 1008 488 1
930 411 966 484 1
891 409 927 487 1
850 410 886 492 1
1246 495 1279 573 1
1204 490 1247 570 1
1165 493 1208 570 1
1128 494 1173 570 1
1088 494 1132 574 1
1048 503 1086 582 1
1013 510 1049 582 1
971 507 1007 579 1
932 503 967 576 1
890 518 926 590 1
847 506 885 586 1
1268 690 1279 719 1
1166 689 1206 719 1
1122 684 1161 719 1
1082 687 1123 719 1
1042 685 1079 719 1
1002 694 1038 719 1
956 695 998 719 1
920 694 957 719 1
880 699 917 719 1
840 697 876 719 1
669 701 700 719 1
624 700 654 719 1
587 701 618 719 1
541 703 574 719 1
501 689 536 719 1
458 693 492 719 1
416 695 452 719 1
376 704 412 719 1
337 695 373 719 1
299 695 335 719 1
260 693 293 719 1
221 695 257 719 1
183 691 217 719 1
137 695 178 719 1
96 691 136 719 1
58 695 95 719 1
7 693 57 719 1
0 694 13 719 1
667 400 703 480 1
665 509 700 580 1
626 398 660 483 1
625 501 661 578 1
584 398 619 477 1
582 503 614 570 1
541 402 576 478 1
541 507 575 579 1
501 414 534 493 1
463 413 496 495 1
422 415 457 485 1
379 404 418 484 1
461 508 497 582 1
500 507 535 590 1
421 505 454 583 1
378 502 415 573 1
337 420 373 497 1
342 505 378 581 1
300 414 337 491 1
300 508 336 572 1
263 415 298 493 1
259 505 296 592 1
217 415 254 479 1
220 507 258 579 1
176 409 216 483 1
141 409 181 483 1
104 412 144 484 1
182 505 220 573 1
144 502 181 580 1
99 501 140 583 1
64 501 103 581 1
66 415 105 488 1
20 414 67 492 1
0 415 30 488 1
16 509 64 590 1
0 512 25 584 1
