1122 152 1197 185 1
929 0 972 45 1
928 57 970 139 1
921 170 963 250 1
728 28 803 64 1
734 69 804 103 1
731 105 808 145 1
731 148 809 184 1
730 187 805 220 1
730 227 809 263 1
726 268 804 304 1
724 308 801 346 1
725 348 800 383 1
724 391 798 425 1
721 429 804 462 1
716 471 793 504 1
557 325 627 369 1
553 366 629 415 1
553 407 625 462 1
557 113 628 167 1
405 0 476 34 1
402 21 474 76 1
402 68 479 126 1
399 116 469 168 1
402 168 469 218 1
393 211 462 261 1
394 259 470 311 1
398 308 471 355 1
390 350 464 402 1
389 394 468 449 1
389 445 466 495 1
409 493 474 541 1
392 534 461 582 1
397 589 480 639 1
