699 167 742 266 1
647 378 713 475 1
604 380 665 479 1
911 164 965 276 1
749 151 798 250 1
644 150 689 253 1
595 158 639 255 1
543 154 588 259 1
550 381 614 479 1
711 381 775 479 1
489 157 536 261 1
1202 564 1278 661 1
907 579 977 677 1
784 576 857 677 1
731 580 796 674 1
483 587 543 683 1
429 586 490 679 1
364 587 429 685 1
251 586 319 676 1
197 570 261 674 1
134 584 204 679 1
437 152 481 252 1
384 157 430 261 1
330 155 375 253 1
273 154 318 240 1
220 159 268 259 1
155 169 207 263 1
151 272 209 376 1
237 383 292 471 1
284 389 348 487 1
335 383 390 471 1
967 382 1030 475 1
1067 377 1129 478 1
1121 384 1178 479 1
1250 182 1279 242 1
1198 165 1248 258 1
1150 165 1201 256 1
1104 175 1154 276 1
1048 159 1097 266 1
1004 168 1050 257 1
956 165 1000 262 1
806 158 849 254 1
853 163 899 259 1
542 574 617 689 1
30 564 99 660 1
81 574 152 670 1
