683 266 718 342 1
641 263 675 347 1
594 172 631 250 1
598 263 636 344 1
552 172 587 253 1
555 267 591 346 1
507 173 543 259 1
513 272 550 344 1
474 273 510 353 1
469 181 502 260 1
423 178 458 259 1
638 169 674 244 1
681 178 716 248 1
721 178 759 259 1
761 175 799 254 1
804 174 840 256 1
845 177 882 257 1
883 177 923 258 1
923 183 960 259 1
961 181 998 260 1
1000 180 1037 256 1
1037 181 1071 253 1
1072 180 1113 254 1
1112 183 1149 255 1
1147 183 1186 257 1
1186 180 1224 255 1
1224 185 1261 257 1
1259 184 1279 263 1
1257 269 1279 342 1
1225 273 1265 338 1
1189 266 1230 340 1
1150 263 1189 337 1
1112 266 1150 345 1
1079 264 1113 346 1
1039 266 1076 338 1
1001 264 1039 337 1
963 269 1000 341 1
925 264 958 340 1
888 265 924 344 1
426 263 464 351 1
384 270 422 349 1
383 174 417 257 1
339 178 376 256 1
345 264 380 348 1
297 181 333 262 1
254 172 293 261 1
211 175 249 260 1
169 183 204 251 1
126 182 168 259 1
84 181 125 247 1
42 182 83 260 1
473 81 552 117 1
1257 9 1279 90 1
1223 3 1261 81 1
1181 4 1225 83 1
1149 5 1182 80 1
1112 2 1147 80 1
1069 0 1109 77 1
1033 4 1070 80 1
998 6 1032 82 1
956 0 996 81 1
918 0 955 81 1
876 0 914 73 1
841 0 875 72 1
798 0 836 74 1
761 0 796 78 1
720 2 752 74 1
675 0 712 76 1
636 0 671 64 1
595 0 632 73 1
549 0 588 74 1
507 0 545 70 1
467 0 505 72 1
425 0 460 71 1
384 0 419 74 1
341 0 377 72 1
298 0 337 77 1
258 0 293 78 1
212 0 252 76 1
169 0 209 83 1
123 0 167 75 1
84 0 124 78 1
35 0 80 75 1
848 265 885 344 1
808 268 844 351 1
765 263 802 346 1
725 269 760 344 1
299 271 338 350 1
258 275 296 350 1
215 271 259 354 1
173 266 213 350 1
134 267 171 341 1
1259 436 1279 515 1
1221 438 1264 514 1
1089 358 1156 388 1
1187 434 1224 509 1
1151 437 1190 511 1
1113 435 1154 515 1
1079 436 1115 515 1
1039 438 1078 516 1
1004 449 1039 515 1
965 443 1000 518 1
928 442 968 523 1
889 444 926 523 1
848 447 885 526 1
806 446 842 524 1
770 439 806 520 1
722 446 758 527 1
684 449 719 529 1
641 448 676 530 1
601 442 636 525 1
558 446 595 530 1
518 444 552 524 1
472 453 509 530 1
430 455 465 531 1
386 452 424 535 1
342 446 380 526 1
299 446 336 535 1
259 448 294 523 1
210 456 255 539 1
