727 235 796 304 1
686 140 755 213 1
754 203 821 273 1
493 435 554 495 1
523 405 590 472 1
572 396 646 467 1
898 454 966 519 1
869 487 939 552 1
466 459 535 530 1
592 465 652 524 1
547 488 620 555 1
674 291 743 359 1
709 273 770 329 1
632 191 705 264 1
301 247 362 309 1
324 213 390 281 1
243 409 317 482 1
270 388 341 458 1
304 360 367 427 1
331 335 394 397 1
495 549 566 615 1
526 522 596 588 1
831 392 900 457 1
376 545 442 611 1
411 521 475 587 1
432 484 501 552 1
811 427 877 494 1
892 337 957 405 1
1002 334 1076 404 1
979 370 1043 428 1
953 395 1023 464 1
927 423 995 487 1
858 362 928 427 1
669 173 737 236 1
598 215 672 284 1
782 177 852 245 1
808 149 876 212 1
382 213 449 279 1
363 304 429 371 1
384 269 454 338 1
270 270 340 343 1
242 301 306 370 1
212 331 276 400 1
190 364 253 429 1
217 445 281 513 1
158 387 218 451 1
127 415 193 485 1
190 473 255 539 1
162 509 231 572 1
108 451 168 512 1
74 479 145 549 1
135 538 204 608 1
156 617 229 691 1
104 562 172 632 1
78 590 147 663 1
38 503 103 566 1
7 534 83 603 1
0 564 53 638 1
0 628 25 661 1
46 626 119 695 1
9 652 90 719 1
0 682 44 719 1
88 244 155 310 1
16 306 87 369 1
0 362 32 422 1
476 294 513 370 1
468 576 537 643 1
447 605 506 666 1
346 569 420 643 1
411 628 480 695 1
325 605 390 674 1
383 659 452 719 1
351 689 406 719 1
295 634 361 703 1
269 664 332 719 1
236 688 289 719 1
763 327 828 395 1
406 161 475 227 1
313 0 383 27 1
404 38 472 105 1
434 8 502 75 1
462 0 524 41 1
516 0 553 17 1
556 10 625 74 1
516 29 590 99 1
498 64 570 134 1
583 0 645 49 1
623 0 671 18 1
715 114 783 177 1
740 86 811 149 1
770 63 830 120 1
792 28 855 91 1
812 0 883 67 1
843 0 907 40 1
889 0 936 18 1
830 116 898 183 1
858 91 922 154 1
882 62 944 128 1
913 40 971 102 1
936 16 1003 81 1
953 0 1023 48 1
720 582 790 648 1
686 603 751 672 1
660 639 726 705 1
629 669 698 719 1
598 697 641 719 1
763 628 828 696 1
794 655 852 719 1
828 687 882 719 1
927 698 969 719 1
958 671 1020 719 1
983 640 1048 708 1
1011 615 1077 682 1
1033 587 1107 661 1
1061 560 1125 627 1
1078 524 1140 590 1
1106 496 1168 560 1
1131 468 1198 534 1
1156 445 1228 513 1
1183 417 1254 486 1
1211 396 1269 452 1
1232 366 1279 427 1
1252 337 1279 385 1
1028 310 1084 363 1
1050 284 1116 348 1
1074 256 1132 313 1
1099 228 1159 289 1
1121 198 1191 263 1
1146 169 1209 230 1
1168 144 1239 208 1
1193 115 1261 177 1
1216 86 1279 151 1
1241 64 1279 120 1
1264 38 1279 75 1
916 305 988 374 1
939 277 1011 346 1
964 250 1040 319 1
991 227 1059 290 1
1006 194 1076 258 1
1036 166 1102 228 1
1059 135 1133 201 1
1087 114 1150 173 1
1104 84 1177 150 1
1130 61 1203 123 1
1154 31 1222 91 1
1181 5 1243 61 1
1206 0 1275 44 1
995 0 1046 25 1
