852 0 891 30 1
849 39 889 118 1
856 140 896 226 1
852 253 893 342 1
853 356 888 441 1
843 471 880 553 1
1050 450 1126 488 1
655 82 721 122 1
645 207 726 244 1
643 330 720 366 1
648 373 720 405 1
648 412 724 448 1
646 456 724 491 1
646 497 721 530 1
643 535 721 572 1
636 578 720 613 1
638 620 717 657 1
635 661 715 695 1
637 702 712 719 1
463 423 540 475 1
466 127 550 183 1
467 45 546 100 1
461 638 535 687 1
456 682 538 719 1
296 664 368 713 1
306 619 375 668 1
299 565 373 620 1
293 521 367 568 1
298 476 373 527 1
306 427 377 478 1
309 369 385 430 1
296 321 379 379 1
296 274 382 335 1
306 232 386 294 1
300 183 386 236 1
301 140 389 191 1
318 93 390 142 1
308 39 391 88 1
307 0 385 44 1
