940 0 983 32 1
896 0 944 52 1
853 0 904 63 1
816 0 862 61 1
774 0 825 65 1
745 14 790 79 1
699 15 742 78 1
664 21 712 98 1
623 37 670 104 1
588 53 636 130 1
552 67 600 143 1
510 73 555 146 1
467 81 513 154 1
424 89 474 168 1
385 102 430 182 1
341 114 391 196 1
296 130 351 214 1
254 143 309 225 1
215 167 266 237 1
162 161 228 249 1
120 169 178 258 1
72 185 132 265 1
26 206 88 288 1
0 212 42 291 1
926 193 985 262 1
886 196 933 272 1
849 211 900 284 1
811 219 858 296 1
774 235 826 310 1
737 253 786 331 1
700 262 747 335 1
657 274 704 346 1
614 281 664 358 1
575 297 630 374 1
537 310 591 393 1
489 320 545 399 1
452 329 509 407 1
410 347 467 425 1
363 355 423 439 1
325 363 381 453 1
280 374 337 460 1
234 387 284 464 1
189 402 244 488 1
148 423 206 505 1
104 444 161 526 1
61 457 122 543 1
17 465 76 549 1
0 466 29 559 1
1043 343 1104 419 1
1005 364 1062 439 1
979 381 1029 457 1
944 393 991 468 1
905 405 954 488 1
872 415 919 490 1
831 424 884 494 1
800 463 849 540 1
756 447 806 520 1
718 479 770 560 1
678 489 728 570 1
638 502 686 571 1
599 507 648 581 1
558 524 613 606 1
521 538 570 614 1
478 551 531 637 1
437 567 490 651 1
401 595 451 671 1
354 597 407 682 1
314 610 365 695 1
263 625 326 716 1
223 639 280 719 1
178 648 241 719 1
139 667 185 719 1
91 680 136 719 1
910 269 976 313 1
836 291 906 333 1
760 317 834 369 1
673 346 754 397 1
588 371 669 420 1
522 398 588 445 1
433 423 518 470 1
351 449 436 500 1
264 478 348 530 1
163 504 255 558 1
76 534 165 589 1
0 559 71 616 1
