462 185 527 255 1
436 216 504 284 1
403 241 471 308 1
373 268 441 339 1
349 303 415 368 1
485 439 538 490 1
616 283 671 338 1
642 254 706 316 1
671 224 731 286 1
699 196 759 257 1
504 404 564 461 1
210 194 275 257 1
174 221 238 280 1
139 248 210 310 1
111 274 185 339 1
400 0 467 55 1
286 113 351 172 1
261 137 329 205 1
233 165 305 234 1
318 333 384 400 1
295 361 360 428 1
265 387 333 455 1
243 419 311 489 1
216 453 284 520 1
444 456 513 530 1
424 495 493 559 1
401 528 464 596 1
372 553 434 620 1
356 591 413 651 1
494 161 563 225 1
516 126 581 190 1
541 94 606 155 1
575 74 644 145 1
606 49 673 113 1
629 9 700 86 1
437 0 495 29 1
369 17 441 87 1
340 42 410 115 1
33 368 106 429 1
70 299 158 375 1
56 333 131 401 1
0 390 74 456 1
0 466 25 517 1
592 315 646 364 1
563 343 620 394 1
531 374 588 431 1
324 615 388 677 1
293 636 358 698 1
265 670 341 719 1
241 702 285 719 1
41 620 113 690 1
180 471 245 537 1
150 497 222 567 1
127 528 198 602 1
99 560 167 630 1
76 592 141 659 1
