645 399 699 479 1
586 390 646 479 1
532 375 593 472 1
700 386 757 479 1
753 405 813 489 1
863 406 926 494 1
925 403 981 493 1
972 404 1031 499 1
1030 393 1099 499 1
1192 404 1257 492 1
1247 405 1279 490 1
1180 217 1242 306 1
1129 209 1184 302 1
1088 210 1143 307 1
1037 208 1097 302 1
841 204 896 288 1
793 206 850 303 1
747 201 798 283 1
674 82 719 194 1
671 0 716 82 1
733 0 776 86 1
784 0 827 67 1
840 0 883 85 1
890 0 935 95 1
940 0 982 89 1
988 0 1036 98 1
1037 0 1077 96 1
1082 6 1126 97 1
1124 0 1173 98 1
1176 18 1221 111 1
1224 4 1274 98 1
