577 209 611 293 1
538 220 573 301 1
452 212 489 295 1
579 306 615 389 1
533 500 566 568 1
492 499 528 579 1
449 496 483 566 1
404 497 439 577 1
497 584 532 657 1
700 220 739 298 1
494 211 529 297 1
660 218 699 292 1
620 212 656 288 1
575 494 611 577 1
536 586 569 669 1
621 490 657 579 1
662 500 697 581 1
708 311 744 386 1
493 301 527 386 1
452 305 489 386 1
578 591 618 670 1
623 594 659 668 1
663 590 701 665 1
707 584 743 667 1
747 589 784 666 1
707 497 742 579 1
753 306 788 387 1
410 225 445 303 1
407 309 443 387 1
538 313 571 396 1
623 312 659 393 1
666 305 701 393 1
749 495 785 579 1
791 313 828 386 1
835 304 870 391 1
874 304 912 389 1
916 315 955 391 1
956 312 997 391 1
997 307 1034 383 1
1035 313 1073 391 1
787 215 827 296 1
831 215 868 294 1
873 219 910 293 1
912 220 950 300 1
952 216 989 295 1
992 222 1029 300 1
1032 223 1071 297 1
1075 231 1110 296 1
1074 321 1112 388 1
1117 317 1153 394 1
1153 312 1197 387 1
1193 313 1233 388 1
1234 304 1274 379 1
1263 231 1279 303 1
1226 225 1264 298 1
1190 235 1235 298 1
1151 226 1195 304 1
1112 229 1152 302 1
1261 48 1279 118 1
1222 52 1262 127 1
1179 52 1221 125 1
1075 41 1119 127 1
1038 43 1074 119 1
998 48 1036 120 1
956 39 993 122 1
917 34 954 114 1
880 31 915 109 1
836 36 875 121 1
786 36 820 116 1
723 40 757 117 1
606 32 636 107 1
546 33 582 112 1
480 34 519 118 1
421 28 456 109 1
360 33 398 117 1
300 41 338 123 1
214 42 274 124 1
206 181 288 218 1
198 242 280 279 1
202 354 283 391 1
202 474 284 510 1
205 531 292 568 1
196 589 279 626 1
219 654 299 689 1
790 499 826 581 1
833 502 869 577 1
874 496 912 582 1
914 494 952 572 1
956 494 994 572 1
996 490 1034 564 1
1037 497 1073 563 1
1076 499 1116 579 1
1113 493 1156 573 1
1155 494 1197 576 1
1196 495 1240 576 1
1234 496 1279 577 1
1237 583 1279 665 1
1197 585 1241 663 1
1156 589 1199 668 1
1115 580 1157 663 1
1076 589 1115 660 1
1036 587 1074 660 1
996 586 1031 662 1
954 584 998 662 1
915 585 951 661 1
875 592 911 662 1
834 595 872 672 1
789 586 827 667 1
1017 706 1097 719 1
