744 610 831 683 1
704 533 811 609 1
685 457 792 541 1
705 402 793 474 1
687 333 791 414 1
688 278 777 352 1
484 231 590 276 1
492 281 596 327 1
494 336 604 385 1
490 388 601 436 1
494 436 606 486 1
506 490 622 546 1
511 541 619 590 1
517 643 623 699 1
254 247 371 293 1
254 303 368 349 1
264 357 355 404 1
269 402 366 448 1
257 455 376 504 1
283 511 372 553 1
279 552 382 608 1
282 610 394 659 1
179 161 306 214 1
140 252 250 303 1
136 310 252 364 1
153 358 265 406 1
155 409 267 454 1
147 462 256 509 1
165 514 266 562 1
164 566 272 613 1
174 616 283 667 1
0 576 57 626 1
0 522 57 573 1
0 482 49 527 1
0 374 48 426 1
0 319 48 367 1
0 264 42 315 1
238 0 346 28 1
775 684 846 719 1
