834 0 876 42 1
831 57 870 130 1
833 135 875 217 1
820 359 858 440 1
814 469 853 549 1
806 563 848 641 1
807 668 848 719 1
608 604 673 644 1
595 434 673 478 1
613 393 685 429 1
622 310 694 349 1
635 273 696 307 1
615 228 687 265 1
606 185 682 222 1
613 142 687 180 1
622 104 698 143 1
629 65 709 103 1
628 24 706 60 1
615 0 694 21 1
457 3 533 58 1
458 55 528 102 1
439 97 524 148 1
441 143 520 190 1
440 265 513 311 1
440 307 520 357 1
420 561 498 613 1
411 642 498 700 1
252 651 329 704 1
254 596 337 655 1
257 552 337 600 1
253 495 335 557 1
257 457 339 516 1
264 413 348 466 1
264 366 347 418 1
261 305 344 361 1
270 265 351 320 1
277 218 359 275 1
273 167 357 226 1
281 119 364 178 1
281 71 359 128 1
287 26 361 79 1
290 0 363 34 1
