725 289 770 389 1
671 283 717 378 1
620 267 664 373 1
509 276 555 380 1
568 269 612 376 1
455 273 503 368 1
405 288 448 366 1
350 269 398 367 1
298 260 347 365 1
249 270 294 362 1
196 262 246 356 1
146 278 195 337 1
93 260 148 356 1
48 259 99 352 1
0 267 49 372 1
0 484 65 581 1
208 496 272 590 1
255 489 321 592 1
364 509 426 605 1
418 503 479 603 1
473 496 533 596 1
525 489 586 603 1
582 503 648 603 1
808 419 857 524 1
827 146 937 197 1
637 58 741 108 1
391 57 491 109 1
111 60 217 109 1
0 53 102 109 1
79 669 150 719 1
143 686 200 719 1
270 688 321 719 1
331 689 380 719 1
397 686 443 719 1
452 699 491 719 1
511 699 559 719 1
569 700 617 719 1
640 700 689 719 1
820 698 868 719 1
875 701 915 719 1
