676 46 712 123 1
603 197 666 230 1
682 131 713 204 1
581 27 657 63 1
583 66 660 103 1
593 150 668 186 1
602 237 662 267 1
686 216 720 301 1
597 272 682 311 1
607 322 679 358 1
371 285 438 319 1
355 201 444 238 1
369 246 451 281 1
341 598 429 642 1
813 139 891 178 1
802 230 883 263 1
804 263 887 304 1
372 162 440 194 1
344 69 437 112 1
345 412 436 457 1
351 371 426 405 1
345 628 432 671 1
858 627 898 709 1
795 183 873 221 1
344 672 432 715 1
690 305 726 380 1
816 505 899 543 1
823 425 899 458 1
822 464 899 499 1
805 305 884 342 1
813 99 877 134 1
820 384 893 425 1
819 342 896 382 1
799 22 879 60 1
813 64 893 102 1
596 97 674 142 1
365 121 443 157 1
600 399 697 442 1
602 363 682 400 1
337 33 419 71 1
336 0 417 37 1
577 0 661 27 1
673 0 706 38 1
792 0 866 21 1
366 327 449 361 1
194 625 242 719 1
815 652 848 719 1
772 659 814 719 1
735 669 768 719 1
694 666 729 719 1
650 676 685 719 1
613 682 646 719 1
572 678 605 719 1
530 685 563 719 1
