650 623 729 662 1
737 623 813 661 1
380 630 453 666 1
650 588 723 622 1
738 584 812 622 1
735 544 815 583 1
649 544 727 584 1
380 589 456 628 1
912 582 991 617 1
736 500 822 537 1
652 500 729 537 1
735 457 814 495 1
650 457 728 495 1
650 417 727 455 1
738 416 819 455 1
743 377 811 412 1
652 378 732 415 1
379 545 455 578 1
454 541 539 577 1
461 499 542 537 1
377 503 453 540 1
378 460 457 498 1
374 422 450 459 1
380 380 446 419 1
464 376 542 414 1
468 336 548 375 1
379 338 452 378 1
381 296 457 337 1
469 295 548 333 1
735 293 809 334 1
739 335 817 374 1
649 333 734 371 1
653 297 730 333 1
913 383 989 418 1
912 339 989 380 1
910 419 985 454 1
913 457 988 496 1
909 498 990 533 1
909 538 989 575 1
908 254 992 291 1
911 295 987 334 1
737 254 812 291 1
654 255 724 293 1
471 256 551 293 1
386 257 459 295 1
646 212 729 252 1
738 217 809 254 1
646 176 720 213 1
640 134 717 173 1
464 420 545 457 1
463 462 542 496 1
468 587 548 626 1
469 628 549 665 1
465 667 551 703 1
381 668 462 706 1
470 704 551 719 1
384 708 463 719 1
652 666 733 704 1
741 662 816 702 1
737 706 815 719 1
656 707 733 719 1
915 699 996 719 1
911 659 990 695 1
922 620 986 654 1
907 214 980 253 1
907 176 980 215 1
908 137 983 175 1
902 100 979 136 1
897 60 976 99 1
902 22 978 59 1
902 0 978 21 1
204 709 272 719 1
200 671 280 705 1
194 628 273 665 1
215 588 287 622 1
203 548 283 583 1
200 505 276 540 1
198 463 278 500 1
193 423 278 459 1
193 380 276 415 1
386 218 461 257 1
471 213 547 254 1
251 283 290 365 1
254 199 291 277 1
253 107 292 193 1
261 31 300 104 1
262 0 302 18 1
383 175 464 213 1
473 174 539 210 1
470 138 544 174 1
389 139 462 173 1
468 97 546 134 1
384 96 465 137 1
385 57 462 96 1
472 56 539 95 1
472 15 547 56 1
388 22 462 59 1
381 0 459 23 1
465 0 537 22 1
644 0 723 21 1
729 0 809 21 1
742 21 813 56 1
736 56 815 93 1
738 94 813 130 1
743 133 815 169 1
742 173 816 211 1
645 93 719 131 1
645 56 723 91 1
647 21 712 57 1
