329 7 409 44 1
344 50 410 85 1
325 86 412 128 1
324 133 411 168 1
330 176 406 211 1
336 219 420 255 1
334 260 415 298 1
333 301 411 338 1
325 346 408 383 1
325 385 412 422 1
351 470 430 506 1
344 550 434 591 1
556 2 640 36 1
555 41 637 79 1
555 89 631 126 1
558 130 638 167 1
565 170 647 206 1
575 212 655 247 1
577 251 658 288 1
576 291 653 326 1
568 332 654 372 1
569 376 648 413 1
572 415 651 455 1
585 453 662 494 1
583 498 657 538 1
589 582 652 619 1
653 0 687 40 1
657 44 693 125 1
659 134 697 216 1
664 221 698 296 1
663 306 699 385 1
666 393 702 470 1
671 476 702 551 1
786 0 861 33 1
778 38 858 75 1
777 79 858 114 1
780 117 866 157 1
779 161 860 200 1
779 200 864 237 1
783 242 865 277 1
785 283 865 316 1
785 323 861 360 1
793 365 873 401 1
804 404 885 442 1
806 445 872 481 1
356 593 439 631 1
333 421 430 462 1
675 559 710 646 1
587 618 674 667 1
360 632 429 673 1
590 541 655 576 1
598 664 669 707 1
356 674 438 714 1
681 653 717 719 1
795 606 876 647 1
797 648 875 690 1
813 684 888 719 1
805 484 882 523 1
787 528 865 567 1
792 572 873 606 1
362 513 428 546 1
