835 348 879 414 1
793 367 844 442 1
755 371 801 455 1
712 374 761 450 1
674 384 722 459 1
643 402 683 469 1
596 405 637 470 1
557 415 605 491 1
516 429 563 498 1
477 451 530 525 1
445 464 491 540 1
400 465 450 546 1
357 481 403 552 1
315 488 364 569 1
271 499 320 581 1
229 511 281 597 1
185 534 242 614 1
143 545 197 625 1
104 569 155 637 1
49 567 113 651 1
6 576 62 660 1
821 584 874 659 1
776 585 826 660 1
741 599 787 674 1
703 610 747 689 1
663 630 712 702 1
624 644 673 719 1
588 656 635 719 1
546 669 588 719 1
504 675 543 719 1
803 656 867 703 1
728 675 793 719 1
