859 205 903 272 1
817 225 867 299 1
777 229 827 313 1
736 233 786 309 1
696 242 743 315 1
665 262 707 328 1
622 265 662 327 1
583 273 629 347 1
540 288 589 353 1
506 307 554 382 1
470 321 517 398 1
426 325 474 400 1
385 337 431 407 1
341 344 391 426 1
300 357 348 436 1
255 371 309 453 1
212 390 271 467 1
172 404 226 479 1
133 427 184 494 1
78 421 143 506 1
35 431 96 516 1
0 447 47 523 1
847 437 903 516 1
803 444 853 520 1
768 459 816 532 1
728 467 776 545 1
689 485 740 560 1
654 502 701 579 1
616 512 664 589 1
573 522 622 597 1
532 530 580 612 1
492 548 546 627 1
451 563 505 650 1
409 570 459 652 1
365 581 422 664 1
322 599 378 684 1
281 610 336 697 1
239 618 296 706 1
194 630 251 719 1
148 643 196 719 1
102 659 158 719 1
59 681 107 719 1
831 517 898 561 1
754 535 826 583 1
676 566 752 618 1
590 593 670 647 1
505 621 580 676 1
436 652 499 700 1
347 674 431 719 1
966 586 1022 665 1
928 606 979 685 1
898 628 949 706 1
860 642 908 719 1
821 652 867 719 1
788 661 834 719 1
749 670 792 719 1
