1041 420 1118 456 1
848 5 885 86 1
850 109 892 195 1
848 220 888 308 1
844 323 884 408 1
836 437 874 519 1
652 51 717 90 1
640 174 719 212 1
638 297 713 330 1
644 338 715 375 1
643 377 721 414 1
639 419 719 455 1
634 464 716 495 1
634 501 717 535 1
628 543 714 580 1
629 587 709 622 1
624 625 708 659 1
628 664 704 701 1
623 701 709 719 1
466 8 546 64 1
462 90 544 149 1
459 385 538 439 1
458 598 530 649 1
454 641 531 691 1
452 682 530 719 1
292 665 368 719 1
298 622 364 674 1
302 578 369 627 1
297 530 368 583 1
290 485 361 532 1
294 436 370 488 1
308 394 373 438 1
305 336 381 393 1
289 284 375 343 1
298 241 378 301 1
302 195 384 256 1
299 150 383 205 1
303 108 385 155 1
312 51 385 108 1
307 5 388 55 1
