599 163 654 273 1
574 490 631 610 1
540 154 593 266 1
636 495 695 616 1
481 145 531 256 1
668 173 722 285 1
728 180 777 290 1
784 180 839 299 1
839 178 899 305 1
906 191 960 301 1
966 201 1024 320 1
1024 202 1083 300 1
1084 199 1137 322 1
1143 205 1198 313 1
419 138 474 254 1
353 131 416 252 1
297 144 353 249 1
235 132 299 249 1
173 138 235 255 1
116 136 181 252 1
61 123 128 238 1
0 123 62 242 1
1249 217 1279 320 1
1115 542 1178 669 1
1000 513 1065 641 1
883 507 943 629 1
820 513 880 630 1
759 510 820 626 1
703 494 755 600 1
510 489 569 602 1
453 477 509 597 1
388 480 448 600 1
322 472 381 595 1
267 469 320 579 1
208 466 266 575 1
140 453 208 573 1
86 470 148 565 1
26 451 94 564 1
0 428 33 546 1
