610 365 651 460 1
655 361 700 458 1
841 112 888 202 1
795 100 842 194 1
750 93 790 180 1
703 83 743 176 1
659 93 698 184 1
606 97 646 198 1
561 358 606 452 1
510 366 555 459 1
152 266 248 307 1
892 102 932 190 1
760 615 798 701 1
616 630 655 705 1
474 618 516 705 1
424 617 465 705 1
150 409 247 447 1
167 603 254 645 1
151 218 245 262 1
165 315 248 353 1
156 363 248 403 1
150 456 247 498 1
163 506 249 542 1
161 553 255 595 1
981 100 1024 195 1
1025 99 1072 179 1
1107 100 1161 181 1
1197 92 1246 181 1
1246 99 1279 187 1
1059 245 1158 293 1
1262 356 1279 446 1
1213 354 1260 437 1
1166 349 1215 446 1
1122 354 1168 446 1
1081 358 1124 447 1
1037 357 1085 445 1
991 355 1032 440 1
944 352 987 442 1
896 350 946 439 1
855 350 894 441 1
804 346 849 442 1
757 359 798 447 1
710 354 751 451 1
1131 602 1178 700 1
1176 598 1224 695 1
1224 593 1273 693 1
1040 601 1083 698 1
1086 597 1128 680 1
996 605 1036 696 1
951 609 993 698 1
904 604 946 696 1
858 614 899 707 1
806 614 847 711 1
571 620 610 712 1
521 610 563 698 1
665 616 706 709 1
715 620 754 711 1
