670 215 704 299 1
631 226 666 307 1
545 218 582 301 1
672 312 708 395 1
626 506 659 574 1
585 505 621 585 1
542 502 576 572 1
497 503 532 583 1
590 590 625 663 1
793 226 832 304 1
635 38 670 118 1
693 36 729 111 1
500 229 535 308 1
499 314 533 392 1
587 217 622 303 1
753 224 792 298 1
713 218 749 294 1
668 500 704 583 1
629 592 662 675 1
757 311 794 396 1
714 496 750 585 1
755 506 790 587 1
872 42 912 124 1
810 45 847 124 1
801 317 837 392 1
717 316 752 398 1
630 317 664 401 1
586 307 620 392 1
545 311 582 392 1
671 597 711 676 1
716 600 752 674 1
756 596 794 671 1
800 590 836 673 1
840 595 877 672 1
880 591 917 670 1
800 503 835 585 1
841 499 877 582 1
882 503 916 583 1
922 506 960 583 1
924 598 962 673 1
965 594 1000 665 1
961 498 1003 584 1
1002 497 1041 573 1
1042 496 1082 573 1
1003 589 1040 664 1
1043 586 1088 665 1
1083 492 1122 567 1
1086 589 1121 664 1
1123 588 1164 663 1
1164 591 1204 665 1
1203 585 1250 667 1
1250 590 1279 673 1
1123 501 1163 569 1
1163 504 1205 583 1
1200 497 1246 578 1
1241 497 1279 581 1
925 44 963 127 1
966 38 1001 116 1
1004 40 1040 119 1
1042 46 1079 127 1
1083 52 1121 128 1
1123 49 1160 127 1
1163 49 1206 132 1
1239 230 1279 310 1
1238 316 1279 392 1
1195 232 1240 310 1
1199 322 1238 398 1
1158 328 1199 394 1
1157 237 1195 300 1
1116 229 1157 304 1
1120 316 1159 397 1
1076 228 1115 307 1
1082 311 1120 387 1
1036 222 1075 302 1
1042 318 1082 395 1
1000 227 1037 306 1
1003 318 1043 396 1
962 225 997 301 1
963 309 1000 392 1
921 221 959 299 1
924 311 961 394 1
877 218 917 300 1
882 317 918 391 1
841 312 879 392 1
569 38 606 119 1
511 31 547 112 1
451 38 485 123 1
389 44 424 127 1
301 45 360 128 1
294 185 375 223 1
288 246 368 284 1
292 362 371 396 1
291 480 375 516 1
292 538 380 571 1
285 596 369 635 1
309 659 388 696 1
1265 57 1279 130 1
