1127 499 1236 552 1
1118 441 1230 495 1
1104 387 1221 434 1
1103 329 1222 380 1
965 277 1080 331 1
979 451 1088 498 1
1096 215 1213 263 1
1091 157 1200 208 1
967 161 1067 211 1
950 49 1070 103 1
938 0 1059 42 1
688 4 787 59 1
705 64 797 119 1
692 176 800 229 1
686 239 795 291 1
716 299 804 342 1
708 354 823 403 1
708 471 820 525 1
560 363 677 411 1
552 249 672 299 1
273 100 391 148 1
280 31 399 88 1
36 61 139 108 1
45 113 152 159 1
48 167 153 215 1
52 227 152 276 1
52 282 154 327 1
303 452 405 497 1
547 15 661 73 1
