1036 440 1109 479 1
841 27 877 110 1
848 132 884 219 1
843 246 879 334 1
838 345 873 431 1
833 460 865 545 1
644 74 709 115 1
637 195 711 237 1
629 318 707 356 1
637 362 708 395 1
636 400 712 437 1
633 445 710 479 1
631 482 705 520 1
627 523 709 559 1
621 566 704 602 1
620 608 700 645 1
617 646 699 683 1
622 690 698 719 1
458 36 538 91 1
452 113 539 176 1
451 408 530 465 1
450 622 522 672 1
446 665 523 717 1
300 0 378 37 1
301 31 382 82 1
300 76 379 136 1
293 127 377 182 1
294 170 378 232 1
295 224 376 283 1
287 264 371 329 1
288 306 369 371 1
288 356 374 419 1
297 419 367 468 1
287 463 363 512 1
280 509 352 554 1
290 556 359 608 1
285 605 361 653 1
283 648 357 701 1
283 692 363 719 1
841 0 884 22 1
