412 701 502 719 1
514 297 577 389 1
565 310 625 399 1
625 318 679 400 1
681 305 735 397 1
736 324 791 410 1
834 333 901 431 1
898 325 952 408 1
945 327 1001 419 1
1001 314 1067 421 1
1160 326 1222 422 1
1214 324 1274 421 1
1146 144 1206 234 1
1094 138 1149 228 1
1054 142 1109 231 1
1007 136 1065 226 1
814 131 871 213 1
768 134 825 227 1
724 128 771 208 1
651 14 693 123 1
652 0 690 14 1
711 0 750 19 1
810 0 855 15 1
861 0 905 28 1
909 0 951 25 1
957 0 1004 32 1
1005 0 1045 32 1
1049 0 1091 29 1
1092 0 1136 31 1
1138 0 1185 49 1
1184 0 1233 34 1
1233 0 1279 37 1
