514 167 548 242 1
556 171 595 252 1
517 248 554 329 1
478 256 512 335 1
599 537 637 611 1
556 533 592 610 1
645 258 680 340 1
640 168 674 242 1
600 168 635 250 1
605 254 639 342 1
643 532 678 609 1
680 166 717 244 1
725 169 761 245 1
726 245 765 330 1
681 258 720 338 1
683 444 717 520 1
725 443 764 522 1
726 530 762 615 1
480 177 510 242 1
562 255 595 339 1
768 165 801 243 1
771 253 807 333 1
814 256 845 333 1
851 254 887 337 1
893 254 928 335 1
808 166 846 249 1
848 163 885 240 1
888 169 925 236 1
643 444 678 522 1
601 445 634 527 1
687 535 719 610 1
930 259 969 342 1
771 444 804 524 1
812 444 846 523 1
853 441 887 522 1
891 445 930 526 1
932 444 972 528 1
970 447 1007 524 1
1010 405 1047 478 1
1052 439 1093 518 1
1091 438 1125 515 1
1129 434 1171 511 1
1171 441 1210 514 1
1210 439 1255 522 1
1247 443 1279 510 1
1018 351 1097 384 1
974 260 1009 337 1
1012 263 1047 341 1
1049 264 1090 341 1
1089 265 1128 335 1
1125 265 1161 338 1
1161 259 1204 339 1
1201 264 1245 335 1
1242 263 1279 341 1
1240 180 1279 255 1
1202 179 1245 254 1
1161 177 1202 256 1
1124 183 1162 254 1
1085 178 1131 254 1
1044 180 1088 256 1
1007 177 1046 250 1
968 170 1008 247 1
928 170 967 246 1
439 169 473 249 1
435 254 470 332 1
395 172 430 249 1
392 259 426 340 1
351 267 388 335 1
354 176 392 240 1
309 170 351 246 1
312 256 348 337 1
274 251 309 328 1
269 170 309 246 1
231 166 269 243 1
191 172 232 249 1
230 258 271 335 1
153 172 191 245 1
190 261 229 336 1
152 252 190 332 1
114 253 152 336 1
115 168 152 243 1
70 167 113 245 1
0 174 35 251 1
69 260 110 333 1
33 254 75 334 1
0 260 33 333 1
12 0 56 78 1
72 0 116 75 1
123 0 168 77 1
169 0 210 62 1
211 0 247 67 1
247 0 288 72 1
292 0 328 69 1
333 0 366 67 1
370 0 408 74 1
477 0 512 69 1
518 0 550 69 1
558 0 591 61 1
601 0 632 68 1
643 0 678 63 1
684 5 719 75 1
725 0 755 71 1
770 0 802 71 1
806 0 841 66 1
845 0 882 67 1
886 0 922 66 1
934 45 1016 82 1
1023 49 1098 84 1
1106 45 1195 85 1
1195 54 1272 89 1
1253 539 1279 614 1
1253 678 1279 719 1
1213 533 1254 614 1
1169 533 1213 612 1
1130 541 1173 614 1
1091 537 1130 613 1
1051 532 1088 607 1
1011 530 1049 607 1
971 529 1013 606 1
932 535 968 613 1
892 538 931 609 1
851 532 891 617 1
810 528 846 610 1
766 532 804 618 1
556 448 592 526 1
514 442 550 526 1
470 444 510 524 1
471 534 509 614 1
513 532 550 614 1
429 440 469 524 1
429 537 467 619 1
410 658 498 696 1
1208 703 1249 719 1
384 440 425 522 1
387 530 426 613 1
347 445 383 527 1
346 534 384 609 1
306 442 344 510 1
306 532 344 606 1
268 433 305 509 1
264 531 304 608 1
226 437 267 515 1
224 528 264 604 1
185 438 224 513 1
186 528 224 604 1
140 437 184 519 1
147 532 185 601 1
104 443 143 516 1
109 533 148 609 1
62 440 105 518 1
64 525 106 608 1
22 525 62 605 1
0 521 22 609 1
21 435 67 517 1
0 436 25 518 1
1166 704 1205 719 1
1129 708 1164 719 1
1085 703 1127 719 1
1050 705 1082 719 1
1007 706 1044 719 1
970 708 1004 719 1
927 708 960 719 1
886 709 917 719 1
846 706 880 719 1
808 708 837 719 1
765 707 800 719 1
722 707 759 719 1
681 709 715 719 1
599 710 638 719 1
559 709 595 719 1
474 713 511 719 1
514 709 549 719 1
431 709 466 719 1
394 702 428 719 1
346 706 381 719 1
308 708 343 719 1
265 705 300 719 1
224 701 263 719 1
185 701 221 719 1
144 701 183 719 1
104 704 141 719 1
64 707 98 719 1
17 704 58 719 1
0 700 15 719 1
