452 606 548 654 1
436 555 550 608 1
316 560 428 616 1
72 637 200 693 1
662 599 777 648 1
682 651 798 704 1
59 517 189 572 1
303 441 419 494 1
431 431 547 486 1
436 494 551 549 1
309 500 424 548 1
680 537 791 587 1
672 482 785 529 1
668 421 785 476 1
57 459 183 511 1
449 664 564 718 1
328 622 434 678 1
58 579 175 637 1
0 464 57 518 1
0 525 58 579 1
0 587 60 642 1
871 376 979 461 1
898 471 993 545 1
904 538 988 609 1
878 591 987 677 1
883 653 987 719 1
72 691 194 719 1
898 90 976 200 1
774 120 888 175 1
647 117 758 174 1
663 66 755 113 1
646 7 748 66 1
395 20 515 74 1
278 0 393 31 1
35 0 159 46 1
419 78 508 130 1
285 89 401 146 1
47 101 174 160 1
0 106 48 161 1
61 162 175 217 1
0 168 51 222 1
283 146 402 203 1
403 139 522 201 1
