727 131 844 182 1
736 189 847 241 1
740 300 856 356 1
625 297 739 350 1
598 359 726 413 1
735 363 847 413 1
351 340 479 395 1
221 339 325 385 1
744 32 854 85 1
630 75 743 129 1
753 0 859 34 1
636 0 740 33 1
972 5 1088 57 1
1093 2 1180 49 1
1082 52 1182 98 1
1066 100 1175 149 1
1080 152 1183 203 1
1083 206 1186 257 1
963 200 1076 250 1
1073 267 1180 319 1
1086 324 1172 371 1
1069 385 1181 433 1
964 323 1077 372 1
953 378 1070 425 1
0 88 78 143 1
0 332 61 378 1
195 627 316 681 1
343 632 463 689 1
187 690 316 719 1
331 694 452 719 1
589 646 711 702 1
713 652 829 708 1
946 657 1054 707 1
1065 659 1179 716 1
