838 24 881 107 1
833 131 872 198 1
837 207 877 287 1
822 435 861 514 1
813 538 855 618 1
805 639 845 716 1
603 674 672 717 1
599 508 675 552 1
613 462 688 503 1
634 345 697 380 1
621 384 694 420 1
618 46 697 87 1
628 95 709 133 1
632 138 710 174 1
620 174 699 214 1
616 214 688 250 1
606 256 682 294 1
621 299 689 338 1
530 0 610 32 1
285 0 362 49 1
287 45 364 103 1
288 101 360 151 1
281 144 359 196 1
276 192 364 246 1
275 240 356 294 1
273 288 360 343 1
270 335 348 392 1
260 376 342 433 1
261 438 346 491 1
258 485 345 535 1
254 530 337 587 1
245 568 331 627 1
246 625 334 673 1
246 668 335 719 1
458 75 535 129 1
459 125 530 170 1
441 167 522 216 1
441 213 522 260 1
440 333 511 383 1
439 376 518 427 1
418 634 494 683 1
