685 416 722 490 1
647 417 684 499 1
646 511 680 584 1
602 507 639 586 1
563 506 600 586 1
561 422 596 501 1
524 420 557 505 1
480 420 514 502 1
607 149 641 224 1
608 235 642 314 1
563 142 598 221 1
566 232 602 312 1
524 234 558 315 1
523 141 558 219 1
482 142 516 211 1
482 228 519 309 1
646 150 681 226 1
648 236 685 315 1
693 237 726 306 1
691 148 727 230 1
437 506 471 591 1
478 512 514 588 1
520 510 554 591 1
435 415 474 498 1
603 382 639 458 1
730 410 766 491 1
775 419 811 495 1
816 419 851 500 1
690 516 725 596 1
731 519 767 597 1
774 515 809 594 1
814 513 851 596 1
855 419 890 489 1
895 420 932 499 1
938 423 972 498 1
976 424 1012 503 1
1016 427 1053 499 1
1054 420 1092 496 1
1091 423 1129 499 1
1128 422 1169 502 1
1170 424 1208 501 1
1208 418 1256 501 1
1255 421 1279 496 1
856 519 893 596 1
896 507 932 592 1
934 516 973 591 1
975 522 1015 593 1
1018 517 1053 597 1
1052 510 1094 587 1
1096 508 1133 587 1
1133 505 1170 582 1
1170 508 1214 585 1
1215 504 1255 582 1
1254 514 1279 582 1
395 416 432 498 1
467 328 545 362 1
1163 343 1244 376 1
353 417 389 495 1
351 504 389 589 1
395 504 428 583 1
311 502 347 584 1
311 415 349 494 1
272 415 305 489 1
232 415 271 492 1
192 415 232 494 1
272 505 307 579 1
232 500 269 580 1
192 505 230 578 1
149 499 187 576 1
149 418 190 493 1
110 415 152 495 1
66 413 114 493 1
26 411 74 491 1
0 410 32 490 1
109 501 150 582 1
67 503 109 583 1
28 505 67 582 1
0 498 29 580 1
89 625 176 662 1
1250 684 1279 719 1
1210 688 1250 719 1
1171 687 1210 719 1
1131 698 1169 719 1
1093 693 1132 719 1
1049 684 1089 719 1
1013 687 1050 719 1
971 689 1007 719 1
932 688 970 719 1
890 696 924 719 1
851 678 887 719 1
807 685 847 719 1
769 687 801 719 1
726 693 762 719 1
684 687 720 719 1
644 689 677 719 1
604 688 637 719 1
562 688 593 719 1
513 689 550 719 1
474 687 508 719 1
436 684 469 719 1
393 687 428 719 1
312 679 349 719 1
269 679 307 719 1
229 690 267 719 1
189 677 227 719 1
141 679 187 719 1
105 679 145 719 1
58 679 103 719 1
19 678 63 719 1
0 671 27 719 1
1245 237 1279 318 1
732 151 767 225 1
729 234 763 310 1
775 232 807 313 1
816 235 851 308 1
855 235 893 315 1
894 228 931 304 1
936 234 973 315 1
974 240 1009 317 1
1014 239 1050 315 1
1051 239 1091 318 1
1091 245 1132 319 1
1129 247 1166 317 1
1166 241 1208 311 1
1207 241 1247 314 1
1241 166 1279 237 1
1201 158 1241 227 1
1163 157 1202 231 1
1126 167 1163 232 1
1085 161 1123 239 1
1046 152 1086 222 1
1009 154 1049 231 1
971 155 1009 232 1
932 157 970 228 1
892 145 929 220 1
852 152 888 228 1
814 148 851 226 1
773 146 808 229 1
442 138 477 214 1
438 229 476 310 1
400 229 436 308 1
402 142 439 222 1
359 142 396 219 1
359 229 397 307 1
319 219 355 304 1
321 145 358 218 1
275 144 316 219 1
274 234 314 312 1
237 236 275 313 1
239 147 275 218 1
196 147 240 227 1
198 230 237 313 1
162 149 201 230 1
161 233 197 314 1
118 147 159 219 1
120 226 159 303 1
82 234 119 308 1
83 158 124 218 1
45 149 88 225 1
37 231 81 306 1
0 150 45 227 1
0 236 39 315 1
0 0 20 56 1
82 0 125 54 1
126 0 165 55 1
167 0 204 43 1
205 0 244 46 1
244 0 282 45 1
287 0 323 56 1
326 0 362 48 1
365 0 401 48 1
405 0 441 48 1
446 0 482 44 1
489 0 523 41 1
538 18 619 56 1
630 19 704 53 1
715 14 798 55 1
805 24 878 63 1
897 22 961 60 1
974 21 1055 61 1
1073 26 1152 64 1
1154 26 1220 63 1
1232 33 1279 72 1
