209 107 274 140 1
271 111 338 141 1
425 107 498 138 1
515 106 583 138 1
596 107 659 140 1
711 112 777 147 1
1009 126 1069 159 1
1078 131 1141 163 1
1250 133 1279 166 1
1268 275 1279 323 1
1236 263 1269 325 1
1203 258 1237 324 1
1172 268 1206 325 1
1142 258 1174 319 1
1111 271 1140 309 1
1080 256 1110 319 1
1050 256 1078 319 1
1015 262 1050 330 1
981 252 1011 326 1
950 258 980 318 1
922 257 953 321 1
888 257 926 332 1
852 255 883 319 1
823 251 852 317 1
787 246 817 314 1
751 257 781 324 1
719 243 748 313 1
687 248 717 314 1
649 245 680 315 1
615 248 646 318 1
582 243 610 313 1
547 248 576 318 1
511 243 538 312 1
471 242 499 303 1
436 242 465 315 1
395 252 427 316 1
395 318 427 390 1
445 396 481 453 1
478 399 517 465 1
512 394 549 454 1
654 394 695 460 1
691 395 729 462 1
718 394 760 459 1
760 397 800 461 1
925 398 968 462 1
988 395 1031 462 1
1026 403 1063 464 1
1150 406 1193 465 1
1183 403 1227 467 1
1246 411 1279 471 1
310 512 352 578 1
343 520 385 584 1
378 528 418 590 1
420 519 458 592 1
451 531 495 597 1
529 531 572 596 1
572 528 612 591 1
610 530 649 600 1
650 522 698 595 1
767 526 813 589 1
804 523 852 589 1
883 527 931 589 1
1068 517 1125 588 1
1106 529 1150 586 1
1176 524 1231 586 1
1208 525 1264 591 1
1257 524 1279 583 1
