555 286 623 320 1
356 359 432 395 1
354 398 429 435 1
353 317 429 356 1
553 173 624 207 1
549 210 629 247 1
369 88 439 125 1
539 489 621 526 1
544 324 620 358 1
548 134 624 170 1
537 94 612 129 1
548 366 638 404 1
553 410 631 440 1
543 447 622 482 1
204 35 285 73 1
831 653 906 689 1
368 641 444 676 1
374 53 445 87 1
556 60 640 94 1
563 250 636 282 1
678 451 710 530 1
716 457 750 527 1
951 464 983 540 1
914 651 975 683 1
913 689 979 719 1
830 691 905 719 1
641 646 717 680 1
640 688 712 719 1
556 684 628 719 1
549 644 622 681 1
171 652 248 688 1
172 617 248 646 1
170 578 251 611 1
177 498 248 531 1
185 414 262 450 1
183 454 257 489 1
360 283 428 315 1
373 242 443 277 1
372 203 447 238 1
368 166 441 199 1
371 130 444 164 1
362 439 431 473 1
358 480 431 516 1
178 226 265 264 1
186 265 261 298 1
191 301 262 337 1
182 342 256 376 1
367 678 446 712 1
175 691 255 719 1
547 25 625 58 1
369 19 445 52 1
985 463 1019 540 1
1019 452 1056 530 1
1062 449 1100 527 1
755 454 790 525 1
794 451 828 532 1
834 446 870 528 1
877 451 907 531 1
912 455 944 531 1
636 454 669 537 1
1096 696 1174 719 1
1101 534 1181 568 1
1101 576 1172 609 1
1100 613 1177 650 1
1088 655 1165 692 1
163 538 252 572 1
209 73 277 107 1
198 115 265 148 1
191 154 262 186 1
187 190 261 222 1
212 4 284 35 1
377 0 444 17 1
548 0 621 22 1
