1024 495 1100 603 1
968 507 1031 602 1
923 506 981 596 1
857 508 922 601 1
743 507 811 595 1
696 490 753 599 1
639 506 693 594 1
580 494 641 586 1
526 481 591 576 1
745 305 795 388 1
794 309 849 407 1
842 304 897 390 1
1039 307 1098 404 1
1090 311 1145 406 1
1133 310 1188 402 1
1187 318 1246 406 1
1221 101 1279 199 1
1178 114 1225 206 1
1128 95 1177 192 1
1083 100 1129 192 1
1039 95 1081 193 1
987 96 1040 195 1
939 89 986 187 1
890 90 936 189 1
839 84 884 179 1
784 78 825 163 1
730 80 774 180 1
668 88 714 181 1
670 185 716 295 1
