703 641 784 678 1
520 479 601 516 1
707 598 782 633 1
799 597 872 632 1
790 639 876 673 1
525 399 600 435 1
799 514 879 550 1
711 517 784 554 1
792 474 870 511 1
703 478 779 513 1
708 439 781 473 1
791 433 866 469 1
787 397 861 433 1
704 397 782 432 1
520 356 594 393 1
303 604 342 674 1
299 509 338 594 1
520 317 594 350 1
524 237 600 274 1
527 197 597 236 1
708 357 782 393 1
789 354 867 392 1
788 313 863 349 1
700 314 782 352 1
702 276 777 311 1
711 559 786 594 1
806 558 875 594 1
525 564 602 600 1
522 602 604 640 1
441 605 514 640 1
436 565 514 601 1
434 525 514 559 1
523 521 603 556 1
431 484 504 519 1
523 442 602 476 1
440 443 518 478 1
434 320 505 354 1
431 360 510 396 1
442 401 512 435 1
516 273 597 311 1
442 280 514 313 1
437 154 517 193 1
525 156 595 192 1
438 198 511 234 1
433 239 511 275 1
307 244 343 322 1
297 336 335 407 1
299 412 339 488 1
309 693 347 719 1
793 270 859 308 1
789 232 863 268 1
709 233 784 271 1
702 190 777 228 1
787 193 864 229 1
705 681 774 719 1
803 677 876 713 1
515 645 593 684 1
525 685 606 719 1
431 644 507 681 1
439 688 516 719 1
438 79 511 116 1
519 76 596 113 1
526 116 601 152 1
444 120 513 154 1
409 10 472 79 1
486 37 566 75 1
735 37 814 76 1
704 76 782 115 1
795 75 859 112 1
781 114 860 153 1
708 117 776 153 1
704 154 782 191 1
790 153 867 191 1
957 73 1034 112 1
953 114 1025 152 1
961 153 1031 190 1
961 190 1034 229 1
963 235 1036 273 1
958 276 1029 312 1
961 314 1037 351 1
960 355 1031 391 1
973 392 1037 426 1
970 431 1034 469 1
961 473 1044 506 1
965 512 1048 550 1
968 555 1047 591 1
965 591 1046 628 1
971 637 1047 671 1
969 674 1047 712 1
1035 61 1073 133 1
1073 66 1112 129 1
1116 68 1151 132 1
1151 72 1187 143 1
1180 20 1257 59 1
1182 0 1258 17 1
