862 242 908 342 1
909 252 954 345 1
956 246 996 346 1
641 44 739 89 1
322 39 416 83 1
414 43 509 84 1
770 47 860 92 1
598 250 643 342 1
600 351 644 448 1
719 460 770 550 1
764 454 816 535 1
1087 265 1131 353 1
817 249 856 348 1
762 245 805 338 1
709 240 748 327 1
657 241 700 343 1
1265 265 1279 367 1
880 54 962 101 1
1039 67 1125 114 1
1131 255 1180 343 1
1180 262 1222 348 1
1217 265 1263 351 1
1001 254 1043 342 1
1044 249 1089 344 1
672 456 721 535 1
957 453 1012 542 1
1005 455 1055 545 1
1044 454 1097 540 1
1098 459 1151 545 1
1257 646 1279 719 1
1153 630 1219 719 1
1100 633 1167 719 1
942 628 1014 719 1
890 643 950 719 1
842 640 898 719 1
784 645 846 719 1
676 646 740 719 1
631 630 683 719 1
571 643 628 719 1
522 634 577 719 1
471 624 530 709 1
