265 291 335 386 1
208 286 279 382 1
164 288 232 385 1
530 290 590 385 1
634 285 697 391 1
696 292 751 392 1
571 71 612 163 1
620 63 666 170 1
678 76 724 177 1
732 66 772 160 1
343 482 414 579 1
462 490 528 587 1
288 486 354 579 1
100 477 185 582 1
55 490 115 583 1
113 287 182 384 1
900 298 963 392 1
952 291 1014 390 1
1053 307 1110 397 1
1105 301 1162 395 1
1150 291 1212 384 1
1195 285 1263 386 1
1249 293 1279 386 1
1228 76 1277 175 1
1175 85 1229 179 1
1127 84 1175 172 1
1079 94 1124 169 1
1028 78 1073 171 1
979 71 1025 170 1
931 80 974 167 1
882 69 924 162 1
833 85 871 145 1
780 66 821 161 1
521 69 565 166 1
462 69 511 182 1
413 69 456 169 1
367 65 406 162 1
311 61 357 161 1
261 80 305 176 1
210 62 257 164 1
162 71 207 166 1
105 68 158 170 1
55 70 108 171 1
2 65 58 165 1
0 488 61 582 1
767 479 849 583 1
827 491 892 583 1
948 486 1020 579 1
1000 486 1074 581 1
1061 476 1141 572 1
1109 494 1180 580 1
1171 488 1239 582 1
1223 487 1279 584 1
