1052 140 1118 265 1
988 121 1046 238 1
930 153 982 264 1
863 144 918 266 1
801 121 856 258 1
735 134 796 256 1
670 142 724 261 1
604 139 658 257 1
546 137 598 246 1
484 124 539 246 1
425 121 479 230 1
364 96 420 221 1
295 120 354 247 1
232 115 290 240 1
176 108 236 227 1
0 109 61 212 1
919 491 975 619 1
856 485 909 611 1
793 479 842 603 1
718 486 773 611 1
655 484 713 599 1
589 488 641 595 1
523 484 581 613 1
396 481 454 607 1
331 480 388 605 1
272 450 329 570 1
209 451 268 572 1
151 445 211 560 1
34 442 95 555 1
0 439 34 566 1
