825 46 864 129 1
822 155 856 238 1
814 250 854 330 1
817 359 856 444 1
825 511 885 597 1
1006 666 1083 706 1
804 576 842 657 1
798 690 833 719 1
623 0 695 41 1
615 80 689 119 1
602 125 680 167 1
615 293 681 333 1
601 418 681 459 1
594 544 670 580 1
602 587 674 622 1
598 626 674 664 1
598 668 673 706 1
411 632 487 687 1
420 333 505 391 1
425 254 505 304 1
441 0 519 46 1
270 0 346 58 1
268 56 348 110 1
269 104 354 160 1
261 150 343 203 1
261 190 340 250 1
262 244 344 294 1
262 288 342 351 1
262 349 337 399 1
255 390 339 450 1
252 441 337 501 1
246 481 328 545 1
242 528 327 588 1
251 581 332 638 1
258 640 324 690 1
240 682 319 719 1
