817 376 863 445 1
777 398 826 472 1
733 401 784 483 1
693 402 742 482 1
651 415 701 488 1
623 434 662 498 1
574 435 614 497 1
537 442 583 520 1
496 459 540 524 1
458 479 508 554 1
417 493 466 569 1
375 494 425 573 1
332 502 379 580 1
287 513 340 595 1
244 526 294 609 1
198 538 253 622 1
157 557 214 640 1
115 569 167 652 1
71 593 126 663 1
12 591 82 678 1
0 599 33 684 1
801 615 852 698 1
757 617 807 698 1
722 632 768 708 1
680 639 726 719 1
642 658 686 719 1
602 674 643 719 1
563 687 604 719 1
779 690 851 719 1
