1095 329 1165 370 1
0 352 34 435 1
885 347 925 426 1
895 233 935 315 1
901 129 940 214 1
905 19 943 107 1
696 75 774 118 1
689 199 765 239 1
696 244 769 278 1
696 283 772 320 1
696 324 770 359 1
690 365 765 402 1
688 406 768 444 1
681 448 765 482 1
683 489 761 523 1
679 528 758 564 1
679 568 756 606 1
680 608 759 647 1
669 652 749 688 1
505 586 580 638 1
506 544 580 594 1
510 502 582 552 1
514 288 586 340 1
518 0 600 52 1
358 7 440 58 1
355 53 441 108 1
357 99 437 158 1
349 144 431 205 1
350 187 429 249 1
358 237 435 297 1
355 291 427 342 1
348 339 422 391 1
345 388 416 431 1
353 435 421 485 1
351 482 426 533 1
350 526 413 576 1
340 570 420 624 1
334 615 414 669 1
354 672 421 715 1
