664 143 733 214 1
745 172 818 239 1
724 206 794 272 1
630 168 699 236 1
666 260 735 327 1
571 226 639 295 1
517 290 584 358 1
540 253 616 325 1
605 314 674 382 1
576 347 648 414 1
217 1 285 53 1
163 43 228 109 1
533 20 594 81 1
504 45 568 109 1
470 72 540 142 1
413 127 479 193 1
355 70 414 135 1
442 504 508 568 1
472 469 543 538 1
494 436 563 503 1
523 405 592 473 1
546 374 613 445 1
485 319 554 387 1
458 349 523 413 1
642 289 702 351 1
693 231 761 299 1
690 121 753 183 1
720 93 787 159 1
787 152 844 211 1
606 204 673 268 1
427 376 494 440 1
440 0 508 51 1
408 18 475 83 1
383 51 448 110 1
302 139 362 195 1
320 99 388 167 1
358 190 423 255 1
382 157 450 222 1
268 163 337 231 1
439 97 513 165 1
82 112 159 183 1
26 184 94 243 1
0 247 34 305 1
483 0 540 31 1
562 0 625 61 1
599 0 652 27 1
690 0 733 22 1
516 140 582 201 1
861 0 926 61 1
895 0 951 34 1
944 31 1007 99 1
992 128 1056 195 1
1009 93 1078 159 1
1050 185 1117 251 1
1072 155 1141 218 1
1103 130 1168 192 1
1035 68 1103 133 1
1063 46 1130 110 1
1088 16 1159 82 1
1108 0 1183 52 1
1156 0 1212 30 1
1223 0 1279 57 1
1199 22 1259 74 1
1173 45 1250 114 1
1151 79 1216 138 1
1125 103 1196 168 1
1251 230 1279 280 1
1232 266 1279 333 1
1208 291 1279 360 1
1186 320 1251 383 1
1161 344 1223 407 1
1137 370 1197 435 1
1110 396 1171 462 1
1030 410 1087 476 1
1008 384 1065 444 1
983 349 1036 409 1
952 321 1013 387 1
907 270 978 338 1
876 294 941 362 1
855 330 916 392 1
824 357 890 424 1
793 388 857 454 1
232 187 296 247 1
297 245 367 314 1
327 221 395 290 1
205 216 275 285 1
269 274 338 344 1
241 309 309 376 1
178 246 247 316 1
153 278 219 344 1
211 337 281 402 1
115 300 183 368 1
173 359 243 427 1
247 456 317 528 1
92 335 161 403 1
152 395 225 465 1
60 363 134 431 1
127 424 188 487 1
29 393 107 463 1
95 451 166 522 1
140 510 210 584 1
64 485 132 552 1
39 515 106 576 1
3 425 74 490 1
0 454 46 525 1
0 521 15 548 1
4 549 80 614 1
0 575 49 643 1
0 630 22 673 1
404 408 468 471 1
373 436 441 507 1
341 461 412 532 1
313 490 382 561 1
376 555 450 626 1
414 530 476 594 1
282 520 346 582 1
356 589 425 656 1
321 614 397 684 1
294 642 367 710 1
189 604 261 677 1
230 579 293 646 1
254 550 325 623 1
167 639 233 706 1
267 678 340 719 1
238 702 277 719 1
135 667 210 719 1
113 704 153 719 1
762 412 827 481 1
735 444 803 517 1
707 474 768 540 1
687 512 747 568 1
656 536 715 598 1
621 560 694 633 1
595 588 666 664 1
565 622 635 693 1
536 648 607 719 1
513 684 571 719 1
483 706 516 719 1
770 85 838 158 1
