441 148 484 246 1
386 148 430 237 1
336 133 381 231 1
287 135 332 238 1
80 140 130 235 1
30 132 82 234 1
298 359 366 460 1
243 347 309 458 1
36 550 109 645 1
101 541 173 640 1
139 560 218 659 1
216 562 279 650 1
265 561 337 654 1
329 561 407 662 1
394 576 458 662 1
445 573 521 676 1
521 556 584 652 1
572 567 636 654 1
634 579 693 674 1
181 145 230 235 1
230 145 280 245 1
133 155 179 233 1
540 6 648 58 1
517 273 564 380 1
0 358 55 457 1
0 553 57 645 1
0 144 27 234 1
91 374 157 467 1
145 366 207 462 1
195 357 257 455 1
