1110 692 1231 719 1
977 644 1086 701 1
1107 580 1221 631 1
1102 521 1213 574 1
975 528 1076 579 1
960 422 1080 470 1
949 359 1069 406 1
945 298 1063 348 1
1080 290 1198 340 1
1081 7 1191 63 1
955 3 1069 64 1
705 375 800 423 1
713 435 805 484 1
699 550 811 600 1
699 608 807 663 1
724 668 816 715 1
563 616 678 673 1
558 386 671 436 1
568 333 662 378 1
221 145 333 200 1
286 398 404 454 1
281 469 398 517 1
322 639 428 683 1
66 642 166 697 1
60 591 161 641 1
59 535 162 583 1
55 478 156 527 1
41 430 144 475 1
