448 495 544 543 1
432 444 546 497 1
312 449 424 505 1
68 526 196 582 1
87 585 195 636 1
84 636 197 685 1
658 488 773 537 1
678 540 794 593 1
695 598 798 649 1
689 651 804 701 1
896 620 992 706 1
880 544 984 641 1
874 483 984 572 1
896 428 980 508 1
888 363 982 444 1
866 264 970 370 1
61 467 175 523 1
1 479 60 526 1
55 406 185 461 1
1 414 57 464 1
1 350 61 410 1
299 330 415 383 1
427 320 543 375 1
432 383 547 438 1
305 389 420 437 1
676 426 787 476 1
668 371 781 418 1
664 310 781 365 1
53 348 179 400 1
445 553 560 607 1
435 609 557 664 1
458 667 552 719 1
304 670 437 719 1
69 685 200 719 1
324 511 430 567 1
768 19 878 73 1
642 13 754 70 1
877 0 969 74 1
400 34 518 93 1
282 42 400 98 1
285 0 401 43 1
417 0 510 32 1
48 0 182 53 1
0 0 49 57 1
60 56 175 118 1
0 66 51 122 1
