646 360 720 395 1
563 357 635 394 1
558 321 637 357 1
643 320 721 355 1
646 283 716 316 1
557 282 630 317 1
938 678 1007 711 1
840 680 916 718 1
932 640 1000 672 1
928 598 1001 638 1
831 444 906 480 1
837 404 900 438 1
920 362 994 395 1
922 322 992 358 1
913 287 980 322 1
829 328 895 359 1
1104 402 1182 437 1
1104 439 1184 477 1
1103 481 1185 515 1
1104 522 1172 554 1
1103 559 1185 593 1
1102 596 1181 634 1
1102 635 1178 671 1
1111 675 1180 709 1
385 519 458 554 1
645 443 723 477 1
645 403 724 437 1
559 402 637 437 1
560 441 636 475 1
823 287 901 323 1
834 363 911 398 1
653 484 732 519 1
657 523 731 555 1
562 479 640 517 1
569 521 645 557 1
559 564 634 598 1
566 601 641 640 1
647 640 728 676 1
564 656 641 693 1
659 601 737 635 1
655 558 730 595 1
384 560 450 595 1
379 600 450 635 1
375 681 448 717 1
182 624 258 661 1
182 582 259 618 1
190 545 263 577 1
554 240 626 275 1
645 240 718 277 1
829 245 896 281 1
931 210 995 244 1
834 206 894 241 1
1098 212 1171 244 1
175 665 252 703 1
185 705 269 719 1
376 483 457 517 1
377 443 458 476 1
380 401 456 438 1
379 362 453 399 1
374 324 454 359 1
365 639 436 674 1
175 505 255 541 1
175 465 259 499 1
174 424 252 461 1
190 384 265 420 1
176 348 255 381 1
198 305 266 341 1
178 269 254 301 1
378 282 455 317 1
378 245 451 278 1
376 204 451 239 1
381 165 454 200 1
371 125 442 162 1
365 86 442 122 1
371 49 444 85 1
380 13 451 49 1
383 0 451 15 1
192 2 264 40 1
174 37 253 75 1
181 76 257 114 1
176 113 254 151 1
172 155 248 190 1
172 195 247 227 1
552 201 625 238 1
639 199 713 237 1
632 164 705 196 1
558 161 625 198 1
554 124 626 160 1
633 124 711 162 1
644 88 712 123 1
639 47 712 85 1
638 12 709 47 1
546 10 621 49 1
556 51 630 87 1
643 0 715 10 1
554 0 628 9 1
822 0 899 16 1
908 0 979 17 1
913 19 989 57 1
826 14 905 52 1
821 52 898 87 1
919 58 988 96 1
830 170 905 205 1
819 87 893 123 1
835 130 908 166 1
924 134 997 169 1
926 171 1002 206 1
1100 168 1173 202 1
1100 132 1170 166 1
1087 93 1164 129 1
1082 60 1155 93 1
1079 16 1151 56 1
1079 0 1151 18 1
648 681 730 714 1
