827 29 910 71 1
838 77 921 115 1
848 115 926 154 1
850 159 928 191 1
851 198 934 236 1
850 237 926 271 1
845 275 923 310 1
872 315 954 352 1
843 359 920 392 1
865 398 951 437 1
863 442 945 478 1
862 482 935 519 1
859 522 933 557 1
865 559 944 599 1
865 602 939 639 1
865 642 949 679 1
870 683 955 719 1
728 118 759 194 1
729 197 762 273 1
738 276 774 358 1
741 364 776 448 1
744 454 776 537 1
747 539 780 610 1
748 613 785 694 1
647 106 723 152 1
641 160 717 193 1
643 198 719 235 1
642 242 723 275 1
648 282 726 318 1
654 323 736 358 1
656 364 731 400 1
651 408 727 444 1
649 450 733 485 1
655 488 734 526 1
659 529 741 568 1
652 572 737 609 1
651 608 735 649 1
655 651 737 696 1
654 693 743 719 1
412 32 484 73 1
422 79 500 120 1
418 120 503 161 1
407 163 488 203 1
407 206 485 242 1
417 245 486 285 1
410 292 476 326 1
407 331 485 365 1
413 375 480 411 1
421 414 500 450 1
427 455 505 492 1
419 496 495 536 1
418 543 495 576 1
416 580 497 617 1
420 624 499 660 1
422 663 503 703 1
428 702 509 719 1
