845 346 894 413 1
804 368 856 440 1
763 371 814 457 1
720 373 775 450 1
684 382 731 459 1
654 406 695 471 1
609 411 651 476 1
569 417 617 497 1
527 433 576 500 1
494 451 543 529 1
455 466 504 544 1
412 472 458 549 1
371 483 418 557 1
328 492 378 572 1
283 505 333 587 1
243 518 296 602 1
199 540 255 619 1
158 551 211 630 1
119 575 168 644 1
66 574 130 658 1
21 580 80 667 1
0 597 35 675 1
834 581 888 664 1
791 587 839 666 1
755 601 802 679 1
714 611 762 692 1
679 628 725 709 1
640 647 689 719 1
600 660 647 719 1
560 667 603 719 1
514 678 557 719 1
743 679 811 719 1
817 659 885 706 1
