510 93 565 209 1
573 117 632 237 1
641 111 700 238 1
773 107 824 233 1
834 108 885 214 1
894 101 954 214 1
953 106 1016 222 1
1023 96 1080 208 1
1082 102 1150 214 1
1143 102 1213 221 1
1226 417 1279 539 1
1149 425 1220 547 1
1093 441 1156 539 1
1032 412 1095 535 1
973 440 1031 556 1
910 431 966 557 1
845 441 902 569 1
779 447 832 573 1
709 409 771 605 1
523 454 577 579 1
460 431 514 554 1
260 461 317 591 1
137 436 201 570 1
15 440 80 567 1
0 451 14 564 1
449 100 502 214 1
390 98 444 213 1
270 105 321 218 1
204 108 264 232 1
142 119 204 217 1
83 124 148 242 1
20 125 81 232 1
0 121 19 242 1
