822 139 901 180 1
827 181 906 219 1
842 220 917 256 1
835 262 914 298 1
836 301 917 335 1
840 337 924 379 1
841 382 922 419 1
843 419 924 457 1
848 462 926 495 1
704 109 740 188 1
710 192 746 269 1
717 275 754 351 1
722 363 762 441 1
730 447 764 520 1
733 531 768 607 1
609 105 687 148 1
615 148 692 188 1
616 189 697 232 1
616 232 700 270 1
616 272 699 313 1
618 319 692 355 1
623 359 703 398 1
631 399 710 437 1
642 440 719 475 1
645 639 724 679 1
407 287 475 322 1
390 371 477 407 1
398 413 476 448 1
406 454 491 491 1
407 537 482 573 1
399 580 481 618 1
400 618 488 659 1
849 543 925 582 1
849 504 927 538 1
857 582 936 619 1
609 66 688 107 1
700 39 733 104 1
819 100 891 137 1
817 60 896 101 1
642 480 723 517 1
638 602 716 639 1
636 558 718 598 1
643 520 721 554 1
870 622 952 659 1
872 659 935 699 1
867 696 947 719 1
733 613 773 695 1
656 673 733 719 1
411 653 506 704 1
429 699 507 719 1
375 0 454 35 1
378 40 449 76 1
377 81 456 117 1
380 124 457 159 1
385 165 464 200 1
392 205 472 242 1
394 248 472 284 1
393 326 481 366 1
407 496 486 535 1
612 27 694 66 1
607 0 684 25 1
694 0 727 35 1
813 22 884 59 1
814 0 882 23 1
