509 664 584 700 1
595 660 674 696 1
866 548 938 586 1
777 556 858 591 1
788 508 861 545 1
321 631 396 666 1
788 661 854 693 1
874 656 956 691 1
594 422 671 454 1
326 550 404 583 1
231 589 302 621 1
591 381 670 417 1
315 467 392 505 1
322 432 392 465 1
873 422 950 455 1
871 462 950 497 1
874 504 940 539 1
785 385 857 421 1
269 409 304 484 1
277 496 308 568 1
318 588 392 623 1
232 628 313 663 1
239 671 305 702 1
317 669 392 703 1
321 392 393 423 1
314 349 389 386 1
312 309 381 345 1
314 273 384 306 1
491 223 566 261 1
590 222 661 258 1
589 262 658 294 1
493 263 569 303 1
500 304 569 338 1
587 298 668 335 1
315 510 393 540 1
1058 610 1125 643 1
1051 524 1130 561 1
1057 570 1130 604 1
780 305 854 341 1
783 342 854 376 1
86 539 126 614 1
90 627 128 704 1
496 385 578 420 1
503 625 582 661 1
590 620 670 659 1
592 580 670 618 1
505 586 578 619 1
597 543 664 579 1
502 546 589 585 1
500 502 582 540 1
585 505 667 541 1
589 460 671 497 1
498 466 574 500 1
510 423 577 459 1
592 343 669 378 1
509 349 579 382 1
857 223 934 260 1
865 264 940 299 1
863 305 942 341 1
868 344 947 375 1
873 382 950 418 1
781 467 862 502 1
779 429 852 460 1
1047 488 1129 522 1
1049 449 1125 485 1
1053 407 1124 444 1
1050 368 1130 405 1
1049 329 1125 368 1
1043 288 1128 326 1
1043 253 1121 287 1
1048 215 1120 253 1
1044 181 1122 215 1
1032 143 1112 179 1
1036 104 1098 140 1
1020 63 1096 99 1
1019 26 1089 65 1
1012 0 1096 27 1
842 0 920 33 1
838 32 914 69 1
841 69 909 105 1
845 108 921 144 1
847 144 928 183 1
856 185 918 218 1
775 264 855 300 1
763 227 837 264 1
766 186 841 221 1
762 149 830 185 1
765 110 830 147 1
760 70 829 107 1
754 35 834 71 1
751 0 826 32 1
582 0 654 31 1
583 30 654 65 1
578 65 656 104 1
582 104 652 142 1
572 142 654 181 1
582 183 654 218 1
492 187 560 222 1
491 147 564 183 1
495 110 570 144 1
493 72 567 108 1
482 31 556 70 1
501 0 573 31 1
322 6 395 40 1
309 40 381 79 1
318 80 397 116 1
327 115 391 152 1
316 154 388 191 1
310 193 392 227 1
309 232 387 268 1
158 107 234 143 1
149 69 222 105 1
153 29 223 64 1
1066 681 1138 719 1
782 701 861 719 1
878 696 948 719 1
595 697 669 719 1
506 703 580 719 1
