810 192 853 291 1
446 408 501 496 1
861 179 908 279 1
915 185 960 281 1
959 191 1007 285 1
1016 193 1076 303 1
1065 193 1111 290 1
1109 197 1154 283 1
1155 190 1201 293 1
1206 204 1260 301 1
1255 193 1279 281 1
1195 0 1279 45 1
749 0 846 23 1
573 0 664 20 1
453 0 552 13 1
317 0 424 20 1
78 0 187 24 1
0 0 84 23 1
395 409 454 507 1
347 404 399 491 1
664 402 725 499 1
719 402 775 503 1
761 400 823 498 1
825 406 883 501 1
1071 406 1131 500 1
1169 403 1229 499 1
1223 412 1279 505 1
759 174 802 277 1
710 180 752 277 1
657 175 700 280 1
603 181 650 283 1
550 173 596 276 1
498 180 542 285 1
441 175 487 275 1
384 172 429 262 1
330 177 375 283 1
267 187 318 283 1
263 288 316 396 1
1006 603 1079 698 1
888 596 959 698 1
836 601 902 695 1
651 595 729 707 1
593 610 653 710 1
539 608 601 700 1
474 610 536 707 1
358 608 421 697 1
306 592 364 695 1
244 604 304 697 1
193 596 257 686 1
143 584 205 676 1
