1226 495 1279 620 1
1107 463 1174 594 1
988 459 1052 581 1
928 462 986 583 1
867 459 929 579 1
805 444 861 551 1
743 448 800 571 1
680 441 735 560 1
615 440 670 557 1
550 428 605 555 1
486 433 543 554 1
417 427 472 551 1
359 420 412 534 1
297 420 353 533 1
229 407 291 529 1
172 427 229 521 1
112 404 171 521 1
50 382 112 498 1
0 388 53 511 1
1245 152 1279 260 1
1184 143 1245 268 1
1130 149 1188 246 1
1071 149 1128 267 1
1009 137 1062 247 1
942 125 999 252 1
888 124 939 245 1
829 125 881 238 1
771 116 820 232 1
699 106 752 217 1
640 98 692 210 1
580 88 630 203 1
514 81 567 200 1
446 73 507 196 1
387 88 443 196 1
323 76 385 195 1
259 81 321 201 1
199 79 263 196 1
143 66 210 185 1
75 67 141 188 1
