620 184 681 244 1
650 154 717 221 1
699 145 773 216 1
593 208 662 279 1
674 237 747 304 1
370 158 444 231 1
622 298 693 364 1
653 271 723 337 1
538 270 602 336 1
559 233 628 301 1
317 113 380 178 1
231 311 299 381 1
595 325 664 392 1
574 354 633 415 1
719 214 778 272 1
500 291 568 360 1
446 355 513 423 1
469 318 545 390 1
534 379 603 447 1
505 412 577 479 1
755 421 823 486 1
217 2 283 60 1
493 53 557 121 1
338 81 404 150 1
252 164 320 232 1
165 252 229 312 1
315 223 379 288 1
109 312 179 384 1
137 396 217 468 1
86 342 154 408 1
391 415 455 480 1
416 382 486 455 1
475 439 545 510 1
454 469 523 535 1
725 452 792 519 1
693 476 756 545 1
665 508 734 578 1
637 537 700 601 1
619 572 679 632 1
425 500 496 567 1
400 23 470 91 1
146 56 214 118 1
92 108 157 174 1
843 332 912 400 1
885 382 951 449 1
920 412 972 473 1
943 443 1002 505 1
965 473 1024 538 1
809 354 876 422 1
787 392 850 456 1
402 530 475 602 1
370 569 440 630 1
359 439 425 506 1
337 473 400 535 1
306 501 373 568 1
346 593 407 655 1
587 601 646 660 1
554 622 626 695 1
526 652 597 719 1
497 684 556 719 1
468 708 501 719 1
136 280 207 352 1
173 371 243 444 1
203 340 270 411 1
258 285 327 356 1
288 256 354 321 1
200 227 267 297 1
462 85 523 146 1
433 110 497 174 1
432 1 494 64 1
370 55 438 119 1
516 23 583 89 1
516 0 577 35 1
456 0 520 32 1
598 0 656 49 1
399 137 469 207 1
342 192 408 258 1
284 135 343 200 1
233 200 293 261 1
12 177 93 249 1
0 247 27 292 1
496 159 563 224 1
107 424 177 491 1
48 365 119 432 1
23 401 93 465 1
85 458 158 529 1
119 525 193 596 1
120 581 196 652 1
60 489 125 551 1
0 429 64 496 1
0 472 35 531 1
24 516 98 587 1
0 549 65 618 1
0 584 34 645 1
102 702 139 719 1
121 667 194 719 1
161 640 227 711 1
188 612 261 685 1
212 583 277 646 1
228 703 266 719 1
253 678 328 719 1
288 651 358 717 1
311 615 384 692 1
248 553 314 626 1
276 527 343 596 1
726 0 793 45 1
779 0 826 27 1
798 50 864 117 1
828 34 888 91 1
846 0 914 62 1
884 0 938 37 1
883 87 945 153 1
1129 0 1187 30 1
1209 1 1269 62 1
1236 0 1279 32 1
1183 29 1243 85 1
1158 56 1225 117 1
1136 79 1193 132 1
1099 0 1168 63 1
1072 22 1148 88 1
1049 49 1122 111 1
1112 102 1185 168 1
1265 215 1279 252 1
1239 236 1279 301 1
1024 73 1096 136 1
1092 136 1151 195 1
1065 158 1134 227 1
1001 103 1069 167 1
973 124 1040 189 1
947 151 1016 216 1
925 186 996 252 1
1042 188 1108 251 1
1012 214 1080 276 1
986 245 1055 309 1
1213 265 1279 325 1
1187 288 1250 354 1
1173 326 1238 388 1
1145 349 1221 420 1
1124 379 1190 441 1
1101 402 1162 466 1
1075 430 1135 494 1
1045 458 1108 522 1
