1039 252 1093 317 1
999 247 1046 317 1
959 229 1010 304 1
926 206 977 280 1
890 195 939 267 1
855 192 899 258 1
819 168 862 232 1
782 154 830 229 1
745 144 784 210 1
701 142 748 217 1
666 132 709 204 1
627 113 674 187 1
586 98 635 167 1
547 81 596 158 1
505 69 555 145 1
463 58 513 136 1
420 47 473 128 1
380 35 431 113 1
340 34 387 103 1
298 0 349 89 1
254 0 310 74 1
215 0 263 54 1
165 0 212 51 1
905 437 956 509 1
860 417 914 492 1
829 413 877 482 1
789 395 839 471 1
751 390 802 464 1
712 385 762 459 1
677 373 726 445 1
639 356 686 429 1
599 340 649 419 1
566 334 608 408 1
521 325 569 404 1
482 306 529 385 1
446 292 490 375 1
398 284 450 361 1
351 267 405 351 1
314 254 371 337 1
276 239 327 324 1
230 223 281 297 1
184 211 238 296 1
139 206 195 289 1
96 201 153 281 1
48 192 110 269 1
10 175 68 254 1
0 148 28 239 1
918 624 972 701 1
875 620 923 695 1
840 621 888 692 1
802 608 852 684 1
766 602 813 680 1
732 589 780 659 1
698 575 747 643 1
647 587 700 664 1
624 550 671 624 1
576 555 625 640 1
538 544 584 623 1
503 533 545 601 1
465 516 510 590 1
423 507 468 588 1
387 496 431 570 1
341 488 389 569 1
297 477 350 560 1
256 478 304 555 1
214 457 267 539 1
170 444 225 527 1
122 433 183 521 1
86 418 139 503 1
43 405 97 493 1
0 395 53 480 1
856 498 922 543 1
783 477 852 521 1
702 460 779 510 1
618 436 699 490 1
535 411 614 461 1
467 395 531 434 1
381 370 463 419 1
300 348 380 398 1
212 323 296 372 1
112 298 203 346 1
27 270 117 320 1
