853 143 892 230 1
850 38 887 115 1
850 255 889 340 1
844 355 882 436 1
838 471 872 552 1
1042 452 1114 490 1
653 82 717 121 1
645 202 718 244 1
639 323 712 361 1
645 369 714 403 1
642 411 715 444 1
642 451 714 486 1
636 494 713 523 1
634 531 714 567 1
626 574 710 610 1
629 614 707 651 1
629 655 706 689 1
626 695 704 719 1
458 415 533 468 1
464 120 546 178 1
467 41 545 91 1
456 631 527 680 1
449 669 528 719 1
287 656 358 706 1
300 611 367 660 1
297 559 363 613 1
286 514 359 563 1
293 462 367 519 1
307 421 371 465 1
302 366 381 423 1
292 312 374 373 1
296 267 377 329 1
300 225 382 285 1
301 174 384 232 1
298 132 384 185 1
316 80 389 135 1
306 32 388 84 1
311 0 385 33 1
