1088 408 1178 490 1
788 553 875 600 1
784 610 888 661 1
655 601 762 651 1
664 553 760 602 1
667 498 767 546 1
657 654 768 707 1
427 643 532 699 1
429 696 541 719 1
319 668 426 719 1
420 543 526 600 1
309 515 415 577 1
404 389 515 438 1
400 309 500 360 1
379 257 490 310 1
275 214 377 263 1
275 317 379 363 1
53 334 167 389 1
71 386 180 442 1
72 487 186 545 1
79 537 186 597 1
91 636 205 694 1
91 693 207 719 1
48 240 155 285 1
49 184 154 233 1
0 192 41 238 1
1178 142 1274 239 1
1234 186 1279 275 1
1225 280 1279 357 1
999 331 1078 411 1
964 280 1045 363 1
908 249 996 329 1
872 215 962 292 1
834 163 919 244 1
785 128 872 207 1
756 82 841 166 1
1060 16 1167 116 1
1011 0 1121 76 1
1229 0 1279 83 1
1151 97 1242 183 1
1108 51 1207 152 1
