612 454 650 536 1
657 446 691 521 1
702 178 736 255 1
701 266 740 346 1
661 270 697 346 1
617 266 656 351 1
574 258 610 346 1
750 262 785 345 1
531 171 568 251 1
488 170 524 240 1
571 175 607 244 1
659 167 697 255 1
784 177 822 255 1
787 269 822 348 1
743 175 779 256 1
613 167 649 254 1
445 171 479 250 1
539 257 570 332 1
238 149 321 189 1
238 31 320 70 1
239 207 326 246 1
229 267 313 307 1
251 332 333 368 1
448 0 484 67 1
494 0 529 67 1
531 0 570 67 1
575 0 610 74 1
618 0 654 73 1
662 0 697 73 1
702 0 738 75 1
745 0 778 71 1
785 0 821 77 1
826 0 856 76 1
864 0 901 82 1
901 0 939 80 1
943 10 981 83 1
981 9 1020 84 1
1021 6 1056 79 1
1056 12 1092 90 1
1092 22 1134 91 1
1135 17 1172 95 1
1135 0 1168 8 1
1173 0 1208 10 1
1174 15 1214 89 1
1214 18 1250 91 1
1251 11 1279 88 1
823 182 859 259 1
866 185 903 261 1
906 179 942 263 1
943 180 981 257 1
983 183 1020 257 1
1022 181 1059 255 1
1060 191 1097 259 1
1097 192 1135 268 1
1134 191 1173 266 1
1175 190 1211 266 1
1212 194 1250 269 1
1251 195 1279 272 1
1247 278 1279 355 1
1209 281 1250 354 1
1172 281 1210 358 1
1134 274 1176 353 1
1097 279 1135 349 1
1061 275 1097 347 1
1024 274 1058 350 1
987 270 1024 347 1
945 271 981 347 1
908 276 943 346 1
868 277 906 353 1
825 265 861 349 1
696 445 733 529 1
738 440 775 521 1
784 450 817 529 1
825 456 859 525 1
862 450 900 525 1
906 445 942 519 1
943 447 979 527 1
982 444 1019 520 1
1021 449 1055 526 1
1057 452 1094 526 1
1095 447 1129 526 1
1133 444 1172 518 1
1173 449 1204 522 1
1204 451 1247 526 1
1246 451 1279 526 1
872 91 947 125 1
