814 7 890 46 1
818 47 890 84 1
817 89 898 124 1
819 124 890 162 1
815 160 888 198 1
842 202 922 237 1
817 242 888 276 1
835 286 919 322 1
834 329 914 363 1
835 369 903 399 1
833 406 904 441 1
835 447 915 480 1
839 485 909 522 1
840 527 921 566 1
844 569 925 605 1
859 609 935 643 1
848 649 931 688 1
850 688 931 719 1
696 9 729 83 1
695 86 731 161 1
705 166 745 244 1
710 250 747 333 1
712 338 748 420 1
717 424 751 488 1
721 498 756 579 1
726 581 760 658 1
731 664 766 719 1
616 0 689 43 1
608 49 688 85 1
613 86 688 124 1
612 128 689 164 1
620 167 691 207 1
626 209 702 246 1
627 249 697 284 1
622 292 695 325 1
622 331 701 368 1
625 371 707 409 1
628 413 710 446 1
625 457 704 491 1
625 495 708 534 1
628 539 708 577 1
629 580 716 621 1
628 619 716 659 1
628 662 714 700 1
392 19 476 56 1
382 55 461 94 1
384 99 460 135 1
394 137 462 173 1
384 182 450 215 1
384 219 463 254 1
389 261 457 298 1
398 298 475 336 1
402 340 480 374 1
398 377 471 416 1
392 424 468 460 1
393 464 470 499 1
393 507 474 542 1
395 549 479 584 1
402 587 483 624 1
406 629 485 668 1
417 671 485 708 1
395 0 474 17 1
628 706 705 719 1
