783 25 819 112 1
780 125 818 209 1
772 263 808 344 1
763 374 800 444 1
768 446 805 529 1
752 679 789 719 1
542 287 627 329 1
557 339 634 377 1
560 380 636 418 1
548 420 626 460 1
545 459 616 499 1
533 503 612 543 1
544 547 617 586 1
561 592 624 626 1
545 631 624 667 1
457 227 538 271 1
382 318 458 370 1
383 370 453 416 1
365 412 449 462 1
370 457 446 505 1
364 583 440 630 1
367 621 443 673 1
337 76 422 118 1
223 108 304 158 1
218 150 311 204 1
222 196 298 252 1
200 239 288 296 1
211 290 287 351 1
200 342 286 392 1
203 395 283 441 1
202 432 289 493 1
193 486 279 540 1
198 531 283 591 1
192 583 275 635 1
182 625 269 680 1
187 688 268 719 1
