762 100 841 141 1
767 142 846 180 1
782 181 857 217 1
775 223 854 259 1
776 262 857 296 1
780 298 864 340 1
781 343 862 380 1
783 380 864 418 1
788 423 866 456 1
644 70 680 149 1
650 153 686 230 1
657 236 694 312 1
662 324 702 402 1
670 408 704 481 1
673 492 708 568 1
549 66 627 109 1
555 109 632 149 1
556 150 637 193 1
556 193 640 231 1
556 233 639 274 1
558 280 632 316 1
563 320 643 359 1
571 360 650 398 1
582 401 659 436 1
585 600 664 640 1
600 635 676 678 1
320 125 401 163 1
327 163 411 204 1
330 207 412 246 1
347 248 415 283 1
329 286 419 326 1
330 332 417 368 1
338 374 416 409 1
346 415 431 452 1
346 457 427 494 1
347 498 422 534 1
339 541 421 579 1
340 579 428 620 1
315 84 397 120 1
346 615 442 665 1
368 662 446 697 1
789 504 865 543 1
789 465 867 499 1
797 543 876 580 1
807 583 888 623 1
812 623 876 660 1
808 659 889 700 1
791 701 869 719 1
674 576 712 656 1
680 659 713 719 1
594 681 669 719 1
375 701 442 719 1
311 40 394 77 1
311 0 387 37 1
549 27 628 68 1
640 0 673 65 1
551 0 632 26 1
759 61 831 98 1
757 21 836 62 1
754 0 822 21 1
582 441 663 478 1
578 563 656 600 1
576 519 658 559 1
583 481 661 515 1
