881 388 947 452 1
851 361 919 427 1
822 338 888 403 1
787 311 854 381 1
725 264 795 337 1
757 238 826 307 1
792 216 859 283 1
818 185 883 253 1
842 152 904 211 1
872 133 933 193 1
901 113 957 171 1
916 78 978 134 1
945 56 1005 114 1
963 26 1030 91 1
982 0 1050 59 1
902 417 971 482 1
931 444 1003 514 1
963 469 1026 539 1
987 501 1049 563 1
1005 531 1071 596 1
1030 556 1095 621 1
1055 567 1122 642 1
1092 599 1161 667 1
1092 679 1150 719 1
822 583 889 652 1
884 639 939 698 1
856 670 917 719 1
798 615 864 681 1
769 642 835 708 1
826 697 865 719 1
740 668 811 719 1
711 693 759 719 1
691 450 761 519 1
660 480 727 544 1
626 384 690 452 1
602 421 668 486 1
573 448 639 514 1
536 471 604 540 1
516 504 583 573 1
487 531 550 600 1
637 510 702 576 1
606 535 670 599 1
550 596 613 660 1
517 618 584 686 1
457 559 525 628 1
488 644 553 709 1
463 674 537 719 1
442 706 482 719 1
431 590 494 654 1
400 614 468 680 1
378 642 439 707 1
348 674 419 719 1
320 698 366 719 1
820 0 857 17 1
771 0 832 42 1
734 0 795 55 1
702 16 774 84 1
681 45 750 113 1
655 75 722 141 1
630 104 694 169 1
598 132 664 198 1
524 0 579 37 1
483 0 548 59 1
448 19 510 81 1
411 38 486 115 1
386 73 461 143 1
364 100 433 168 1
335 127 401 196 1
311 159 377 231 1
281 194 349 261 1
243 211 309 280 1
217 245 289 313 1
189 269 260 340 1
155 300 228 364 1
129 329 197 394 1
83 390 150 452 1
67 432 135 491 1
23 448 99 515 1
4 483 76 548 1
0 509 42 568 1
0 570 20 606 1
493 256 562 324 1
462 284 537 354 1
438 318 505 382 1
412 347 477 412 1
379 367 443 436 1
347 392 415 461 1
324 429 389 491 1
303 464 369 532 1
272 488 342 558 1
245 521 315 589 1
218 548 289 617 1
187 575 261 648 1
166 607 233 675 1
134 634 209 701 1
107 659 183 719 1
76 687 136 719 1
578 562 645 631 1
