788 294 903 351 1
793 242 889 293 1
658 184 772 238 1
780 186 898 243 1
792 136 901 191 1
788 73 901 133 1
662 125 776 178 1
409 234 532 287 1
409 292 526 339 1
291 117 413 167 1
1002 473 1123 524 1
1006 528 1130 579 1
1011 582 1124 630 1
1009 417 1121 468 1
1024 365 1121 415 1
1009 311 1121 362 1
997 252 1106 305 1
1014 205 1116 251 1
1012 147 1116 200 1
1012 94 1120 147 1
286 181 404 231 1
403 184 517 232 1
416 59 537 117 1
408 121 533 175 1
288 59 417 112 1
1025 630 1121 685 1
660 69 774 122 1
671 242 777 295 1
778 353 891 407 1
790 413 884 460 1
778 470 881 518 1
768 526 893 575 1
769 582 888 636 1
638 410 769 462 1
647 466 768 523 1
638 528 763 579 1
653 642 766 697 1
769 641 882 697 1
410 346 522 397 1
397 402 523 455 1
387 458 510 512 1
394 516 518 569 1
401 575 513 626 1
354 633 476 687 1
259 511 387 568 1
267 572 391 626 1
38 54 170 108 1
28 117 161 173 1
29 178 159 233 1
17 299 152 354 1
10 361 143 410 1
22 482 151 530 1
11 541 139 596 1
10 600 128 655 1
1197 61 1279 158 1
1216 151 1279 238 1
1213 222 1279 299 1
1190 270 1279 365 1
1189 330 1279 432 1
1203 408 1279 492 1
1243 500 1279 560 1
1223 551 1279 624 1
1240 633 1279 699 1
1226 700 1279 719 1
0 53 19 110 1
0 117 15 169 1
