1263 700 1279 719 1
1224 695 1262 719 1
1180 685 1222 719 1
1141 687 1184 719 1
1100 690 1139 719 1
1061 686 1101 719 1
1019 695 1054 719 1
978 670 1019 719 1
940 685 977 719 1
897 687 933 719 1
860 694 897 719 1
817 688 857 719 1
779 690 813 719 1
739 688 774 719 1
693 691 731 719 1
649 690 688 719 1
611 690 643 719 1
571 686 604 719 1
528 691 564 719 1
488 685 524 719 1
447 683 482 719 1
405 686 440 719 1
363 695 399 719 1
321 684 360 719 1
279 686 319 719 1
241 684 277 719 1
198 685 239 719 1
158 681 196 719 1
1260 506 1279 584 1
1254 425 1279 502 1
1216 427 1258 499 1
1222 511 1265 587 1
1181 513 1222 588 1
1179 423 1220 497 1
1141 429 1182 499 1
1103 426 1141 504 1
1064 423 1101 500 1
1023 422 1062 499 1
986 421 1022 488 1
947 419 984 501 1
907 422 944 497 1
861 413 900 492 1
821 419 858 493 1
783 420 820 502 1
1145 518 1185 597 1
1102 524 1146 594 1
1063 517 1103 591 1
1026 509 1063 592 1
985 520 1023 596 1
944 514 983 596 1
905 515 943 594 1
864 520 903 596 1
825 518 862 595 1
782 514 816 587 1
738 510 775 589 1
699 509 736 589 1
697 425 732 504 1
655 514 692 594 1
660 423 693 508 1
616 423 650 505 1
615 516 651 589 1
573 419 608 501 1
573 512 611 594 1
532 420 567 502 1
532 507 565 587 1
489 509 524 594 1
489 421 524 498 1
444 418 481 497 1
402 418 436 494 1
445 506 481 591 1
404 510 442 585 1
363 418 401 496 1
364 506 400 584 1
325 418 360 499 1
323 510 361 583 1
283 421 321 497 1
281 504 316 583 1
242 416 279 499 1
241 506 280 584 1
199 505 240 587 1
199 418 243 495 1
160 415 201 494 1
162 508 201 588 1
1254 251 1279 319 1
1214 248 1260 317 1
1251 172 1279 236 1
1208 166 1252 240 1
1173 156 1213 225 1
1175 242 1218 320 1
1139 244 1176 319 1
1134 158 1177 233 1
1097 159 1138 236 1
1099 246 1135 320 1
1060 163 1097 232 1
1061 239 1099 319 1
1021 233 1058 307 1
1019 151 1056 224 1
980 158 1018 231 1
942 153 981 231 1
984 240 1024 318 1
944 240 981 311 1
904 153 940 234 1
904 237 940 315 1
863 157 899 228 1
864 240 897 313 1
824 153 861 233 1
825 241 862 309 1
781 154 816 230 1
783 239 819 318 1
743 152 777 227 1
744 238 778 317 1
699 145 734 224 1
702 235 738 315 1
660 237 694 318 1
657 144 693 221 1
618 145 650 216 1
575 139 609 216 1
573 231 612 314 1
534 232 570 311 1
537 143 569 226 1
492 144 527 221 1
454 146 487 224 1
406 146 445 220 1
369 149 402 221 1
327 149 369 231 1
451 224 486 307 1
493 231 530 309 1
407 235 443 314 1
368 236 406 316 1
327 232 369 315 1
290 234 326 316 1
291 150 327 231 1
247 148 286 222 1
250 226 288 306 1
211 159 251 221 1
176 150 213 228 1
213 236 247 311 1
168 234 211 309 1
673 21 750 60 1
763 22 835 61 1
846 22 929 60 1
934 31 1006 69 1
1026 30 1088 63 1
1097 27 1181 63 1
1197 28 1279 66 1
118 675 159 719 1
72 677 115 719 1
28 681 75 719 1
621 231 652 311 1
132 154 174 229 1
130 239 169 316 1
620 0 655 45 1
576 0 614 47 1
539 0 571 48 1
497 0 532 50 1
454 0 489 54 1
417 0 450 57 1
374 0 412 48 1
335 0 370 49 1
296 0 330 46 1
255 0 294 56 1
214 0 253 54 1
112 0 153 56 1
70 0 113 51 1
29 0 70 49 1
94 158 135 220 1
91 246 131 312 1
48 150 96 226 1
52 235 92 314 1
14 230 52 304 1
10 150 53 227 1
741 382 776 458 1
0 0 34 54 1
0 146 13 224 1
0 236 13 315 1
655 329 735 364 1
189 627 277 665 1
118 414 160 493 1
117 500 161 583 1
77 417 120 494 1
81 505 117 579 1
43 416 83 480 1
0 407 48 484 1
37 504 79 576 1
0 502 38 580 1
0 677 30 719 1
