165 63 250 102 1
330 165 413 205 1
339 208 416 244 1
505 254 575 289 1
504 294 576 328 1
505 331 579 367 1
507 371 582 406 1
510 414 586 450 1
507 453 584 486 1
504 494 582 525 1
505 531 583 568 1
515 573 592 607 1
498 612 574 649 1
509 650 587 688 1
514 691 587 719 1
325 680 401 715 1
328 641 401 677 1
327 603 397 640 1
328 564 402 600 1
322 526 398 562 1
325 485 399 519 1
333 445 410 481 1
329 406 402 442 1
335 364 411 400 1
329 328 401 360 1
325 287 395 321 1
336 250 414 287 1
166 112 242 147 1
158 149 239 184 1
154 186 238 225 1
151 228 232 263 1
150 269 229 304 1
157 307 229 343 1
149 346 233 380 1
145 385 230 422 1
155 467 229 500 1
155 506 233 539 1
150 543 235 575 1
154 579 227 614 1
146 621 218 655 1
138 662 215 698 1
134 700 217 719 1
