616 474 695 509 1
620 431 697 468 1
902 555 974 589 1
611 355 693 389 1
625 395 691 430 1
531 439 603 472 1
529 477 607 514 1
535 516 610 552 1
621 512 700 548 1
621 552 699 590 1
624 593 701 632 1
532 556 606 591 1
528 352 608 390 1
534 599 610 635 1
537 639 616 674 1
542 680 621 716 1
640 674 712 708 1
632 637 708 672 1
809 557 890 592 1
812 595 892 632 1
892 400 964 438 1
803 408 884 443 1
814 360 887 397 1
539 275 603 315 1
526 316 600 352 1
524 238 605 275 1
343 443 417 476 1
347 483 422 518 1
259 483 337 520 1
263 528 326 559 1
256 563 335 599 1
344 523 418 558 1
343 564 414 597 1
342 605 414 637 1
349 644 425 678 1
341 685 418 719 1
257 684 332 719 1
258 642 332 679 1
253 605 326 638 1
121 569 158 644 1
1093 578 1173 612 1
1087 618 1169 652 1
1097 658 1173 693 1
1098 696 1180 719 1
913 706 989 719 1
820 674 899 711 1
913 667 987 701 1
907 626 982 664 1
906 592 983 629 1
814 513 880 545 1
900 508 982 543 1
811 634 888 668 1
118 665 159 719 1
116 394 153 467 1
120 479 157 555 1
1091 538 1164 571 1
620 274 697 306 1
617 312 697 345 1
529 397 614 435 1
341 363 419 394 1
352 402 430 435 1
302 348 333 424 1
296 265 333 338 1
257 441 328 473 1
617 233 696 269 1
619 195 694 229 1
535 201 608 235 1
341 319 418 357 1
348 284 418 317 1
348 242 420 277 1
341 203 418 238 1
339 164 407 199 1
342 126 411 163 1
338 88 413 124 1
340 50 421 86 1
345 13 418 50 1
356 0 420 13 1
519 8 593 45 1
600 3 679 40 1
608 42 680 75 1
615 77 686 115 1
615 115 684 151 1
613 153 694 188 1
520 46 587 80 1
519 79 593 119 1
520 119 598 156 1
527 157 594 195 1
784 0 848 9 1
868 3 949 44 1
784 9 852 44 1
790 44 862 82 1
877 44 938 80 1
879 79 954 117 1
786 83 858 120 1
796 121 877 157 1
885 120 961 156 1
887 159 963 193 1
803 159 879 196 1
810 196 882 230 1
889 196 968 229 1
898 235 971 271 1
899 274 976 307 1
897 314 976 349 1
900 356 966 391 1
808 317 887 351 1
805 279 875 311 1
811 237 883 273 1
641 710 709 719 1
1085 463 1148 499 1
1080 427 1155 460 1
1076 377 1153 419 1
1072 342 1153 374 1
1071 304 1148 340 1
1072 263 1144 299 1
1071 223 1150 262 1
1071 186 1146 222 1
1063 146 1147 186 1
1061 109 1142 145 1
1066 73 1141 108 1
1062 40 1141 73 1
1051 3 1132 40 1
