720 148 845 205 1
713 331 841 388 1
705 395 832 446 1
723 211 849 267 1
303 204 423 251 1
309 258 412 305 1
155 316 267 366 1
157 138 286 190 1
155 78 284 131 1
284 441 416 501 1
291 630 419 689 1
282 507 408 556 1
729 89 847 143 1
574 330 689 376 1
577 148 700 202 1
575 84 701 138 1
575 450 694 501 1
571 576 679 626 1
721 575 834 628 1
716 632 825 685 1
729 513 846 566 1
965 101 1086 158 1
1086 108 1196 164 1
1084 166 1194 218 1
976 161 1082 210 1
974 220 1076 269 1
1079 226 1180 270 1
1083 278 1196 327 1
1086 333 1191 376 1
1090 380 1190 427 1
1078 433 1196 481 1
1070 485 1183 536 1
1075 538 1190 588 1
1081 595 1186 644 1
959 539 1073 596 1
962 600 1072 648 1
1040 653 1154 707 1
