444 295 560 348 1
465 354 558 400 1
453 405 560 460 1
449 457 580 514 1
331 473 444 526 1
328 414 446 467 1
316 358 443 414 1
675 125 783 171 1
664 173 773 222 1
679 229 797 274 1
702 278 799 328 1
694 330 805 383 1
91 274 203 321 1
339 197 439 248 1
453 236 567 289 1
455 186 551 234 1
439 135 553 188 1
319 140 431 196 1
318 86 432 138 1
445 85 556 132 1
456 522 576 579 1
464 585 576 636 1
343 591 460 645 1
686 394 811 441 1
700 447 824 503 1
711 506 830 555 1
734 561 827 608 1
943 668 1045 719 1
944 605 1060 686 1
960 542 1051 618 1
929 461 1035 539 1
948 408 1015 470 1
899 313 998 397 1
883 237 989 333 1
876 177 983 265 1
899 123 983 200 1
894 57 987 142 1
866 0 966 68 1
0 53 76 105 1
72 50 201 103 1
314 33 426 78 1
437 21 551 72 1
669 15 783 61 1
670 68 783 118 1
0 112 74 164 1
72 105 199 160 1
75 165 189 216 1
0 172 76 225 1
83 217 205 270 1
94 325 204 374 1
86 375 211 427 1
78 431 202 483 1
90 487 214 538 1
0 494 88 556 1
96 543 216 596 1
0 556 96 609 1
59 603 187 662 1
