826 9 864 95 1
822 117 865 200 1
815 215 856 295 1
819 322 861 405 1
819 433 859 520 1
812 533 851 618 1
1017 624 1093 667 1
805 651 844 719 1
615 44 691 86 1
605 90 680 131 1
619 260 683 295 1
605 383 687 425 1
602 508 682 546 1
610 552 682 587 1
607 590 686 629 1
607 634 684 669 1
602 672 681 710 1
423 299 511 359 1
427 217 507 272 1
421 600 500 654 1
269 607 333 659 1
248 651 329 706 1
260 550 341 609 1
250 496 334 558 1
255 455 339 513 1
263 405 341 466 1
257 360 346 415 1
273 318 345 367 1
262 260 345 314 1
266 209 349 263 1
263 157 340 217 1
264 115 346 170 1
267 70 353 124 1
267 28 350 79 1
278 0 345 27 1
