776 665 850 701 1
861 624 936 659 1
859 665 938 701 1
773 627 853 661 1
859 581 933 620 1
855 542 917 578 1
840 380 920 416 1
754 385 836 421 1
750 345 830 380 1
842 305 915 339 1
758 306 836 345 1
579 381 652 412 1
580 341 651 379 1
571 302 648 338 1
1045 534 1123 568 1
1037 495 1116 527 1
573 222 650 260 1
573 263 651 299 1
760 266 825 301 1
843 261 915 296 1
845 226 907 259 1
755 226 831 265 1
751 186 824 225 1
131 263 212 295 1
1028 260 1106 296 1
1030 302 1108 336 1
1018 338 1103 375 1
1025 376 1096 410 1
1025 412 1102 445 1
1038 456 1105 487 1
834 189 909 227 1
304 592 380 623 1
310 706 386 719 1
309 668 376 702 1
308 630 382 664 1
576 463 649 497 1
587 583 658 619 1
486 585 561 622 1
488 550 556 581 1
485 508 560 542 1
569 502 650 537 1
488 469 565 502 1
481 265 555 299 1
485 230 554 262 1
480 190 552 225 1
480 305 557 337 1
492 345 568 379 1
475 385 549 420 1
486 429 559 461 1
571 421 654 457 1
578 543 651 579 1
845 343 926 379 1
841 422 914 457 1
759 429 830 461 1
845 463 923 501 1
765 468 827 503 1
845 501 930 539 1
760 507 828 541 1
765 546 838 582 1
759 588 835 623 1
861 702 942 719 1
778 702 851 719 1
1048 570 1120 605 1
1040 608 1121 641 1
1042 645 1126 683 1
1045 687 1124 719 1
1033 219 1093 253 1
1028 183 1103 217 1
584 623 657 657 1
584 660 667 696 1
489 627 566 663 1
497 666 565 701 1
504 705 577 719 1
590 700 666 719 1
303 547 387 581 1
307 512 382 544 1
319 471 382 502 1
307 431 389 467 1
299 389 369 423 1
311 355 384 386 1
302 313 373 350 1
298 82 378 121 1
293 38 359 79 1
305 6 372 41 1
111 0 189 35 1
113 34 187 74 1
109 73 184 111 1
120 109 198 146 1
117 147 200 183 1
119 184 203 220 1
125 222 205 258 1
575 183 650 220 1
580 147 650 182 1
479 148 556 184 1
568 108 647 146 1
559 70 638 102 1
563 38 636 66 1
752 0 829 34 1
833 0 905 37 1
840 37 907 71 1
846 73 915 107 1
843 107 914 142 1
849 149 923 183 1
751 149 825 183 1
751 108 825 146 1
750 71 825 110 1
753 35 830 69 1
1003 0 1084 37 1
1007 39 1081 74 1
1018 77 1084 109 1
1013 113 1086 150 1
