647 325 729 358 1
657 283 731 319 1
569 283 648 320 1
569 244 643 280 1
562 406 638 441 1
565 368 632 402 1
396 283 462 318 1
563 326 640 361 1
577 167 653 202 1
567 126 643 163 1
559 203 632 240 1
657 363 730 397 1
564 446 642 480 1
570 0 646 10 1
660 50 737 86 1
573 53 643 87 1
568 88 644 120 1
660 88 734 125 1
658 128 734 162 1
663 164 735 202 1
663 204 735 238 1
653 243 736 278 1
836 0 910 23 1
836 27 907 61 1
917 29 990 66 1
926 66 988 101 1
840 63 913 100 1
841 101 908 137 1
922 101 994 136 1
923 141 993 175 1
840 141 920 175 1
833 178 911 211 1
835 217 915 251 1
923 296 1000 330 1
844 299 906 332 1
922 334 1003 368 1
930 375 991 408 1
932 495 1009 529 1
661 14 740 47 1
669 0 738 13 1
936 648 1013 683 1
939 609 1016 646 1
941 571 1016 608 1
933 531 1014 567 1
853 532 926 563 1
851 574 926 608 1
846 615 914 648 1
845 653 924 688 1
853 494 925 531 1
848 454 927 489 1
837 415 911 452 1
931 414 1008 451 1
934 454 1011 491 1
842 374 916 408 1
839 336 909 371 1
1099 219 1170 253 1
1099 254 1175 286 1
1111 295 1175 330 1
1108 335 1187 368 1
1116 373 1192 407 1
1121 411 1191 443 1
1112 447 1190 480 1
1112 484 1197 521 1
1115 523 1192 560 1
1113 563 1195 599 1
393 170 466 202 1
376 203 452 241 1
385 247 468 282 1
396 128 453 165 1
209 72 281 104 1
208 32 285 70 1
204 0 285 32 1
383 327 458 360 1
377 363 460 401 1
375 407 452 441 1
379 446 453 481 1
377 488 449 521 1
381 528 457 562 1
386 567 458 601 1
386 608 456 643 1
378 648 456 683 1
667 407 738 440 1
662 447 736 480 1
662 484 743 520 1
664 527 742 563 1
663 565 741 600 1
664 606 737 641 1
657 644 738 683 1
570 489 642 520 1
580 530 652 564 1
567 569 648 603 1
580 606 648 641 1
567 649 642 680 1
1111 638 1189 676 1
1114 600 1188 635 1
567 14 640 49 1
391 89 466 124 1
222 271 295 304 1
1105 28 1181 66 1
1110 66 1168 101 1
1104 104 1183 140 1
1106 144 1184 178 1
1092 180 1178 217 1
925 178 1004 213 1
919 216 998 250 1
920 254 991 286 1
841 254 911 290 1
332 582 369 664 1
931 0 1003 24 1
338 672 373 719 1
378 687 457 719 1
567 683 649 719 1
653 684 734 719 1
852 691 926 719 1
934 688 1004 719 1
1109 674 1192 711 1
1112 711 1188 719 1
