731 497 773 597 1
682 496 721 587 1
628 505 668 586 1
574 488 616 588 1
521 482 565 586 1
648 706 690 719 1
696 700 738 719 1
751 702 789 719 1
801 705 847 719 1
439 707 478 719 1
486 702 531 719 1
233 697 282 719 1
177 688 224 719 1
68 692 126 719 1
472 492 511 583 1
420 482 462 579 1
371 501 410 560 1
317 479 360 578 1
269 480 312 572 1
214 489 266 592 1
160 475 209 584 1
111 483 159 573 1
59 478 111 581 1
0 482 61 604 1
206 273 306 324 1
319 282 420 323 1
600 279 699 324 1
842 279 942 325 1
1023 363 1124 408 1
1005 616 1052 713 1
931 498 973 595 1
880 493 923 586 1
833 482 875 581 1
785 486 827 589 1
