1107 161 1154 243 1
1071 155 1108 250 1
1021 156 1078 262 1
970 154 1014 245 1
928 149 970 241 1
875 141 921 236 1
831 155 867 251 1
780 139 819 237 1
734 145 770 237 1
680 139 722 239 1
629 143 676 239 1
580 137 623 234 1
529 143 573 242 1
474 138 516 233 1
421 136 462 219 1
369 138 414 239 1
309 148 355 240 1
302 247 355 350 1
737 354 792 452 1
687 355 742 451 1
479 356 530 440 1
429 361 485 455 1
383 356 429 440 1
901 542 969 637 1
848 546 911 634 1
674 540 747 645 1
617 553 677 653 1
564 548 624 635 1
503 550 565 644 1
391 550 455 635 1
343 535 399 631 1
282 549 342 641 1
236 536 293 625 1
187 526 247 615 1
840 359 897 448 1
779 351 839 443 1
1152 153 1196 253 1
1202 169 1252 263 1
1250 160 1279 247 1
1165 357 1225 448 1
1074 362 1132 449 1
1191 0 1279 16 1
1014 545 1083 636 1
1217 365 1272 453 1
