647 327 729 360 1
657 285 731 321 1
569 285 648 322 1
569 246 643 282 1
562 408 638 443 1
565 370 632 404 1
397 91 468 125 1
396 285 462 320 1
563 328 640 363 1
577 169 653 204 1
567 128 643 165 1
559 205 632 242 1
657 365 730 399 1
564 448 642 482 1
570 0 646 12 1
570 16 642 50 1
660 52 737 88 1
573 55 643 89 1
568 90 644 122 1
660 90 734 127 1
658 130 734 164 1
663 166 735 204 1
663 206 735 240 1
653 245 736 280 1
836 0 910 25 1
933 0 1003 30 1
836 29 907 63 1
917 31 990 68 1
926 68 988 103 1
840 65 913 102 1
841 103 908 139 1
922 103 994 138 1
923 143 993 177 1
840 143 920 177 1
924 182 1003 216 1
833 180 911 213 1
918 219 996 254 1
835 219 915 253 1
839 257 909 293 1
918 258 989 290 1
923 298 1000 332 1
844 301 906 334 1
922 336 1003 370 1
930 377 991 410 1
932 497 1009 531 1
661 16 740 49 1
669 0 738 15 1
852 695 924 718 1
933 692 1001 718 1
936 650 1013 685 1
939 611 1016 648 1
941 573 1016 610 1
933 533 1014 569 1
853 534 926 565 1
851 576 926 610 1
846 617 914 650 1
845 655 924 690 1
853 496 925 533 1
848 456 927 491 1
837 417 911 454 1
931 416 1008 453 1
934 456 1011 493 1
842 376 916 410 1
839 338 909 373 1
1107 30 1183 68 1
1112 69 1170 103 1
1107 106 1183 141 1
1107 147 1185 184 1
1095 185 1177 219 1
1099 221 1170 255 1
1099 256 1175 288 1
1111 297 1175 332 1
1108 337 1187 370 1
1116 375 1192 409 1
1121 413 1191 445 1
1112 449 1190 482 1
1112 486 1197 523 1
1115 525 1192 562 1
1113 565 1195 601 1
1113 603 1185 639 1
1109 641 1187 679 1
1107 679 1191 718 1
393 172 466 204 1
376 205 452 243 1
385 249 468 284 1
396 130 453 167 1
209 74 281 106 1
208 34 285 72 1
204 0 285 34 1
211 270 296 306 1
337 671 371 719 1
332 583 367 663 1
383 329 458 362 1
377 365 460 403 1
375 409 452 443 1
379 448 453 483 1
377 490 449 523 1
381 530 457 564 1
386 569 458 603 1
386 610 456 645 1
378 650 456 685 1
378 687 455 719 1
667 409 738 442 1
662 449 736 482 1
662 486 743 522 1
664 529 742 565 1
663 567 741 602 1
664 608 737 643 1
657 646 738 685 1
654 688 733 719 1
570 491 642 522 1
580 532 652 566 1
567 571 648 605 1
580 608 648 643 1
567 651 642 682 1
568 685 647 719 1
