752 400 809 485 1
901 607 1012 656 1
975 293 1031 400 1
919 302 974 408 1
763 601 882 653 1
1027 281 1082 392 1
1114 271 1176 380 1
695 392 748 510 1
131 403 230 453 1
44 129 155 182 1
1142 561 1247 607 1
1145 616 1267 663 1
1148 669 1266 719 1
1255 673 1279 716 1
1259 615 1279 665 1
1253 559 1279 608 1
1163 258 1228 366 1
1210 255 1275 353 1
1255 246 1279 320 1
805 36 864 150 1
759 44 809 139 1
707 54 759 145 1
654 56 708 163 1
550 60 605 172 1
493 80 553 182 1
449 91 498 189 1
396 99 447 202 1
339 119 393 218 1
510 667 618 715 1
380 657 493 712 1
795 369 859 482 1
398 437 458 553 1
465 425 519 536 1
525 417 576 524 1
578 406 635 524 1
904 662 1012 716 1
