575 103 629 224 1
506 112 568 234 1
444 100 504 216 1
426 429 489 557 1
368 442 424 554 1
935 458 994 591 1
876 464 931 589 1
387 85 444 199 1
322 71 384 192 1
307 429 368 556 1
239 442 301 563 1
180 437 241 561 1
117 428 187 549 1
820 464 871 588 1
759 463 811 579 1
998 468 1053 578 1
1061 473 1118 593 1
1123 468 1180 571 1
1177 461 1239 590 1
1238 466 1279 579 1
701 104 756 235 1
766 107 818 215 1
881 118 943 223 1
997 115 1055 235 1
1057 128 1118 243 1
265 83 320 203 1
195 86 259 216 1
1124 129 1183 245 1
1181 134 1242 238 1
687 456 740 570 1
627 451 678 567 1
563 443 616 561 1
499 438 553 559 1
50 436 121 554 1
