845 42 887 125 1
838 151 877 220 1
842 229 882 309 1
822 459 865 537 1
816 562 857 641 1
807 658 846 719 1
533 3 617 44 1
287 0 369 67 1
289 59 366 119 1
291 107 362 161 1
279 153 361 209 1
280 203 364 260 1
275 251 358 310 1
277 304 359 361 1
275 351 351 407 1
266 395 343 451 1
264 455 346 507 1
263 501 347 557 1
251 548 337 605 1
247 586 332 646 1
247 644 333 692 1
248 689 332 719 1
415 653 493 703 1
444 395 519 445 1
441 355 511 399 1
445 229 523 275 1
444 182 525 231 1
460 142 534 189 1
461 91 535 145 1
625 62 703 105 1
637 111 712 151 1
636 155 715 190 1
624 194 701 232 1
621 232 694 272 1
611 275 688 316 1
616 320 691 359 1
638 365 698 397 1
624 402 698 443 1
614 486 688 525 1
601 531 678 571 1
604 698 673 719 1
