1094 230 1167 267 1
888 244 925 326 1
895 128 934 214 1
900 25 940 115 1
693 97 763 137 1
692 140 768 175 1
690 179 770 218 1
692 221 768 255 1
689 263 763 296 1
688 305 765 339 1
679 348 762 381 1
682 387 760 425 1
679 430 760 465 1
680 471 755 504 1
678 509 760 547 1
666 554 749 589 1
503 488 577 540 1
503 442 580 493 1
508 401 577 449 1
513 187 585 237 1
335 667 425 718 1
334 603 407 664 1
353 570 418 617 1
335 514 410 571 1
336 470 415 524 1
339 426 411 475 1
348 385 419 431 1
357 335 419 383 1
338 283 411 331 1
354 237 418 290 1
354 188 424 236 1
359 134 432 196 1
355 88 423 145 1
346 37 427 100 1
364 1 433 55 1
687 0 770 15 1
