797 117 841 216 1
740 112 784 205 1
689 99 735 200 1
639 101 682 207 1
532 114 576 204 1
582 113 627 213 1
992 543 1051 633 1
933 530 995 616 1
881 522 947 619 1
807 543 886 650 1
756 545 820 634 1
694 534 769 635 1
626 535 696 644 1
572 537 638 624 1
506 537 573 631 1
455 520 527 621 1
389 528 461 626 1
442 345 505 439 1
333 329 400 430 1
481 125 523 201 1
426 109 470 206 1
881 245 925 348 1
332 530 401 625 1
213 528 277 619 1
151 512 230 623 1
284 338 347 430 1
80 329 141 426 1
23 323 88 424 1
373 103 419 204 1
323 113 366 204 1
273 106 317 198 1
223 125 266 183 1
169 107 216 199 1
119 108 168 198 1
62 118 120 217 1
8 102 63 209 1
0 113 11 201 1
886 0 990 34 1
661 331 727 431 1
603 320 667 430 1
552 327 613 427 1
499 336 557 436 1
