449 154 514 221 1
419 180 487 248 1
397 212 465 282 1
370 246 438 313 1
478 408 542 470 1
447 429 512 491 1
334 264 399 330 1
304 290 376 360 1
281 321 352 395 1
253 353 321 423 1
232 386 297 451 1
420 465 490 533 1
509 386 568 445 1
525 348 592 411 1
556 318 619 384 1
578 286 650 350 1
640 231 699 283 1
659 192 721 252 1
397 498 465 566 1
476 125 540 191 1
333 546 406 619 1
602 244 669 316 1
362 519 434 589 1
688 165 750 220 1
718 134 784 194 1
744 111 805 169 1
792 54 854 108 1
818 23 880 77 1
840 0 905 54 1
660 0 716 28 1
616 0 680 51 1
592 14 658 81 1
558 40 625 105 1
529 65 597 133 1
505 97 569 162 1
402 0 459 34 1
368 0 427 56 1
329 20 391 80 1
296 45 362 108 1
268 71 335 138 1
231 93 310 169 1
215 129 285 196 1
190 163 258 226 1
156 186 229 252 1
112 245 182 313 1
81 276 152 341 1
45 307 112 367 1
4 327 93 401 1
0 360 61 428 1
0 402 38 453 1
202 417 269 487 1
98 545 172 612 1
74 570 142 640 1
47 605 118 669 1
19 635 88 700 1
0 655 55 719 1
238 667 300 719 1
216 701 260 719 1
0 454 12 480 1
