648 328 730 361 1
658 286 732 322 1
570 286 649 323 1
570 247 644 283 1
398 170 469 203 1
400 130 459 165 1
563 409 639 444 1
566 371 633 405 1
398 92 469 126 1
379 205 453 241 1
389 249 470 282 1
397 286 463 321 1
383 328 457 361 1
378 364 460 400 1
376 408 453 440 1
379 447 453 482 1
377 486 445 522 1
378 527 455 561 1
564 329 641 364 1
661 530 736 564 1
578 170 654 205 1
568 129 644 166 1
560 206 633 243 1
662 567 738 602 1
661 449 733 481 1
665 408 734 442 1
658 366 731 400 1
565 571 646 604 1
577 532 650 566 1
570 489 639 522 1
660 488 741 522 1
565 449 643 483 1
212 32 288 72 1
212 74 282 107 1
223 270 298 303 1
144 706 180 719 1
335 669 368 719 1
376 683 454 718 1
331 581 366 661 1
376 648 455 682 1
385 607 453 643 1
387 566 457 602 1
209 0 288 32 1
571 0 647 13 1
571 17 643 51 1
661 53 738 89 1
574 56 644 90 1
569 91 645 123 1
661 91 735 128 1
659 131 735 165 1
664 167 736 205 1
664 207 736 241 1
654 246 737 281 1
837 0 911 26 1
934 0 1004 31 1
837 30 908 64 1
918 32 991 69 1
927 69 989 104 1
841 66 914 103 1
842 104 909 140 1
923 104 995 139 1
924 144 994 178 1
841 144 921 178 1
925 183 1004 217 1
834 181 912 214 1
919 220 997 255 1
836 220 916 254 1
840 258 910 294 1
919 259 990 291 1
924 299 1001 333 1
845 302 907 335 1
923 337 1004 371 1
931 378 992 411 1
933 498 1010 532 1
661 608 736 641 1
577 609 644 643 1
565 649 641 685 1
567 688 647 719 1
658 646 737 682 1
652 688 732 719 1
662 17 741 50 1
670 0 739 16 1
853 696 925 719 1
934 693 1002 719 1
937 651 1014 686 1
940 612 1017 649 1
942 574 1017 611 1
934 534 1015 570 1
854 535 927 566 1
852 577 927 611 1
847 618 915 651 1
846 656 925 691 1
854 497 926 534 1
849 457 928 492 1
838 418 912 455 1
932 417 1009 454 1
935 457 1012 494 1
843 377 917 411 1
840 339 910 374 1
1108 31 1184 69 1
1113 70 1171 104 1
1108 107 1184 142 1
1108 148 1186 185 1
1096 186 1178 220 1
1100 222 1171 256 1
1100 257 1176 289 1
1112 298 1176 333 1
1109 338 1188 371 1
1117 376 1193 410 1
1122 414 1192 446 1
1113 450 1191 483 1
1113 487 1198 524 1
1116 526 1193 563 1
1114 566 1196 602 1
1114 604 1186 640 1
1110 642 1188 680 1
1108 680 1192 719 1
