680 34 716 111 1
607 185 670 218 1
686 119 717 192 1
585 15 661 51 1
587 54 664 91 1
597 138 672 174 1
606 225 666 255 1
690 204 724 289 1
601 260 686 299 1
611 310 683 346 1
375 273 442 307 1
359 189 448 226 1
373 234 455 269 1
817 127 895 166 1
806 218 887 251 1
808 251 891 292 1
376 150 444 182 1
348 57 441 100 1
862 615 902 697 1
799 171 877 209 1
809 293 888 330 1
817 87 881 122 1
823 330 900 370 1
803 10 883 48 1
817 52 897 90 1
600 85 678 130 1
369 109 447 145 1
604 387 701 430 1
606 351 686 388 1
341 21 423 59 1
370 315 453 349 1
828 416 902 448 1
825 455 902 492 1
823 495 904 532 1
695 297 732 373 1
825 374 903 416 1
352 405 440 447 1
354 363 431 396 1
262 519 357 582 1
187 641 235 719 1
348 586 436 626 1
350 622 435 662 1
347 665 437 708 1
820 645 855 719 1
776 651 820 719 1
741 661 776 719 1
701 660 738 719 1
656 669 691 719 1
619 676 652 719 1
577 668 612 719 1
534 678 570 719 1
492 689 525 719 1
678 0 711 27 1
582 0 662 15 1
339 0 422 20 1
