324 258 396 332 1
365 310 434 376 1
453 384 521 453 1
533 463 611 541 1
580 505 652 583 1
617 553 689 623 1
676 581 744 652 1
230 188 314 240 1
287 125 363 196 1
329 78 405 152 1
369 31 441 102 1
421 0 489 70 1
488 0 537 21 1
507 177 577 244 1
566 236 634 302 1
533 141 602 208 1
596 200 666 269 1
623 169 694 244 1
730 174 803 249 1
660 149 729 220 1
685 114 755 187 1
719 91 786 162 1
743 59 812 132 1
775 37 837 101 1
800 5 865 76 1
828 0 891 46 1
864 0 919 23 1
759 0 801 12 1
709 0 778 42 1
679 3 744 67 1
649 25 714 93 1
617 52 687 119 1
597 86 667 156 1
561 110 632 182 1
699 370 767 437 1
729 338 788 399 1
758 308 827 378 1
820 363 882 428 1
848 338 917 409 1
788 283 846 342 1
810 248 883 321 1
840 216 912 292 1
873 196 942 266 1
897 164 967 233 1
923 136 994 207 1
952 115 1020 180 1
982 88 1044 152 1
1003 58 1077 127 1
1030 30 1097 96 1
1054 5 1121 68 1
1082 0 1144 34 1
1129 0 1165 12 1
1239 0 1279 29 1
1196 0 1260 50 1
1167 12 1229 77 1
1143 38 1205 105 1
1118 60 1179 127 1
1089 92 1151 157 1
1068 123 1125 181 1
1045 147 1105 212 1
1011 170 1077 239 1
986 201 1050 267 1
960 220 1026 292 1
933 256 997 319 1
910 286 970 350 1
879 313 947 377 1
934 364 1008 432 1
1253 161 1279 206 1
1226 182 1279 249 1
1199 212 1273 278 1
1175 237 1237 300 1
996 439 1065 507 1
1016 408 1079 471 1
1042 379 1114 448 1
1070 348 1139 411 1
1100 324 1169 392 1
1129 300 1193 359 1
1150 272 1219 336 1
