374 24 450 60 1
706 98 739 177 1
705 29 735 93 1
617 17 697 51 1
387 236 466 273 1
403 274 469 310 1
610 97 690 137 1
611 58 692 96 1
372 67 454 102 1
619 354 698 393 1
626 392 705 431 1
638 432 712 470 1
639 473 717 511 1
616 312 690 348 1
618 267 698 303 1
617 226 701 258 1
620 183 701 222 1
619 141 697 178 1
399 485 476 524 1
398 526 473 566 1
630 551 711 592 1
390 570 470 607 1
392 609 474 652 1
388 315 474 354 1
388 360 472 397 1
393 403 468 436 1
400 445 484 480 1
713 186 747 261 1
716 268 750 346 1
835 299 915 331 1
840 336 923 374 1
839 419 920 455 1
396 646 489 690 1
718 358 754 436 1
723 441 757 520 1
723 528 758 606 1
723 610 761 689 1
629 597 706 633 1
631 635 708 673 1
635 514 712 550 1
842 219 919 252 1
836 259 914 295 1
376 109 459 143 1
381 151 462 187 1
388 192 467 228 1
829 180 910 214 1
824 138 905 174 1
823 97 894 134 1
823 57 898 95 1
818 17 887 54 1
700 0 733 27 1
612 0 690 14 1
377 0 452 19 1
818 0 886 15 1
415 693 490 719 1
644 670 722 715 1
861 621 943 660 1
862 661 926 700 1
857 698 937 719 1
850 580 929 620 1
844 540 916 577 1
841 462 919 497 1
843 503 922 537 1
836 382 918 419 1
