940 514 1050 590 1
942 453 1056 528 1
955 388 1048 464 1
927 306 1035 384 1
946 254 1013 317 1
893 165 992 247 1
877 91 980 184 1
871 32 977 119 1
889 0 973 58 1
677 0 784 31 1
670 30 776 80 1
683 82 800 135 1
703 137 800 184 1
694 186 811 231 1
689 238 812 290 1
702 286 823 345 1
715 346 831 395 1
737 405 829 450 1
445 0 561 43 1
465 41 560 91 1
459 91 575 140 1
450 143 566 196 1
471 202 564 248 1
459 253 566 308 1
455 305 586 362 1
461 364 584 416 1
467 430 581 474 1
352 432 469 484 1
337 321 450 374 1
334 262 452 315 1
322 206 449 262 1
345 54 447 105 1
333 0 439 57 1
89 21 202 77 1
0 28 90 86 1
98 70 217 124 1
100 124 219 174 1
109 175 217 222 1
102 225 221 275 1
102 277 215 328 1
101 334 224 383 1
0 342 100 397 1
111 388 228 438 1
0 399 110 448 1
75 448 195 503 1
