607 442 684 480 1
514 410 586 445 1
879 563 960 599 1
879 683 957 719 1
614 367 684 402 1
607 405 687 439 1
524 691 601 719 1
609 685 687 719 1
608 644 689 681 1
613 603 686 636 1
509 608 583 642 1
613 565 686 599 1
800 688 864 719 1
794 647 865 681 1
876 642 948 677 1
876 604 954 638 1
789 608 870 643 1
354 692 418 719 1
342 653 422 688 1
610 328 681 362 1
782 567 866 604 1
791 527 874 564 1
878 525 952 559 1
878 483 951 520 1
797 489 860 523 1
791 447 868 484 1
883 446 944 478 1
869 406 946 444 1
788 408 864 444 1
787 367 862 404 1
885 366 959 403 1
876 326 951 364 1
785 327 861 364 1
883 289 953 323 1
330 378 407 411 1
333 333 404 372 1
146 327 225 360 1
147 365 228 402 1
150 404 232 436 1
154 442 237 477 1
159 482 238 515 1
166 522 245 556 1
333 613 405 647 1
1066 516 1146 551 1
1054 556 1140 592 1
1058 592 1131 626 1
1058 629 1136 662 1
1072 670 1138 706 1
1067 709 1145 719 1
1066 398 1139 432 1
1072 434 1129 469 1
1064 475 1145 508 1
1056 286 1126 319 1
786 287 863 327 1
516 453 587 489 1
516 491 591 524 1
516 529 592 560 1
527 567 603 603 1
523 648 595 684 1
607 527 684 563 1
606 486 684 522 1
167 602 237 639 1
166 559 240 599 1
332 417 409 452 1
1047 247 1121 283 1
1043 206 1122 246 1
1044 170 1122 206 1
1042 135 1110 166 1
1039 92 1124 133 1
1042 53 1119 91 1
1039 20 1116 54 1
1037 0 1109 19 1
789 250 868 287 1
877 248 947 283 1
870 208 945 247 1
791 209 867 246 1
875 170 943 204 1
789 173 864 208 1
787 135 857 172 1
865 57 938 96 1
588 0 664 20 1
589 24 664 59 1
591 60 662 96 1
595 97 676 133 1
602 135 675 169 1
511 213 589 247 1
507 173 580 211 1
518 134 590 170 1
509 94 585 132 1
507 60 580 95 1
507 20 581 59 1
506 0 583 19 1
335 0 406 29 1
338 31 410 66 1
334 67 412 103 1
330 105 409 141 1
339 140 407 175 1
336 179 403 213 1
331 216 400 251 1
319 253 387 291 1
326 296 398 332 1
136 286 212 323 1
139 247 214 286 1
138 208 216 246 1
148 171 222 205 1
137 131 215 171 1
133 94 221 129 1
137 57 213 92 1
154 20 227 56 1
140 0 217 19 1
1050 327 1125 361 1
