853 4 891 82 1
858 107 895 196 1
853 220 893 306 1
850 321 888 404 1
844 435 877 519 1
1047 414 1123 452 1
657 49 722 86 1
647 169 726 210 1
642 293 718 329 1
648 334 720 368 1
648 373 723 412 1
647 417 724 451 1
642 455 720 493 1
642 499 720 534 1
636 537 716 575 1
636 580 715 619 1
636 620 713 655 1
632 662 710 699 1
630 698 715 719 1
466 383 540 436 1
461 595 535 645 1
461 637 538 688 1
459 679 532 719 1
469 90 550 146 1
470 8 552 61 1
311 4 397 55 1
318 49 395 105 1
311 106 391 156 1
309 147 392 201 1
310 195 389 256 1
301 236 385 299 1
299 283 382 343 1
304 332 387 393 1
309 391 381 440 1
304 434 375 486 1
298 482 370 528 1
304 527 375 582 1
300 576 378 627 1
300 620 370 672 1
296 669 373 719 1
