513 216 564 333 1
639 236 690 346 1
574 221 628 347 1
447 193 507 320 1
314 210 374 336 1
378 217 437 346 1
256 205 316 328 1
69 207 137 311 1
11 203 81 318 1
1008 590 1070 718 1
697 236 749 357 1
765 243 811 365 1
830 236 886 355 1
890 220 950 358 1
954 242 1011 367 1
1019 251 1073 362 1
1077 217 1139 340 1
1146 237 1212 362 1
945 587 1002 710 1
883 580 933 702 1
814 589 865 711 1
751 584 804 704 1
685 588 732 698 1
617 586 676 715 1
488 584 547 713 1
422 581 477 708 1
363 554 418 672 1
298 551 355 675 1
239 547 296 664 1
122 542 178 658 1
52 539 116 671 1
0 545 59 654 1
