185 101 253 135 1
251 103 320 137 1
408 100 486 134 1
505 101 573 134 1
588 101 651 136 1
709 108 776 142 1
1017 119 1078 156 1
1087 126 1152 160 1
1264 130 1279 161 1
1248 262 1279 328 1
1215 260 1249 327 1
1183 266 1216 325 1
1151 259 1186 321 1
1120 270 1151 311 1
1087 257 1119 321 1
1055 258 1086 322 1
1023 263 1056 333 1
986 251 1018 327 1
955 258 987 319 1
924 255 956 323 1
890 258 930 332 1
853 255 884 323 1
822 250 851 319 1
784 247 817 315 1
752 256 779 325 1
714 243 745 315 1
679 247 711 314 1
642 244 674 316 1
608 246 641 319 1
573 242 603 314 1
535 246 566 321 1
498 241 527 312 1
458 240 488 304 1
420 245 452 317 1
377 250 411 318 1
376 321 412 397 1
431 398 467 458 1
465 403 506 471 1
502 400 537 461 1
648 399 689 468 1
684 399 724 469 1
714 397 757 467 1
756 402 799 468 1
928 403 970 468 1
995 399 1037 470 1
1033 407 1070 471 1
1160 412 1205 472 1
1192 406 1239 473 1
1257 420 1279 479 1
1225 534 1276 599 1
1185 536 1243 604 1
1111 536 1160 598 1
1078 526 1138 600 1
882 538 934 600 1
803 532 852 601 1
765 536 811 600 1
639 531 692 607 1
598 539 642 611 1
563 537 603 602 1
515 540 562 607 1
436 538 482 609 1
400 525 444 604 1
356 537 401 610 1
324 530 367 599 1
289 520 335 586 1
