769 0 845 21 1
772 28 846 62 1
774 68 851 104 1
770 106 844 142 1
793 184 870 221 1
764 226 839 261 1
647 0 681 61 1
649 67 681 139 1
656 145 692 227 1
568 0 640 18 1
558 26 638 63 1
563 67 637 104 1
561 109 638 142 1
566 148 642 186 1
573 189 650 227 1
571 233 645 269 1
571 274 644 309 1
569 353 652 391 1
334 0 419 26 1
323 30 402 67 1
320 73 401 108 1
333 114 404 149 1
322 161 393 193 1
322 199 404 234 1
327 240 396 279 1
338 279 418 317 1
342 319 419 359 1
332 446 414 484 1
339 364 416 399 1
336 406 412 442 1
668 480 701 559 1
662 233 695 316 1
662 323 695 404 1
667 411 697 475 1
579 399 659 433 1
570 318 649 351 1
786 433 862 466 1
788 512 865 550 1
791 554 868 588 1
339 493 417 530 1
339 535 422 570 1
347 574 430 614 1
349 618 428 655 1
365 656 431 692 1
672 562 706 641 1
572 479 652 519 1
573 440 654 478 1
578 522 654 564 1
578 562 661 603 1
577 603 660 642 1
574 644 657 683 1
796 672 876 708 1
577 692 648 719 1
348 696 435 719 1
678 647 714 719 1
804 591 878 627 1
798 631 874 670 1
786 271 869 307 1
788 312 864 348 1
788 355 855 388 1
783 395 853 426 1
789 473 859 507 1
767 144 841 180 1
