775 103 817 193 1
722 95 762 187 1
673 112 710 170 1
616 93 660 188 1
566 92 610 187 1
900 338 960 429 1
737 329 799 424 1
792 321 857 423 1
511 105 560 206 1
785 520 861 620 1
953 329 1008 426 1
525 322 580 420 1
598 506 679 618 1
659 522 725 613 1
907 511 982 608 1
960 527 1024 616 1
841 520 915 617 1
467 312 528 416 1
361 317 425 414 1
48 88 99 188 1
291 516 362 613 1
824 95 869 195 1
1101 324 1165 418 1
1047 314 1109 421 1
999 322 1060 417 1
1234 530 1279 634 1
1187 533 1254 621 1
1132 519 1216 623 1
1065 519 1150 623 1
1014 523 1084 610 1
875 101 917 196 1
926 119 968 195 1
973 109 1019 198 1
1023 111 1071 210 1
101 316 171 411 1
44 311 115 407 1
0 313 68 410 1
176 507 249 611 1
120 510 192 603 1
0 502 22 576 1
1075 106 1122 206 1
1124 104 1169 199 1
1172 117 1221 206 1
1222 122 1268 214 1
0 95 49 192 1
148 90 196 185 1
98 108 146 203 1
203 97 249 191 1
290 98 347 209 1
251 98 293 195 1
453 88 499 198 1
405 97 446 188 1
355 97 400 193 1
