349 8 443 54 1
332 109 434 160 1
327 161 450 216 1
438 447 554 492 1
447 389 557 435 1
323 388 431 433 1
323 277 437 325 1
444 109 563 161 1
451 336 554 384 1
0 60 47 112 1
0 183 40 234 1
69 119 188 168 1
137 65 261 131 1
459 11 572 64 1
459 169 561 215 1
442 278 562 325 1
328 220 440 265 1
320 492 432 547 1
420 553 546 609 1
431 612 553 666 1
679 610 796 665 1
806 609 920 664 1
797 673 914 719 1
804 549 916 599 1
791 493 906 543 1
806 439 917 488 1
822 385 914 430 1
687 395 811 444 1
686 336 801 385 1
694 224 800 278 1
810 220 923 269 1
806 275 923 325 1
811 113 919 165 1
812 163 923 217 1
689 122 800 177 1
695 71 792 120 1
701 20 791 70 1
809 28 906 80 1
813 0 918 25 1
696 0 800 18 1
1041 249 1150 300 1
1045 304 1149 355 1
1051 361 1158 409 1
1057 413 1159 461 1
1051 464 1162 513 1
1038 520 1153 568 1
1171 330 1269 377 1
1174 384 1271 433 1
1166 501 1279 554 1
1173 571 1279 624 1
1167 627 1279 682 1
1045 574 1161 628 1
1032 629 1151 678 1
1041 677 1143 719 1
71 5 198 60 1
