637 126 673 213 1
634 222 668 304 1
622 359 663 436 1
618 467 655 533 1
621 538 658 618 1
403 383 483 422 1
414 433 492 466 1
415 474 493 508 1
404 516 484 549 1
400 552 473 591 1
388 594 468 629 1
400 635 472 672 1
418 678 479 710 1
316 327 397 363 1
243 413 320 463 1
245 462 316 508 1
209 511 292 554 1
227 548 304 592 1
225 666 299 715 1
58 671 141 719 1
68 625 149 678 1
59 575 145 629 1
67 528 154 583 1
73 481 150 531 1
68 435 150 487 1
76 387 156 446 1
65 339 157 396 1
86 298 162 351 1
84 254 170 303 1
87 211 169 258 1
199 177 280 218 1
