982 653 1017 719 1
1020 657 1057 719 1
1059 658 1097 719 1
1099 660 1134 719 1
650 258 730 295 1
660 299 735 337 1
660 338 741 374 1
567 338 644 376 1
565 297 642 335 1
570 261 635 296 1
381 300 447 336 1
381 340 453 377 1
288 303 361 340 1
657 380 737 416 1
663 424 742 460 1
567 383 648 418 1
577 421 652 455 1
565 460 649 496 1
679 462 743 497 1
666 501 745 540 1
559 499 641 541 1
281 346 353 382 1
280 385 360 420 1
378 381 456 415 1
366 420 445 460 1
378 462 459 498 1
291 467 370 503 1
281 426 362 459 1
292 511 369 543 1
846 418 925 453 1
847 458 925 498 1
857 503 936 539 1
937 458 1016 493 1
940 497 1018 535 1
1130 528 1204 564 1
1133 570 1206 605 1
1130 609 1205 644 1
851 377 931 411 1
940 413 1018 445 1
939 371 1019 409 1
939 332 1009 370 1
846 332 927 370 1
930 291 1013 328 1
847 295 926 330 1
844 255 928 294 1
929 253 993 286 1
929 217 1005 252 1
846 216 924 254 1
833 180 913 215 1
927 178 993 213 1
926 138 995 174 1
835 138 910 175 1
921 98 996 136 1
831 95 910 137 1
833 61 904 96 1
915 61 985 97 1
914 22 989 61 1
826 20 904 61 1
824 0 904 21 1
908 0 981 23 1
1095 0 1173 25 1
1103 23 1177 63 1
1102 65 1180 100 1
1108 103 1186 141 1
1115 141 1190 176 1
1121 179 1184 216 1
1117 217 1197 251 1
1118 256 1200 291 1
1114 293 1192 327 1
1118 334 1195 367 1
1119 372 1192 407 1
1129 413 1208 446 1
1128 451 1217 486 1
1132 490 1211 521 1
899 671 977 708 1
890 711 967 719 1
730 679 798 716 1
670 642 753 679 1
638 686 717 719 1
449 688 527 719 1
366 689 443 719 1
414 648 492 685 1
653 584 732 620 1
651 219 727 254 1
650 177 727 215 1
558 219 631 255 1
553 176 633 218 1
655 140 729 175 1
561 141 634 176 1
559 101 636 138 1
654 101 730 137 1
645 62 722 100 1
558 64 631 101 1
555 24 626 63 1
643 26 722 62 1
644 0 720 23 1
551 0 626 23 1
375 263 452 298 1
282 264 361 300 1
370 221 447 258 1
285 222 360 259 1
279 186 350 219 1
369 176 455 218 1
364 142 437 175 1
282 144 360 183 1
284 107 360 144 1
375 104 446 140 1
376 64 444 105 1
285 68 358 106 1
289 26 363 68 1
372 24 446 65 1
375 0 447 25 1
288 0 361 26 1
146 0 184 49 1
139 62 180 137 1
139 147 179 223 1
138 242 177 313 1
134 329 175 400 1
