370 4 447 44 1
364 91 440 127 1
696 165 729 244 1
695 96 725 160 1
607 84 687 118 1
367 178 445 215 1
367 220 450 255 1
375 259 458 299 1
377 303 456 340 1
393 341 459 377 1
600 164 680 204 1
601 125 682 163 1
362 134 444 169 1
603 40 680 78 1
822 242 904 276 1
834 282 911 315 1
828 322 906 358 1
828 361 906 396 1
830 402 915 441 1
609 421 688 460 1
616 459 695 498 1
628 499 702 537 1
629 540 707 578 1
716 508 748 585 1
836 563 914 596 1
833 524 913 560 1
829 445 911 482 1
831 483 910 522 1
606 379 680 415 1
608 334 688 370 1
607 293 691 325 1
610 250 691 289 1
609 208 687 245 1
711 425 749 508 1
709 335 743 413 1
819 202 901 236 1
703 250 739 328 1
629 579 705 616 1
389 552 466 591 1
388 593 463 633 1
717 591 749 668 1
365 50 442 87 1
594 0 672 40 1
688 13 719 92 1
811 41 879 75 1
808 0 887 38 1
836 603 910 641 1
840 643 922 682 1
620 618 701 659 1
621 661 698 698 1
380 637 460 674 1
808 80 877 115 1
811 119 887 158 1
812 160 883 194 1
382 676 464 719 1
624 699 703 719 1
718 675 754 719 1
855 685 936 719 1
378 382 464 421 1
378 427 462 464 1
383 470 458 503 1
390 512 474 547 1
