448 274 485 354 1
532 551 570 634 1
493 191 525 252 1
493 285 527 354 1
530 187 572 266 1
616 555 655 632 1
575 557 612 638 1
534 277 570 359 1
660 551 700 634 1
660 462 700 544 1
616 463 655 544 1
579 185 615 263 1
619 193 654 258 1
657 184 691 259 1
699 188 738 269 1
704 276 739 356 1
660 265 697 346 1
621 273 655 352 1
575 272 613 351 1
742 554 780 628 1
701 466 739 546 1
699 550 735 627 1
505 1 542 89 1
448 185 485 261 1
788 275 823 357 1
783 185 817 259 1
743 185 778 267 1
748 271 782 359 1
787 462 824 540 1
747 463 779 544 1
786 549 821 626 1
535 677 622 718 1
575 461 609 546 1
614 9 651 84 1
658 8 690 86 1
699 5 731 76 1
740 6 772 83 1
781 2 818 79 1
823 22 858 93 1
860 10 894 89 1
902 10 939 86 1
941 8 977 88 1
978 6 1018 87 1
1019 5 1058 84 1
1070 63 1152 101 1
1158 64 1238 100 1
1241 61 1279 101 1
466 2 500 80 1
424 8 458 83 1
382 4 416 87 1
341 0 376 80 1
304 0 340 77 1
258 8 297 91 1
207 9 248 89 1
149 15 188 93 1
31 8 73 80 1
0 11 16 86 1
823 183 860 261 1
868 186 904 262 1
905 184 941 261 1
947 186 986 266 1
988 181 1022 259 1
1026 186 1063 253 1
1062 189 1103 263 1
1104 189 1143 265 1
1142 195 1180 268 1
1181 197 1223 272 1
1219 196 1270 272 1
1266 197 1279 270 1
1259 280 1279 355 1
1223 283 1267 349 1
1182 281 1228 357 1
1186 366 1269 398 1
1145 281 1185 356 1
1105 279 1146 355 1
1068 278 1106 359 1
1029 274 1067 352 1
989 274 1028 353 1
950 274 988 352 1
911 270 949 352 1
869 262 908 347 1
824 275 863 355 1
406 184 441 262 1
410 267 445 346 1
366 180 402 258 1
368 275 406 350 1
326 185 363 264 1
326 277 364 355 1
286 186 322 260 1
286 267 324 351 1
247 183 283 259 1
247 269 283 353 1
203 183 243 261 1
203 276 240 349 1
167 271 202 351 1
121 190 165 266 1
85 186 126 259 1
42 181 86 255 1
5 182 47 258 1
0 191 9 261 1
124 277 164 351 1
85 271 125 354 1
45 278 84 356 1
0 272 45 354 1
826 461 860 537 1
868 460 907 539 1
910 462 945 541 1
951 460 988 540 1
992 459 1030 541 1
1031 460 1068 542 1
1070 461 1114 543 1
1109 462 1144 540 1
1146 421 1185 494 1
1187 456 1236 535 1
1224 456 1270 532 1
1261 450 1279 528 1
1232 552 1279 631 1
1189 548 1231 624 1
1149 546 1188 623 1
1110 545 1149 623 1
1070 549 1111 627 1
1029 555 1073 626 1
990 546 1030 632 1
951 547 988 626 1
909 549 947 635 1
869 547 905 632 1
828 553 865 628 1
527 460 564 541 1
488 464 525 546 1
491 557 525 632 1
448 462 480 531 1
447 553 482 627 1
405 454 442 530 1
407 550 442 630 1
363 456 400 536 1
363 547 404 626 1
321 457 360 534 1
324 549 359 626 1
278 455 318 544 1
285 552 320 624 1
241 462 278 538 1
246 555 281 630 1
198 458 236 538 1
200 545 240 627 1
158 454 198 536 1
161 547 198 625 1
116 455 159 537 1
120 543 159 626 1
77 546 119 622 1
76 460 116 539 1
36 448 79 536 1
0 452 36 536 1
37 549 78 624 1
0 546 37 629 1
