621 427 660 503 1
621 522 657 601 1
579 521 617 603 1
540 531 575 611 1
545 237 580 313 1
505 226 541 303 1
663 523 700 602 1
662 425 702 505 1
704 424 743 504 1
706 524 741 594 1
497 530 529 607 1
454 524 492 604 1
457 425 492 508 1
498 430 531 509 1
537 431 573 510 1
579 430 616 507 1
742 432 779 496 1
585 236 623 315 1
627 231 664 312 1
583 141 620 217 1
711 140 742 209 1
670 144 706 222 1
628 145 663 224 1
670 235 705 312 1
506 142 541 222 1
546 144 579 217 1
413 427 451 503 1
417 525 452 601 1
789 429 826 512 1
748 523 785 598 1
785 524 825 608 1
830 524 866 590 1
829 427 869 508 1
870 435 904 512 1
872 518 910 597 1
910 514 948 588 1
915 415 954 501 1
956 428 991 495 1
990 425 1032 506 1
1030 425 1070 501 1
1069 413 1106 488 1
1109 409 1145 486 1
1145 410 1185 490 1
1185 411 1226 489 1
375 439 410 506 1
373 522 410 606 1
334 528 370 609 1
312 603 385 671 1
333 435 372 515 1
293 435 332 514 1
254 432 292 516 1
219 442 255 519 1
181 430 219 513 1
136 423 179 505 1
255 526 291 604 1
212 527 250 610 1
177 541 212 606 1
136 529 175 606 1
0 528 40 615 1
8 271 48 345 1
0 312 8 386 1
0 232 13 302 1
149 160 187 237 1
187 161 229 236 1
186 247 225 329 1
229 149 268 229 1
225 233 263 315 1
267 146 307 226 1
266 247 303 323 1
302 246 339 318 1
304 146 342 217 1
344 150 379 227 1
343 244 381 312 1
384 146 419 220 1
425 146 461 224 1
466 141 500 213 1
462 232 503 320 1
420 233 457 315 1
382 241 417 316 1
951 516 989 596 1
992 520 1029 591 1
1030 519 1066 598 1
1067 516 1106 587 1
1109 511 1146 578 1
1147 508 1188 585 1
1188 518 1229 586 1
1193 709 1231 719 1
1148 706 1186 719 1
1111 710 1146 719 1
1067 708 1100 719 1
1027 700 1067 719 1
985 706 1024 719 1
945 709 982 719 1
750 136 784 213 1
712 230 748 302 1
749 226 788 302 1
790 229 828 306 1
833 221 867 296 1
871 226 907 302 1
912 227 948 304 1
952 236 991 309 1
993 234 1031 314 1
1031 241 1068 321 1
1072 242 1106 315 1
1109 241 1148 315 1
1150 240 1185 316 1
1184 235 1226 310 1
1187 144 1224 220 1
1144 141 1186 215 1
1105 140 1142 214 1
1028 143 1063 216 1
1066 138 1103 218 1
1181 85 1251 118 1
986 145 1026 222 1
947 142 982 212 1
907 141 942 211 1
871 139 906 204 1
832 135 868 214 1
793 133 828 200 1
516 83 597 118 1
1046 4 1124 45 1
955 1 1032 40 1
854 4 932 42 1
761 0 840 36 1
656 3 735 38 1
560 0 640 36 1
471 0 550 39 1
381 3 453 41 1
294 4 367 40 1
