713 421 779 488 1
745 394 808 456 1
769 364 834 431 1
793 332 864 400 1
811 298 877 359 1
857 390 925 458 1
830 422 899 487 1
472 400 531 457 1
440 421 508 486 1
805 449 872 520 1
883 360 949 425 1
454 273 519 341 1
373 363 437 427 1
397 335 473 407 1
427 303 499 371 1
345 389 414 454 1
407 448 478 515 1
385 476 454 541 1
357 506 426 569 1
322 418 388 484 1
265 474 334 540 1
238 504 307 572 1
630 509 693 575 1
653 476 721 546 1
680 447 741 512 1
751 510 816 580 1
908 333 964 386 1
844 270 910 332 1
779 485 845 549 1
589 537 657 604 1
722 536 791 605 1
692 569 751 626 1
653 591 720 656 1
937 574 1005 636 1
582 281 647 346 1
521 335 593 403 1
485 362 557 434 1
331 533 396 602 1
610 252 675 320 1
493 252 553 311 1
509 215 582 285 1
553 308 618 375 1
546 197 610 261 1
569 161 634 222 1
594 128 663 195 1
624 98 689 165 1
651 75 712 134 1
665 195 728 254 1
694 170 756 230 1
717 136 781 195 1
737 99 808 169 1
680 48 743 114 1
773 80 837 144 1
931 297 1000 366 1
964 543 1036 609 1
989 514 1057 580 1
1020 491 1082 555 1
1043 465 1107 530 1
1060 433 1128 497 1
1091 407 1147 462 1
913 600 978 665 1
307 568 373 636 1
285 600 348 659 1
292 441 359 506 1
215 533 283 602 1
182 562 250 630 1
254 626 321 687 1
522 612 584 671 1
332 656 402 719 1
487 639 557 708 1
463 668 528 719 1
434 695 484 719 1
807 710 834 719 1
828 681 888 719 1
854 656 919 716 1
884 628 950 690 1
159 588 221 653 1
204 687 264 719 1
128 617 198 683 1
100 645 173 718 1
33 594 118 659 1
869 241 929 299 1
896 219 953 272 1
920 186 980 251 1
978 242 1041 302 1
956 272 1021 336 1
1005 216 1072 282 1
1031 195 1100 259 1
940 157 1012 225 1
966 131 1035 194 1
996 111 1064 175 1
1056 166 1115 230 1
1084 140 1143 198 1
1108 119 1162 173 1
1124 86 1187 150 1
1162 71 1224 133 1
1190 38 1245 104 1
1221 18 1271 81 1
1233 0 1279 47 1
1169 0 1214 21 1
1117 0 1184 44 1
1096 3 1158 65 1
1070 31 1134 85 1
1045 58 1115 119 1
1026 87 1080 141 1
797 52 865 119 1
829 32 889 94 1
856 7 914 69 1
873 0 938 43 1
918 0 964 22 1
709 25 774 87 1
734 0 798 55 1
767 0 820 27 1
819 0 857 13 1
489 0 558 41 1
547 0 589 21 1
467 5 530 66 1
437 29 500 89 1
411 58 477 126 1
386 91 452 155 1
306 69 375 130 1
359 120 421 183 1
325 140 395 206 1
250 132 316 196 1
296 170 363 235 1
276 206 342 273 1
244 226 307 294 1
183 165 246 227 1
153 195 222 264 1
212 258 281 323 1
187 285 251 348 1
128 227 189 285 1
93 249 165 316 1
156 310 220 373 1
129 338 193 402 1
62 275 129 340 1
41 305 106 369 1
5 335 75 402 1
105 371 171 439 1
65 397 137 461 1
47 428 116 493 1
20 459 88 528 1
0 482 53 548 1
0 359 50 427 1
0 417 21 458 1
0 535 33 588 1
0 154 32 210 1
24 91 93 158 1
86 27 155 92 1
1106 370 1174 433 1
1131 344 1193 405 1
1151 315 1223 382 1
1187 298 1253 362 1
1211 274 1279 334 1
1239 247 1279 307 1
1257 221 1279 249 1
547 700 591 719 1
