838 1 874 71 1
839 81 882 161 1
825 302 864 381 1
817 407 858 483 1
808 500 849 580 1
809 607 848 690 1
639 8 715 46 1
631 45 703 84 1
624 84 695 122 1
619 126 690 160 1
627 167 695 207 1
644 213 701 246 1
631 252 698 290 1
619 330 691 366 1
603 378 682 412 1
611 540 676 577 1
595 663 675 698 1
469 0 539 48 1
449 36 530 90 1
451 83 524 136 1
449 197 522 244 1
450 244 526 292 1
426 498 507 545 1
423 579 505 629 1
292 14 371 68 1
302 0 371 25 1
292 61 378 119 1
285 104 370 160 1
276 153 371 210 1
283 196 365 259 1
271 242 357 301 1
279 303 358 353 1
276 346 360 400 1
269 393 350 449 1
257 426 342 486 1
266 484 348 535 1
262 531 344 582 1
261 585 340 633 1
256 630 340 682 1
250 680 336 719 1
