649 300 731 333 1
656 340 730 372 1
663 381 735 415 1
660 420 731 454 1
658 459 738 495 1
660 500 736 537 1
658 539 734 577 1
657 580 730 614 1
651 617 730 654 1
645 658 724 697 1
651 699 719 719 1
841 669 915 710 1
925 671 992 707 1
917 710 985 719 1
1099 698 1175 719 1
1098 662 1179 697 1
1100 625 1177 660 1
138 667 179 719 1
838 630 916 665 1
926 628 1004 665 1
930 590 1008 627 1
932 551 1008 588 1
839 592 907 628 1
841 551 919 588 1
929 513 1008 550 1
930 476 1006 511 1
847 510 920 546 1
847 471 922 509 1
844 434 923 467 1
930 437 1008 471 1
1105 586 1176 620 1
1107 548 1185 582 1
1108 511 1185 545 1
1103 470 1189 506 1
1105 433 1184 464 1
1113 396 1186 430 1
1111 360 1189 393 1
1105 322 1183 354 1
1109 283 1174 317 1
1098 240 1173 275 1
1098 206 1168 240 1
1093 168 1176 204 1
1105 133 1185 168 1
1106 91 1186 127 1
1116 56 1173 90 1
1109 18 1185 53 1
920 13 996 49 1
929 50 992 83 1
927 85 998 120 1
925 124 995 158 1
925 162 1003 197 1
920 197 998 235 1
918 236 990 271 1
922 278 998 313 1
922 314 1003 352 1
928 358 990 389 1
927 393 1003 431 1
834 394 907 430 1
840 353 913 387 1
837 315 907 348 1
844 278 908 310 1
841 234 909 271 1
837 198 916 234 1
835 159 913 192 1
842 121 921 156 1
848 82 911 118 1
843 46 922 81 1
840 7 915 48 1
671 0 744 30 1
665 31 743 67 1
666 67 740 103 1
662 106 737 141 1
669 143 738 177 1
666 181 738 216 1
656 220 737 257 1
659 258 733 294 1
571 258 650 295 1
571 219 645 255 1
563 177 637 215 1
582 141 656 175 1
572 98 648 139 1
574 63 650 99 1
580 29 647 61 1
576 0 647 27 1
399 61 473 95 1
220 0 296 39 1
222 42 289 72 1
224 233 303 273 1
402 102 464 135 1
399 140 474 175 1
385 175 457 210 1
392 216 472 251 1
400 253 464 287 1
386 294 459 329 1
380 332 462 368 1
377 374 453 407 1
378 413 454 448 1
375 453 446 487 1
378 493 454 527 1
383 531 457 566 1
382 572 451 609 1
372 612 451 647 1
371 650 450 684 1
385 691 461 719 1
332 633 366 706 1
330 547 365 626 1
560 698 644 719 1
559 655 638 692 1
557 617 634 652 1
572 578 637 611 1
561 539 642 575 1
574 501 645 536 1
567 459 638 492 1
562 418 642 454 1
561 378 639 414 1
565 340 634 375 1
565 300 643 335 1
