808 222 846 299 1
800 328 840 407 1
838 470 925 524 1
792 423 831 501 1
793 533 833 614 1
577 583 657 628 1
595 461 660 499 1
585 293 659 334 1
601 250 674 288 1
609 168 678 207 1
621 129 680 163 1
822 0 861 73 1
603 87 674 124 1
594 44 670 80 1
601 0 670 42 1
424 1 502 48 1
426 123 498 170 1
426 165 499 215 1
406 420 481 470 1
399 502 484 559 1
270 0 351 35 1
261 27 340 83 1
263 74 346 133 1
257 124 338 179 1
258 165 331 225 1
253 227 333 278 1
250 269 334 326 1
247 318 323 371 1
245 358 321 414 1
244 413 325 458 1
240 456 323 511 1
243 514 318 562 1
236 558 316 612 1
232 605 314 663 1
225 647 309 710 1
224 692 300 719 1
