1050 417 1127 455 1
851 5 892 88 1
858 105 897 196 1
856 218 895 309 1
848 320 885 407 1
844 437 880 520 1
656 50 722 87 1
645 170 723 211 1
642 296 716 327 1
650 335 720 369 1
647 374 722 411 1
646 417 721 452 1
644 458 719 493 1
641 499 719 535 1
635 539 716 576 1
637 581 714 616 1
637 620 712 657 1
634 662 709 698 1
633 697 714 719 1
471 10 549 63 1
469 91 549 150 1
465 381 542 437 1
463 598 538 647 1
462 638 538 688 1
458 680 533 719 1
296 665 374 719 1
300 621 370 671 1
311 575 376 626 1
302 527 371 579 1
298 483 366 529 1
300 435 375 486 1
314 390 379 437 1
304 335 387 393 1
298 281 382 345 1
303 238 385 297 1
306 196 387 255 1
307 147 392 202 1
308 107 389 158 1
317 51 393 108 1
311 5 390 57 1
