821 0 860 75 1
807 219 849 300 1
800 327 841 408 1
794 421 832 501 1
836 470 922 522 1
795 530 835 612 1
592 0 676 35 1
591 41 670 79 1
604 84 673 122 1
622 127 683 163 1
607 168 679 206 1
596 248 674 287 1
578 292 662 334 1
593 462 661 502 1
577 586 663 626 1
426 0 501 48 1
425 119 498 168 1
427 163 500 214 1
405 421 482 467 1
397 506 483 556 1
225 648 310 714 1
222 691 300 719 1
229 606 315 662 1
233 557 318 613 1
241 510 315 562 1
239 455 326 513 1
242 411 325 459 1
239 351 319 413 1
246 317 325 371 1
250 268 333 322 1
251 224 334 277 1
254 165 329 219 1
251 122 337 178 1
260 77 344 131 1
255 24 338 81 1
269 0 348 33 1
