746 0 839 39 1
1173 7 1260 55 1
578 0 666 27 1
461 0 559 23 1
336 0 437 27 1
104 0 206 34 1
6 0 111 29 1
1226 197 1269 282 1
1270 200 1279 287 1
1181 207 1230 303 1
1131 191 1174 293 1
1084 201 1131 283 1
1048 195 1085 290 1
998 196 1055 302 1
947 194 991 285 1
905 189 947 281 1
852 181 898 276 1
808 195 844 291 1
757 179 796 277 1
711 185 747 277 1
657 179 699 279 1
606 183 653 279 1
557 177 600 274 1
506 183 550 282 1
451 178 493 273 1
398 176 439 259 1
346 178 391 279 1
286 188 332 280 1
279 287 332 390 1
1192 408 1247 492 1
1144 396 1200 489 1
1050 402 1107 486 1
813 399 871 489 1
755 391 814 486 1
714 394 769 492 1
664 395 719 491 1
456 396 507 480 1
406 401 462 495 1
360 396 406 480 1
989 588 1058 678 1
878 582 946 677 1
825 586 888 674 1
651 580 724 685 1
594 593 654 693 1
541 588 601 675 1
480 590 542 684 1
368 590 432 675 1
320 575 376 671 1
259 589 319 681 1
213 576 270 665 1
164 566 224 655 1
