497 134 567 205 1
444 195 519 271 1
512 251 583 327 1
485 285 557 356 1
423 346 495 412 1
732 294 800 362 1
471 166 537 232 1
384 256 452 324 1
417 223 491 297 1
447 311 520 380 1
367 289 427 349 1
700 327 769 395 1
673 355 746 420 1
737 413 808 480 1
768 387 836 449 1
795 354 868 425 1
649 384 720 455 1
619 417 690 487 1
589 444 661 517 1
368 409 440 478 1
334 311 405 384 1
714 448 779 510 1
302 344 373 414 1
280 376 338 437 1
393 375 462 445 1
570 197 639 267 1
543 227 613 295 1
561 475 628 545 1
625 535 695 603 1
651 504 723 574 1
679 477 747 544 1
528 503 600 576 1
596 566 668 635 1
498 534 570 604 1
473 566 546 638 1
243 402 309 474 1
343 441 407 502 1
307 464 382 534 1
276 489 347 559 1
214 433 285 503 1
250 524 326 592 1
821 326 895 399 1
182 460 251 528 1
158 491 229 565 1
224 556 295 624 1
189 578 263 649 1
128 523 198 586 1
159 608 238 679 1
133 645 203 710 1
101 667 178 719 1
77 703 116 719 1
3 646 79 719 1
0 674 38 719 1
37 613 105 679 1
61 580 138 651 1
96 548 168 620 1
594 156 668 231 1
537 107 604 172 1
564 77 631 144 1
630 134 699 205 1
659 108 726 177 1
594 48 664 118 1
619 18 687 85 1
648 0 708 53 1
681 0 742 33 1
770 0 837 71 1
801 0 866 44 1
847 0 895 21 1
764 267 831 336 1
790 237 858 305 1
816 208 885 275 1
844 183 914 251 1
872 152 947 225 1
899 131 964 197 1
893 75 954 135 1
947 70 1018 136 1
972 47 1037 110 1
991 16 1062 82 1
1023 0 1088 57 1
946 0 994 27 1
686 78 755 149 1
715 49 780 118 1
744 28 812 98 1
472 401 544 476 1
850 296 916 362 1
881 268 950 339 1
910 245 971 309 1
935 214 1001 282 1
957 183 1020 249 1
983 158 1045 226 1
1008 135 1072 196 1
1040 106 1103 172 1
1066 83 1127 150 1
1085 55 1150 121 1
1109 26 1176 95 1
1139 6 1200 72 1
1155 0 1228 39 1
1057 0 1120 34 1
1248 120 1279 175 1
1218 144 1279 212 1
1195 174 1262 237 1
1173 202 1244 266 1
1144 226 1214 290 1
1123 254 1189 319 1
1097 279 1173 349 1
1073 308 1144 372 1
1046 338 1117 404 1
1020 367 1091 431 1
993 391 1061 456 1
971 423 1040 488 1
943 446 1013 514 1
916 475 985 543 1
892 507 959 574 1
868 543 930 601 1
834 566 902 634 1
807 595 882 667 1
780 627 851 695 1
752 658 823 719 1
723 683 777 719 1
694 704 729 719 1
564 593 638 664 1
540 627 607 691 1
509 654 575 718 1
478 682 538 719 1
457 708 483 719 1
445 594 503 656 1
411 617 476 686 1
384 649 452 718 1
355 676 417 719 1
330 707 362 719 1
0 421 45 490 1
0 377 67 444 1
19 352 97 420 1
53 326 133 396 1
88 297 161 364 1
115 267 189 333 1
143 233 225 308 1
227 160 296 227 1
258 130 328 200 1
286 100 348 161 1
312 69 381 135 1
342 36 412 104 1
387 21 449 85 1
402 0 473 54 1
447 0 502 25 1
