675 37 711 114 1
602 188 665 221 1
681 122 712 195 1
580 18 656 54 1
582 57 659 94 1
592 141 667 177 1
601 228 661 258 1
685 207 719 292 1
596 263 681 302 1
606 313 678 349 1
370 276 437 310 1
354 192 443 229 1
368 237 450 272 1
812 130 890 169 1
801 221 882 254 1
803 254 886 295 1
371 153 439 185 1
343 60 436 103 1
344 403 435 448 1
350 362 425 396 1
344 619 431 662 1
857 618 897 700 1
794 174 872 212 1
343 663 431 706 1
689 296 725 371 1
804 296 883 333 1
812 90 876 125 1
819 375 892 416 1
818 333 895 373 1
798 13 878 51 1
812 55 892 93 1
595 88 673 133 1
364 112 442 148 1
599 390 696 433 1
601 354 681 391 1
336 24 418 62 1
365 318 448 352 1
342 584 429 625 1
675 0 708 28 1
576 0 659 16 1
335 0 416 23 1
823 419 897 451 1
820 458 897 495 1
818 498 899 535 1
529 678 562 719 1
572 669 604 719 1
614 674 645 719 1
652 668 683 719 1
694 657 731 719 1
734 659 771 719 1
774 650 814 719 1
816 644 850 719 1
196 558 259 654 1
487 691 518 719 1
