344 576 397 681 1
400 574 456 682 1
465 575 521 688 1
772 480 828 592 1
836 482 891 599 1
295 419 357 544 1
885 488 940 605 1
946 503 999 613 1
1002 500 1053 612 1
862 213 920 323 1
806 199 859 314 1
748 199 801 307 1
687 189 744 308 1
971 232 1027 324 1
1030 239 1085 330 1
1078 238 1134 354 1
1132 251 1186 345 1
1225 253 1279 371 1
1053 512 1108 623 1
1111 493 1164 605 1
1096 649 1156 719 1
1039 634 1102 719 1
982 627 1047 719 1
931 626 987 719 1
874 630 931 719 1
815 622 874 719 1
752 638 808 719 1
697 599 760 719 1
642 596 701 703 1
585 595 636 691 1
285 547 337 656 1
174 470 232 586 1
524 583 580 692 1
474 450 525 568 1
414 443 471 558 1
359 435 413 548 1
533 461 593 578 1
600 472 650 582 1
655 472 707 580 1
716 470 772 585 1
