816 140 852 225 1
775 140 813 222 1
731 150 766 230 1
859 240 896 323 1
815 228 855 315 1
777 231 816 314 1
731 234 766 314 1
858 149 894 230 1
899 139 934 221 1
939 141 976 221 1
980 148 1016 224 1
544 0 582 40 1
616 0 650 45 1
677 0 711 40 1
736 0 773 34 1
796 0 831 45 1
860 0 897 42 1
921 0 954 36 1
1032 0 1070 53 1
1091 0 1135 54 1
1141 0 1190 57 1
1186 0 1226 43 1
1228 0 1268 49 1
1263 0 1279 54 1
1156 93 1225 130 1
1254 152 1279 232 1
1215 157 1258 234 1
1175 155 1217 228 1
1135 152 1175 228 1
1095 149 1139 228 1
1017 152 1057 230 1
1258 247 1279 325 1
1217 248 1265 322 1
899 234 939 319 1
941 241 978 320 1
982 236 1020 320 1
1023 243 1060 316 1
1062 240 1101 318 1
1101 246 1138 316 1
1141 239 1181 321 1
1180 239 1219 318 1
1258 422 1279 500 1
1218 425 1262 500 1
1177 425 1224 507 1
1140 431 1179 505 1
1260 516 1279 594 1
1099 427 1137 507 1
1060 423 1100 505 1
1020 425 1060 505 1
981 429 1017 509 1
1219 516 1259 591 1
1179 521 1220 589 1
940 418 978 506 1
898 422 936 506 1
856 428 891 497 1
817 426 854 506 1
773 424 809 495 1
730 424 764 506 1
1142 522 1183 598 1
1101 513 1139 594 1
1060 517 1099 594 1
1022 514 1061 595 1
980 517 1019 594 1
941 521 977 595 1
898 518 940 600 1
857 513 896 597 1
818 512 857 588 1
734 584 817 642 1
531 586 615 622 1
508 521 595 561 1
518 462 606 496 1
514 402 603 440 1
519 277 598 316 1
511 163 593 198 1
519 99 602 141 1
1260 689 1279 719 1
1216 689 1261 719 1
1175 688 1221 719 1
1133 695 1174 719 1
1093 698 1132 719 1
1055 693 1094 719 1
1014 688 1054 719 1
970 688 1010 719 1
932 689 966 719 1
893 699 930 719 1
