908 698 984 719 1
1105 691 1181 719 1
1095 618 1169 655 1
1102 578 1171 611 1
1094 539 1169 575 1
825 700 898 719 1
928 657 999 694 1
827 658 902 694 1
920 618 995 654 1
828 620 904 656 1
837 581 907 618 1
929 581 997 612 1
1094 499 1175 538 1
923 541 991 572 1
841 546 914 580 1
922 500 993 537 1
922 461 994 495 1
1098 461 1176 497 1
1097 424 1164 459 1
1099 381 1182 419 1
1101 343 1181 379 1
1106 305 1178 337 1
1105 264 1174 298 1
919 219 991 254 1
911 184 978 218 1
915 262 985 293 1
825 342 900 377 1
830 300 895 335 1
825 260 907 296 1
824 223 894 256 1
818 182 896 220 1
823 141 893 178 1
926 109 990 147 1
921 69 998 108 1
921 36 992 70 1
833 30 903 67 1
815 0 890 25 1
826 69 901 105 1
828 105 893 140 1
1081 0 1160 36 1
1093 39 1164 73 1
1093 74 1171 110 1
641 0 710 21 1
632 21 709 59 1
630 59 702 94 1
634 93 709 132 1
640 134 714 171 1
641 174 712 209 1
638 212 717 249 1
641 252 716 291 1
638 295 718 331 1
639 336 716 370 1
643 376 724 411 1
649 417 724 449 1
645 454 721 490 1
651 497 722 533 1
636 537 718 574 1
551 553 631 588 1
555 498 631 533 1
552 459 625 493 1
560 413 636 450 1
552 371 634 411 1
550 332 627 366 1
554 293 631 330 1
554 251 632 287 1
551 212 630 248 1
550 172 625 208 1
549 133 620 167 1
548 94 622 129 1
555 57 626 92 1
550 19 628 55 1
556 0 626 19 1
366 0 444 15 1
368 18 439 53 1
380 56 451 92 1
373 95 448 132 1
373 135 447 170 1
374 173 450 207 1
369 213 449 250 1
371 251 448 290 1
371 291 447 328 1
369 329 450 369 1
366 373 447 408 1
373 412 446 446 1
372 451 440 488 1
365 491 437 530 1
352 531 423 567 1
358 575 437 611 1
367 613 440 648 1
364 656 443 692 1
368 695 448 719 1
175 675 260 712 1
169 635 256 673 1
172 596 254 632 1
162 558 240 592 1
163 517 241 552 1
166 473 246 509 1
174 434 251 468 1
162 394 244 431 1
160 352 252 388 1
165 312 244 346 1
182 272 256 309 1
169 232 251 268 1
191 195 258 228 1
170 153 248 190 1
166 84 243 120 1
166 40 245 82 1
170 0 251 40 1
