81 43 151 163 1
151 45 215 162 1
201 61 270 180 1
261 64 326 184 1
328 61 395 180 1
387 74 449 182 1
446 64 515 187 1
517 76 575 192 1
581 84 633 196 1
639 96 695 207 1
697 105 756 218 1
769 119 824 233 1
827 130 882 244 1
885 133 944 254 1
942 133 999 261 1
1006 150 1061 260 1
1068 162 1128 282 1
1125 167 1184 264 1
1185 162 1245 290 1
1245 173 1279 282 1
1213 514 1278 641 1
1092 477 1157 610 1
975 470 1038 594 1
914 470 974 591 1
852 464 915 586 1
793 447 849 554 1
728 447 788 571 1
669 440 722 560 1
599 435 660 553 1
538 421 599 544 1
475 422 533 545 1
403 413 462 541 1
347 406 401 521 1
283 403 344 516 1
217 387 282 508 1
162 404 224 500 1
101 379 166 499 1
44 354 104 472 1
0 361 46 481 1
