1143 276 1197 379 1
1064 156 1113 251 1
1016 152 1063 242 1
968 138 1014 235 1
921 140 965 241 1
868 146 913 243 1
818 145 860 237 1
766 157 806 234 1
715 140 755 235 1
661 134 702 236 1
609 144 651 234 1
556 136 596 228 1
507 153 544 211 1
450 134 494 229 1
400 133 444 228 1
345 146 397 247 1
291 131 340 240 1
241 144 289 232 1
194 140 241 238 1
125 142 191 254 1
91 140 138 237 1
41 136 92 234 1
0 132 40 230 1
1152 18 1260 71 1
945 361 1007 458 1
889 352 952 459 1
838 359 899 455 1
790 367 846 466 1
734 379 794 470 1
622 360 692 465 1
571 370 633 465 1
358 361 421 460 1
302 352 367 458 1
201 358 266 454 1
1248 570 1279 652 1
1196 554 1262 638 1
1147 547 1215 637 1
1079 565 1155 670 1
1031 568 1097 653 1
979 555 1055 659 1
908 558 986 663 1
855 561 926 656 1
797 566 863 666 1
744 550 820 651 1
676 558 750 659 1
620 560 692 662 1
498 561 560 651 1
437 547 513 659 1
131 553 206 656 1
16 547 95 649 1
0 550 38 645 1
