945 0 987 30 1
900 0 949 48 1
860 0 910 62 1
817 0 872 58 1
777 0 830 64 1
748 8 790 76 1
701 8 747 77 1
667 15 711 93 1
627 32 673 99 1
593 49 641 128 1
557 63 603 140 1
511 68 561 144 1
472 77 516 148 1
431 83 477 163 1
386 95 434 177 1
344 109 394 191 1
300 124 355 208 1
258 134 312 219 1
217 161 268 229 1
166 153 228 242 1
122 162 178 253 1
77 180 134 261 1
28 197 90 285 1
0 207 42 289 1
930 187 990 262 1
886 193 938 271 1
851 206 905 278 1
812 212 860 290 1
777 232 829 310 1
740 250 790 326 1
700 259 748 334 1
660 265 709 342 1
620 274 668 356 1
581 291 634 369 1
543 304 593 390 1
499 313 546 393 1
457 324 510 405 1
413 340 470 420 1
369 350 425 436 1
329 358 382 448 1
285 369 340 458 1
235 382 286 463 1
191 399 248 481 1
149 421 206 503 1
108 438 162 522 1
63 453 123 539 1
18 462 78 544 1
0 464 34 553 1
917 266 982 310 1
841 289 911 333 1
761 315 841 365 1
678 341 756 397 1
593 366 673 415 1
527 395 590 442 1
438 416 522 468 1
355 447 437 496 1
264 473 349 525 1
163 502 253 559 1
79 531 164 584 1
0 560 72 611 1
1051 340 1109 413 1
1015 359 1067 437 1
985 381 1035 453 1
944 391 995 465 1
909 404 960 485 1
873 418 924 484 1
836 420 886 491 1
805 458 853 533 1
760 443 810 518 1
720 476 775 555 1
683 487 736 566 1
645 500 688 568 1
603 504 648 578 1
564 522 618 603 1
525 533 574 606 1
480 549 534 633 1
440 565 493 648 1
402 588 455 670 1
355 596 412 678 1
314 607 371 690 1
268 621 330 715 1
220 633 284 719 1
181 646 241 719 1
140 660 189 719 1
92 677 140 719 1
