603 551 682 586 1
607 508 684 545 1
598 432 680 466 1
612 472 678 507 1
518 516 590 549 1
516 554 594 591 1
522 593 597 629 1
608 589 687 625 1
608 629 686 667 1
611 670 688 709 1
519 633 593 668 1
515 429 595 467 1
879 477 951 515 1
790 485 871 520 1
801 437 874 474 1
513 393 587 429 1
334 560 409 595 1
1080 655 1160 689 1
801 590 867 622 1
887 585 969 620 1
103 471 140 544 1
107 556 144 632 1
1078 615 1151 648 1
607 351 684 383 1
604 389 684 422 1
516 474 601 512 1
339 479 417 512 1
244 518 315 550 1
604 310 683 346 1
328 396 405 434 1
335 361 405 394 1
886 351 963 384 1
884 391 963 426 1
887 433 953 468 1
795 394 874 428 1
792 356 862 388 1
798 314 870 350 1
106 642 144 719 1
241 678 313 714 1
330 676 401 711 1
282 338 317 413 1
290 425 321 497 1
331 517 405 552 1
245 557 326 592 1
252 600 318 631 1
330 598 405 632 1
330 637 404 672 1
244 638 323 673 1
334 321 406 352 1
327 278 402 315 1
325 238 394 274 1
327 202 397 235 1
324 163 398 200 1
324 123 406 160 1
329 86 402 122 1
343 46 406 84 1
332 10 410 46 1
171 41 246 78 1
164 2 237 39 1
506 3 577 40 1
590 0 666 35 1
592 36 664 72 1
509 41 586 77 1
505 80 578 114 1
585 75 665 111 1
594 114 667 147 1
507 119 573 152 1
504 152 579 190 1
603 151 674 187 1
602 191 671 223 1
506 192 582 232 1
513 233 582 267 1
600 227 681 264 1
605 270 682 304 1
521 275 595 308 1
510 313 590 348 1
523 352 590 388 1
328 439 406 469 1
1071 539 1138 572 1
1075 692 1157 719 1
894 706 968 719 1
797 708 873 719 1
892 628 960 661 1
795 632 874 666 1
867 117 926 150 1
778 115 850 152 1
859 76 938 113 1
855 39 931 74 1
850 2 919 35 1
769 3 839 40 1
777 43 839 78 1
772 80 841 114 1
1030 0 1105 33 1
1045 36 1107 72 1
1042 75 1120 111 1
1052 112 1131 149 1
1058 149 1129 182 1
1051 184 1132 219 1
1054 219 1138 256 1
1059 261 1134 296 1
1060 299 1140 335 1
1062 336 1135 372 1
1059 378 1136 412 1
1060 417 1141 450 1
1064 453 1143 490 1
1070 499 1143 533 1
798 668 877 703 1
892 665 969 703 1
522 673 596 708 1
618 710 692 719 1
531 711 599 719 1
774 157 847 193 1
786 193 865 232 1
793 234 867 270 1
796 271 867 305 1
868 153 944 189 1
874 194 950 230 1
876 232 952 268 1
878 270 957 306 1
887 310 961 346 1
