737 207 813 243 1
555 485 633 523 1
567 446 632 482 1
553 408 632 444 1
546 366 628 401 1
551 325 631 360 1
551 285 625 323 1
457 444 539 482 1
618 662 684 699 1
557 626 638 663 1
297 629 373 665 1
544 244 622 283 1
544 205 617 242 1
728 171 805 207 1
1008 212 1086 248 1
1009 249 1087 285 1
1018 480 1092 512 1
1018 404 1091 439 1
1007 363 1078 401 1
1009 324 1081 361 1
1006 287 1080 322 1
785 656 863 694 1
868 638 902 715 1
905 641 942 708 1
822 173 885 207 1
822 212 896 243 1
823 246 885 281 1
821 284 901 320 1
829 326 900 360 1
827 365 906 399 1
830 403 903 438 1
826 445 902 480 1
830 486 905 522 1
747 489 822 524 1
449 483 528 522 1
1015 444 1098 478 1
1016 518 1087 554 1
1017 556 1088 592 1
1014 594 1086 631 1
945 644 979 711 1
979 645 1015 718 1
526 667 603 703 1
257 667 331 704 1
339 665 415 703 1
467 406 543 439 1
457 367 538 404 1
458 326 537 362 1
458 285 540 322 1
463 249 530 282 1
452 206 525 243 1
449 167 529 204 1
276 325 345 360 1
274 363 352 398 1
177 364 256 401 1
261 403 341 439 1
179 404 258 439 1
187 445 265 481 1
187 487 266 522 1
544 166 620 204 1
268 205 345 242 1
184 206 256 240 1
180 168 249 203 1
267 161 352 201 1
273 244 346 281 1
181 245 255 282 1
183 287 258 320 1
276 283 341 318 1
177 327 248 360 1
272 443 356 480 1
265 127 334 159 1
274 87 348 126 1
276 47 346 87 1
273 11 346 48 1
277 0 346 10 1
189 0 263 15 1
190 15 264 52 1
186 53 257 91 1
185 91 259 126 1
181 127 259 166 1
40 0 84 26 1
33 38 78 116 1
33 125 78 204 1
32 222 76 292 1
28 307 72 380 1
456 131 529 164 1
549 129 623 163 1
550 88 625 126 1
455 90 531 127 1
456 51 528 90 1
542 51 619 85 1
544 16 617 50 1
547 0 619 14 1
452 0 524 15 1
454 14 525 51 1
726 0 800 15 1
812 0 881 16 1
994 0 1072 22 1
1000 24 1075 59 1
998 60 1076 100 1
1004 103 1081 138 1
1009 138 1085 175 1
1015 178 1080 211 1
812 17 888 53 1
726 16 801 54 1
731 56 802 88 1
813 54 884 92 1
819 93 893 131 1
731 129 804 163 1
823 132 891 169 1
737 247 818 282 1
736 285 816 320 1
737 325 816 361 1
742 368 818 403 1
735 408 814 441 1
736 449 811 483 1
728 88 805 125 1
773 697 848 719 1
601 703 681 719 1
527 707 594 719 1
345 703 420 719 1
266 704 336 719 1
