524 323 564 417 1
571 320 616 415 1
670 317 710 413 1
477 305 515 395 1
429 308 469 398 1
385 307 426 396 1
716 314 754 393 1
296 312 337 398 1
763 306 804 395 1
807 310 852 400 1
859 301 901 392 1
249 312 291 409 1
204 320 245 397 1
208 73 251 155 1
251 68 293 147 1
387 57 429 150 1
432 61 473 154 1
478 61 518 158 1
527 43 569 136 1
575 57 615 141 1
622 56 661 149 1
665 62 702 146 1
708 62 747 151 1
755 63 793 154 1
802 55 844 144 1
845 45 889 143 1
891 57 933 147 1
938 60 980 141 1
978 36 1026 123 1
954 303 999 394 1
907 302 953 392 1
1014 539 1061 625 1
959 546 1002 638 1
912 558 954 634 1
866 539 910 632 1
820 558 862 647 1
772 553 815 647 1
726 560 767 656 1
678 565 718 659 1
622 541 671 687 1
457 462 546 534 1
445 555 486 647 1
298 579 347 672 1
210 560 256 660 1
121 564 167 657 1
73 570 119 662 1
26 571 75 664 1
0 565 25 649 1
162 329 204 418 1
116 325 158 410 1
64 323 112 417 1
23 329 65 419 1
0 334 23 421 1
21 82 76 160 1
157 76 199 161 1
116 70 158 159 1
