141 1 215 40 1
278 465 347 534 1
341 530 413 599 1
137 337 213 405 1
73 271 149 341 1
96 236 168 304 1
126 205 196 275 1
159 177 226 246 1
187 153 254 220 1
218 125 282 189 1
244 95 305 158 1
391 75 459 142 1
364 103 428 167 1
332 128 397 193 1
307 156 368 220 1
283 188 346 257 1
242 213 314 279 1
225 245 293 313 1
200 276 264 345 1
167 299 234 366 1
307 437 371 500 1
334 409 395 474 1
359 380 426 446 1
391 352 457 421 1
415 321 481 387 1
441 291 509 358 1
468 259 534 325 1
500 235 567 301 1
523 204 593 272 1
553 178 616 242 1
578 149 657 225 1
667 178 738 247 1
650 214 711 273 1
617 235 686 303 1
584 262 657 331 1
562 292 630 360 1
535 321 601 386 1
482 388 551 455 1
505 351 576 420 1
461 419 526 480 1
430 446 495 507 1
380 508 444 571 1
678 582 748 648 1
703 553 773 623 1
730 525 796 589 1
555 581 625 651 1
584 551 653 621 1
608 517 677 584 1
639 490 705 558 1
664 461 734 529 1
699 432 761 494 1
766 501 831 564 1
767 355 839 421 1
809 328 874 390 1
70 45 143 114 1
0 114 77 180 1
0 179 13 222 1
273 68 343 138 1
307 48 366 108 1
333 17 400 86 1
361 0 426 49 1
430 0 479 18 1
423 48 487 116 1
457 28 523 96 1
483 0 542 58 1
512 0 575 33 1
828 296 898 362 1
894 356 962 426 1
867 388 925 446 1
838 412 894 473 1
655 612 716 673 1
624 643 693 710 1
591 665 658 719 1
566 693 613 719 1
505 637 572 708 1
476 664 537 719 1
472 566 537 631 1
381 583 457 649 1
609 119 683 188 1
636 91 703 156 1
671 75 733 132 1
691 41 762 110 1
726 23 788 87 1
748 0 810 50 1
783 0 839 25 1
838 26 896 87 1
786 78 849 145 1
759 104 823 170 1
733 129 797 195 1
702 152 771 222 1
863 3 923 65 1
894 0 945 30 1
1182 0 1220 16 1
1131 0 1191 34 1
1212 2 1274 65 1
1189 34 1259 96 1
1159 51 1229 117 1
1099 0 1168 61 1
1075 24 1140 86 1
1132 77 1199 136 1
1114 105 1179 166 1
1057 55 1113 105 1
1030 76 1090 130 1
1087 130 1159 200 1
1067 163 1121 217 1
1004 102 1071 162 1
977 129 1040 186 1
1045 188 1110 250 1
959 159 1028 225 1
1022 218 1085 284 1
997 247 1061 310 1
938 187 1004 251 1
915 213 981 275 1
885 242 952 306 1
971 273 1039 341 1
951 305 1014 370 1
924 330 991 398 1
855 266 917 328 1
809 706 845 719 1
843 683 894 719 1
872 655 933 714 1
919 598 977 653 1
945 569 1008 630 1
971 532 1040 597 1
996 505 1064 569 1
1020 478 1088 539 1
1052 450 1115 512 1
1073 426 1145 488 1
1103 399 1169 463 1
1124 367 1198 433 1
1150 342 1218 406 1
1177 320 1245 382 1
1197 295 1267 358 1
1219 264 1279 329 1
1244 237 1279 293 1
1260 202 1279 236 1
285 339 355 409 1
134 415 208 467 1
0 409 32 459 1
15 456 97 523 1
0 491 68 557 1
0 525 37 590 1
0 582 9 614 1
146 583 217 653 1
220 654 285 719 1
188 678 252 719 1
166 708 196 719 1
43 707 74 719 1
61 673 127 719 1
89 641 157 709 1
116 609 189 686 1
