491 546 525 619 1
725 255 759 333 1
1047 54 1084 133 1
1011 56 1047 141 1
961 58 1007 136 1
927 72 964 140 1
890 63 925 135 1
847 62 890 134 1
808 59 849 133 1
773 70 811 146 1
736 70 773 151 1
700 74 734 152 1
658 78 696 155 1
621 80 654 157 1
580 86 613 160 1
537 84 570 158 1
765 257 803 335 1
924 438 962 511 1
885 445 922 521 1
830 441 866 514 1
967 447 1001 521 1
1002 438 1044 516 1
1043 435 1080 508 1
1081 432 1120 511 1
1120 433 1157 510 1
1157 428 1198 512 1
1195 427 1240 501 1
1235 426 1279 495 1
1233 516 1279 589 1
1195 517 1238 590 1
1156 515 1200 593 1
1119 519 1159 594 1
1078 520 1117 596 1
1040 521 1078 596 1
1001 526 1038 605 1
967 533 1001 604 1
928 531 965 602 1
1239 702 1279 719 1
1197 696 1237 719 1
1158 702 1195 719 1
1119 704 1157 719 1
408 539 445 614 1
446 535 484 618 1
405 450 437 534 1
645 453 678 520 1
609 448 644 522 1
569 445 604 521 1
730 542 765 618 1
690 540 725 619 1
648 539 686 618 1
609 540 645 617 1
567 537 604 614 1
529 545 562 617 1
527 457 561 532 1
485 438 520 520 1
444 449 480 527 1
365 448 400 523 1
328 449 362 519 1
289 449 327 525 1
368 531 406 614 1
328 539 368 612 1
290 548 329 616 1
252 544 291 615 1
249 451 286 529 1
215 456 249 524 1
173 463 213 537 1
177 547 213 620 1
137 544 177 621 1
102 546 139 620 1
139 453 175 531 1
101 464 136 532 1
64 452 102 526 1
23 455 67 533 1
0 456 23 542 1
61 542 103 620 1
17 536 62 617 1
0 548 21 615 1
683 260 720 336 1
643 264 679 337 1
803 248 841 327 1
848 242 886 315 1
886 255 920 325 1
922 260 960 327 1
962 263 1000 332 1
1001 251 1037 334 1
1038 256 1074 335 1
1074 257 1112 331 1
1113 254 1150 332 1
1148 252 1190 327 1
1187 254 1230 328 1
1224 252 1264 323 1
1261 250 1279 323 1
405 278 438 346 1
453 33 521 74 1
498 89 534 161 1
462 94 494 160 1
1086 72 1119 140 1
1120 57 1159 134 1
1162 75 1197 139 1
1197 55 1234 126 1
1235 105 1275 175 1
366 266 399 343 1
328 267 364 345 1
290 264 324 342 1
251 269 284 341 1
216 267 247 337 1
177 273 215 346 1
141 280 176 350 1
100 280 140 347 1
65 276 101 349 1
30 274 65 347 1
0 287 29 360 1
87 229 163 262 1
8 235 83 269 1
0 56 48 89 1
441 275 478 349 1
