634 363 709 396 1
550 324 625 358 1
637 325 709 357 1
629 288 707 322 1
543 459 622 492 1
547 406 619 441 1
639 405 718 438 1
542 365 614 402 1
543 283 620 319 1
643 598 717 636 1
639 639 714 673 1
636 677 712 713 1
824 681 887 717 1
904 676 976 713 1
909 640 971 672 1
817 642 891 680 1
899 601 975 639 1
815 602 887 637 1
916 560 986 596 1
817 562 891 598 1
816 522 892 559 1
911 523 982 558 1
915 483 985 517 1
817 484 893 522 1
824 446 902 479 1
912 446 978 479 1
905 404 978 440 1
828 406 901 437 1
919 365 979 399 1
920 329 985 361 1
813 212 887 246 1
807 171 886 207 1
898 132 972 165 1
889 97 956 130 1
806 135 874 170 1
798 97 875 133 1
802 59 869 95 1
807 23 869 57 1
904 25 965 63 1
899 0 975 24 1
803 0 874 22 1
1077 173 1151 207 1
1078 210 1155 244 1
1081 248 1162 283 1
1079 287 1159 322 1
1080 328 1146 362 1
1081 365 1156 398 1
1076 404 1157 438 1
1077 444 1153 477 1
1087 483 1156 515 1
1080 521 1154 553 1
1092 595 1168 627 1
1097 631 1157 664 1
1089 669 1171 705 1
1090 710 1167 719 1
373 681 449 714 1
372 642 450 674 1
363 603 444 638 1
361 565 436 598 1
362 523 440 556 1
356 482 428 520 1
350 442 418 476 1
363 402 431 438 1
368 363 432 398 1
368 324 440 359 1
360 285 439 323 1
364 246 443 283 1
540 245 614 280 1
626 247 700 282 1
625 209 701 245 1
540 205 617 244 1
626 169 700 204 1
543 166 615 203 1
538 130 617 166 1
624 128 698 168 1
625 93 695 127 1
538 91 609 126 1
538 53 607 87 1
624 52 696 91 1
616 16 692 52 1
613 0 683 15 1
539 0 608 18 1
534 19 607 51 1
367 209 442 244 1
365 170 439 209 1
363 133 440 170 1
366 95 441 131 1
365 59 439 95 1
364 22 439 58 1
369 0 441 21 1
169 0 243 13 1
167 15 241 49 1
174 82 245 116 1
189 120 257 156 1
169 158 249 193 1
181 194 255 233 1
167 235 242 267 1
164 271 250 306 1
168 311 244 347 1
178 350 251 382 1
169 389 245 422 1
171 431 244 464 1
165 469 240 504 1
176 509 256 541 1
175 546 258 583 1
181 586 262 619 1
186 621 265 661 1
189 664 266 697 1
195 702 274 719 1
