614 416 695 451 1
613 455 690 492 1
612 498 690 532 1
611 537 689 574 1
618 577 691 614 1
619 616 692 651 1
611 654 693 697 1
615 698 693 719 1
525 702 605 719 1
526 661 601 698 1
512 619 589 659 1
530 579 605 616 1
517 539 596 574 1
516 499 594 535 1
519 462 590 496 1
513 218 590 255 1
508 177 582 215 1
607 137 678 171 1
518 136 591 172 1
611 374 692 410 1
613 336 687 370 1
598 99 677 134 1
594 59 667 95 1
592 22 667 56 1
591 0 667 21 1
506 0 579 21 1
506 21 580 58 1
505 59 577 95 1
507 95 587 135 1
326 426 410 461 1
344 666 424 704 1
352 703 418 719 1
808 697 873 719 1
888 690 965 719 1
885 648 957 686 1
802 657 872 691 1
883 610 964 647 1
799 616 880 654 1
889 571 973 609 1
795 577 876 615 1
889 532 963 572 1
802 538 884 575 1
890 490 962 530 1
804 499 871 533 1
894 453 958 487 1
799 458 879 495 1
882 412 959 451 1
796 415 874 452 1
896 372 970 410 1
797 373 873 412 1
890 331 965 368 1
795 334 873 372 1
895 294 967 327 1
794 294 874 333 1
799 252 879 291 1
889 255 958 288 1
884 215 959 251 1
801 212 880 251 1
796 177 878 212 1
888 175 955 210 1
892 139 959 170 1
882 60 952 94 1
151 614 231 655 1
151 571 226 613 1
153 534 231 569 1
143 491 226 526 1
140 453 227 490 1
134 410 219 448 1
128 374 215 409 1
128 332 212 369 1
118 292 199 331 1
119 251 200 293 1
117 210 202 251 1
130 172 206 209 1
118 131 199 172 1
110 91 205 129 1
115 55 198 91 1
133 17 209 55 1
118 0 204 17 1
327 0 402 28 1
327 30 402 64 1
326 64 406 104 1
321 105 403 140 1
331 140 403 179 1
328 181 396 218 1
323 221 394 256 1
311 258 383 296 1
317 303 394 340 1
325 342 402 378 1
323 386 402 419 1
1046 0 1128 20 1
1054 22 1133 58 1
1056 58 1140 96 1
1056 96 1139 134 1
1056 139 1125 172 1
1062 173 1139 209 1
1058 213 1139 252 1
1059 254 1137 288 1
1071 294 1139 325 1
1066 333 1138 366 1
1080 406 1153 440 1
1085 443 1143 474 1
1078 483 1157 517 1
1080 524 1159 560 1
1067 562 1153 600 1
1071 600 1145 633 1
1072 637 1151 670 1
1084 680 1150 712 1
