1039 432 1112 466 1
833 452 865 533 1
839 338 873 419 1
841 235 879 319 1
843 123 880 204 1
835 21 874 99 1
642 66 705 104 1
633 188 710 225 1
630 312 704 344 1
638 354 711 391 1
635 394 712 429 1
636 435 711 466 1
632 472 709 511 1
629 513 709 551 1
625 557 708 590 1
624 596 706 634 1
623 638 704 676 1
625 681 700 714 1
458 28 534 82 1
454 106 535 168 1
452 403 530 454 1
451 613 526 662 1
447 655 525 707 1
454 695 522 719 1
286 684 364 719 1
289 637 359 691 1
299 598 367 644 1
290 543 364 601 1
288 504 357 548 1
286 452 362 507 1
299 410 368 453 1
297 356 375 410 1
281 304 368 363 1
289 257 372 318 1
293 217 375 272 1
293 164 379 222 1
294 126 377 176 1
305 73 381 124 1
296 24 379 78 1
305 0 376 29 1
