743 309 855 362 1
741 368 855 421 1
743 427 852 477 1
593 299 719 350 1
742 488 855 539 1
738 549 846 595 1
604 490 707 539 1
582 611 700 662 1
186 524 294 576 1
203 342 318 396 1
333 358 444 405 1
0 442 30 491 1
0 502 36 553 1
0 89 68 143 1
238 123 296 238 1
304 111 357 222 1
364 104 415 213 1
416 95 472 213 1
533 88 584 204 1
592 98 647 187 1
638 63 698 183 1
773 6 824 115 1
830 0 885 111 1
876 0 937 109 1
972 0 1034 102 1
1022 0 1086 96 1
1070 0 1134 87 1
1128 0 1184 84 1
1182 0 1233 75 1
1237 0 1279 66 1
998 277 1101 326 1
1105 285 1210 334 1
995 336 1114 379 1
1107 339 1212 389 1
1105 397 1216 441 1
994 390 1105 432 1
1005 442 1098 488 1
1106 448 1210 493 1
1094 542 1210 593 1
1102 600 1205 649 1
992 541 1092 593 1
983 594 1102 643 1
982 646 1093 697 1
974 703 1088 719 1
1087 704 1197 719 1
308 701 421 719 1
