677 559 713 628 1
722 362 757 444 1
678 364 715 444 1
636 362 673 442 1
596 371 632 444 1
558 370 592 445 1
593 281 629 356 1
549 262 584 341 1
509 275 545 351 1
802 370 835 443 1
761 364 797 446 1
839 362 874 440 1
799 268 834 346 1
756 265 790 342 1
715 271 749 343 1
677 268 711 346 1
636 267 672 347 1
501 88 538 169 1
464 98 497 167 1
511 363 551 448 1
464 277 501 358 1
469 366 508 445 1
425 273 459 353 1
428 359 467 446 1
386 367 426 445 1
383 277 417 347 1
343 275 378 355 1
346 379 384 452 1
552 552 588 636 1
593 549 630 632 1
633 555 669 638 1
717 554 755 633 1
757 550 795 625 1
798 548 835 625 1
881 357 915 431 1
307 376 343 449 1
300 277 337 359 1
264 284 298 359 1
219 294 253 367 1
222 381 262 459 1
179 282 218 366 1
182 380 222 459 1
144 382 182 459 1
139 296 179 363 1
98 283 138 362 1
55 287 100 368 1
98 379 144 460 1
54 373 98 455 1
2 290 52 375 1
15 387 54 453 1
0 382 19 458 1
421 88 455 164 1
381 83 417 167 1
338 84 373 164 1
297 89 333 164 1
257 87 293 160 1
216 93 256 169 1
177 99 212 172 1
130 102 172 172 1
90 95 131 173 1
55 93 89 172 1
11 114 52 186 1
32 50 105 87 1
114 45 196 83 1
546 76 582 153 1
586 91 617 167 1
629 83 659 157 1
831 84 864 159 1
864 76 903 149 1
908 69 947 139 1
946 81 981 155 1
981 89 1019 155 1
1021 93 1060 159 1
1056 83 1092 161 1
1092 86 1130 167 1
1128 88 1166 163 1
1166 87 1202 160 1
1202 84 1244 162 1
1243 87 1279 161 1
985 263 1020 337 1
1026 272 1062 343 1
1065 265 1103 340 1
1100 262 1136 335 1
1136 264 1174 336 1
1174 262 1209 337 1
1208 258 1248 336 1
1245 257 1279 328 1
1246 343 1279 412 1
1209 342 1250 418 1
1171 344 1210 419 1
1137 346 1173 420 1
1098 346 1138 421 1
1064 539 1100 615 1
1246 514 1279 592 1
1148 617 1179 687 1
1102 626 1144 698 1
1033 640 1063 706 1
1026 540 1063 616 1
990 546 1024 624 1
955 549 993 626 1
915 550 952 627 1
873 546 913 623 1
839 547 876 622 1
994 635 1030 702 1
953 630 991 708 1
917 637 951 707 1
881 644 914 716 1
843 640 876 715 1
798 652 836 719 1
758 633 795 710 1
722 647 755 710 1
681 644 716 717 1
641 642 673 716 1
598 646 635 719 1
557 640 595 719 1
518 643 553 716 1
471 647 510 719 1
430 646 471 719 1
392 654 427 718 1
350 656 388 719 1
308 660 346 719 1
267 661 305 719 1
228 662 266 719 1
141 670 184 719 1
102 667 140 719 1
54 669 96 719 1
4 662 51 719 1
0 572 46 657 1
48 580 96 660 1
97 574 139 655 1
140 573 176 644 1
183 573 220 655 1
227 579 262 652 1
264 575 303 652 1
305 569 342 650 1
344 558 382 635 1
387 562 425 638 1
430 557 464 630 1
469 563 505 630 1
514 558 546 631 1
