488 61 542 179 1
551 66 604 183 1
617 59 672 179 1
680 43 738 178 1
743 65 797 188 1
811 72 861 184 1
868 43 924 161 1
932 62 996 185 1
803 406 857 531 1
434 64 486 171 1
375 53 431 171 1
319 50 372 160 1
257 27 317 151 1
191 53 250 175 1
132 46 188 168 1
74 38 135 159 1
738 402 793 525 1
675 395 725 518 1
602 404 654 526 1
536 398 593 515 1
476 403 526 509 1
412 401 471 527 1
288 399 346 524 1
225 401 284 520 1
169 372 228 488 1
108 373 166 491 1
50 369 114 483 1
114 691 170 719 1
335 688 401 719 1
869 622 928 719 1
