1004 104 1043 172 1
959 116 1002 187 1
922 112 963 193 1
883 104 921 180 1
845 105 884 179 1
806 116 847 183 1
766 109 800 173 1
727 109 768 186 1
684 112 724 181 1
650 124 689 201 1
610 130 647 205 1
569 124 606 201 1
526 126 563 200 1
485 126 522 203 1
443 128 476 204 1
399 132 438 214 1
356 139 396 221 1
310 142 352 223 1
270 156 312 225 1
221 139 268 230 1
179 142 223 227 1
131 146 177 222 1
85 154 131 240 1
36 154 87 234 1
0 152 38 229 1
945 328 993 401 1
902 321 940 400 1
868 328 908 399 1
826 330 863 406 1
789 338 827 412 1
747 345 785 424 1
709 348 746 420 1
672 346 704 420 1
626 345 664 426 1
585 352 625 432 1
541 361 582 442 1
502 356 538 438 1
460 360 503 439 1
412 366 457 445 1
369 367 415 452 1
328 368 371 453 1
287 368 330 454 1
238 371 279 448 1
192 376 237 459 1
148 383 194 467 1
107 397 149 479 1
61 402 106 485 1
16 401 63 481 1
912 407 982 442 1
838 412 906 448 1
0 395 19 481 1
752 426 831 463 1
665 433 747 470 1
576 439 656 479 1
509 451 573 483 1
419 457 501 492 1
335 466 416 502 1
242 472 329 511 1
141 480 232 522 1
55 491 143 528 1
0 493 46 532 1
1032 498 1075 576 1
988 510 1029 589 1
954 521 990 597 1
911 529 953 602 1
874 531 914 611 1
840 534 879 605 1
804 531 844 603 1
765 562 802 639 1
723 536 761 610 1
682 559 719 642 1
638 561 680 642 1
601 564 635 634 1
559 562 597 635 1
520 569 558 650 1
481 575 515 645 1
433 578 475 661 1
393 585 433 668 1
352 600 393 681 1
305 595 348 676 1
265 598 307 679 1
215 607 262 694 1
172 603 216 690 1
128 607 174 695 1
85 615 129 701 1
40 617 83 702 1
0 625 38 706 1
