884 155 926 247 1
832 167 872 244 1
781 150 821 245 1
727 144 768 246 1
675 154 717 244 1
622 146 662 238 1
573 163 610 221 1
516 144 560 239 1
466 143 510 238 1
904 369 965 465 1
856 377 912 476 1
800 389 860 480 1
637 380 699 475 1
1213 557 1277 647 1
1145 575 1221 680 1
1097 578 1163 663 1
1045 565 1121 669 1
974 568 1052 673 1
921 571 992 666 1
863 576 929 676 1
810 560 886 661 1
742 568 816 669 1
692 372 757 474 1
1007 372 1069 467 1
951 362 1015 469 1
427 374 483 472 1
368 365 431 469 1
265 370 329 465 1
2 370 79 463 1
411 156 460 257 1
356 142 402 249 1
306 151 351 240 1
258 150 303 250 1
191 153 253 262 1
154 150 199 247 1
108 148 154 243 1
50 143 104 239 1
0 159 52 256 1
932 159 979 257 1
984 152 1027 255 1
1031 150 1076 246 1
1080 164 1126 251 1
1129 169 1177 262 1
1207 288 1259 388 1
1219 29 1279 78 1
685 571 761 671 1
501 557 580 670 1
196 567 269 665 1
82 558 158 660 1
23 561 100 656 1
563 573 628 663 1
