937 488 1013 525 1
845 484 927 519 1
942 609 1014 644 1
943 648 1020 685 1
841 647 918 681 1
942 528 1012 561 1
842 522 923 559 1
837 561 912 597 1
853 606 924 642 1
933 448 1008 478 1
851 443 927 476 1
932 401 1001 435 1
851 402 926 437 1
846 362 924 397 1
932 363 996 396 1
846 685 911 719 1
945 686 1012 719 1
652 357 730 391 1
1121 682 1204 719 1
1123 642 1203 680 1
1124 602 1197 636 1
1113 564 1193 599 1
1106 527 1186 559 1
1107 483 1183 521 1
647 677 720 718 1
641 641 716 676 1
644 600 722 638 1
653 563 727 596 1
649 518 727 555 1
650 479 723 512 1
654 439 728 474 1
651 400 729 434 1
558 356 634 392 1
566 397 642 434 1
563 437 639 471 1
554 481 634 516 1
562 519 640 556 1
561 558 635 596 1
558 600 635 636 1
561 640 632 674 1
558 677 630 714 1
1110 448 1185 482 1
1115 408 1194 445 1
1107 369 1184 405 1
1118 325 1195 362 1
1117 288 1191 323 1
1117 244 1198 284 1
1074 160 1116 239 1
1032 163 1070 243 1
998 172 1033 247 1
963 173 996 250 1
922 166 956 241 1
888 163 922 235 1
846 157 883 238 1
807 160 843 240 1
767 157 802 235 1
729 165 761 235 1
686 161 723 239 1
647 164 683 245 1
553 152 630 190 1
550 194 630 234 1
563 116 639 151 1
560 76 635 114 1
553 35 630 71 1
563 0 637 36 1
369 0 437 34 1
364 35 439 72 1
368 72 444 109 1
366 111 442 148 1
370 152 440 184 1
367 189 440 225 1
196 0 276 21 1
198 24 272 61 1
188 62 266 98 1
192 134 272 169 1
192 172 265 208 1
183 217 253 252 1
170 256 259 292 1
177 294 257 329 1
176 333 257 366 1
176 371 255 405 1
183 413 261 445 1
185 452 259 491 1
168 491 245 529 1
175 533 253 569 1
169 570 251 608 1
164 614 244 650 1
168 657 243 692 1
380 675 453 714 1
381 636 455 674 1
373 595 444 631 1
366 551 442 589 1
370 513 445 550 1
378 476 452 508 1
378 433 451 470 1
373 391 454 428 1
374 353 453 388 1
