593 313 672 352 1
583 233 657 269 1
585 188 665 224 1
584 147 668 179 1
587 104 668 143 1
586 62 664 99 1
597 472 678 513 1
360 324 435 357 1
680 107 714 182 1
683 189 717 267 1
602 435 679 471 1
360 153 438 187 1
356 109 439 146 1
348 28 427 64 1
351 69 431 106 1
367 362 449 398 1
676 24 709 101 1
586 277 667 308 1
352 278 438 312 1
803 225 884 258 1
804 187 884 221 1
812 144 886 179 1
800 103 879 136 1
795 62 876 98 1
803 346 884 381 1
379 613 456 649 1
794 19 866 54 1
353 234 441 272 1
807 264 891 303 1
804 308 885 344 1
812 468 886 505 1
808 429 889 463 1
807 388 887 423 1
582 18 661 59 1
386 655 454 692 1
597 521 674 559 1
599 559 673 596 1
613 595 686 639 1
609 643 681 685 1
370 194 438 227 1
343 0 424 21 1
581 0 662 16 1
793 0 871 16 1
827 627 907 667 1
831 591 898 626 1
830 550 912 589 1
818 507 899 545 1
698 620 729 696 1
694 535 730 616 1
692 449 725 529 1
689 279 726 358 1
691 364 727 441 1
604 397 683 430 1
352 492 434 529 1
353 529 436 571 1
359 567 455 614 1
363 406 441 442 1
359 448 438 483 1
604 357 681 392 1
616 687 680 719 1
373 693 458 719 1
809 672 891 712 1
