677 42 713 119 1
604 193 667 226 1
683 127 714 200 1
582 23 658 59 1
584 62 661 99 1
598 93 674 134 1
594 146 669 182 1
603 233 663 263 1
687 212 721 297 1
598 268 683 307 1
608 318 680 354 1
372 281 439 315 1
356 197 445 234 1
370 242 452 277 1
342 594 430 638 1
814 135 892 174 1
803 226 884 259 1
805 259 888 300 1
373 158 441 190 1
366 114 442 149 1
345 65 438 108 1
337 27 422 64 1
346 408 437 453 1
352 367 427 401 1
346 624 433 667 1
796 0 868 14 1
672 0 710 33 1
575 0 661 19 1
336 0 418 30 1
859 623 899 705 1
796 179 874 217 1
802 14 882 54 1
345 668 433 711 1
367 320 450 355 1
600 391 694 436 1
601 356 682 393 1
691 301 727 376 1
817 501 900 539 1
824 421 900 454 1
823 460 900 495 1
806 301 885 338 1
811 56 892 94 1
814 95 878 130 1
529 679 566 719 1
572 671 605 719 1
612 676 647 719 1
651 668 687 719 1
697 660 732 719 1
736 660 772 719 1
773 652 815 719 1
817 647 849 719 1
821 380 894 421 1
820 338 897 378 1
