655 108 722 173 1
624 131 695 200 1
729 294 799 366 1
539 226 610 297 1
558 75 625 138 1
561 192 636 267 1
596 166 663 233 1
501 254 577 325 1
582 42 657 112 1
680 71 755 146 1
433 186 506 259 1
464 157 533 229 1
498 132 563 199 1
530 104 597 175 1
416 223 483 293 1
477 287 551 359 1
436 308 513 386 1
379 250 451 325 1
352 279 422 350 1
414 342 487 412 1
387 377 456 447 1
327 318 397 389 1
822 330 893 397 1
794 354 864 426 1
764 390 833 456 1
700 329 770 400 1
665 351 740 428 1
610 422 672 483 1
739 422 805 486 1
707 451 779 517 1
671 477 747 547 1
579 449 650 519 1
550 478 611 539 1
520 507 590 573 1
616 14 685 82 1
709 43 781 116 1
658 577 740 635 1
923 93 986 157 1
952 73 1012 131 1
744 26 815 94 1
650 0 715 55 1
695 0 750 30 1
771 0 840 61 1
805 0 863 33 1
854 0 891 16 1
652 208 724 285 1
981 47 1051 114 1
1000 19 1071 82 1
1039 109 1100 173 1
1012 134 1072 198 1
360 604 433 678 1
404 642 477 719 1
460 689 514 719 1
273 524 343 597 1
186 449 260 518 1
146 400 218 472 1
45 330 137 387 1
106 267 188 335 1
149 214 228 291 1
189 168 263 241 1
239 130 310 204 1
286 85 356 156 1
324 46 391 109 1
424 0 486 34 1
1252 122 1279 167 1
829 574 901 645 1
647 502 710 566 1
1062 75 1128 149 1
635 383 710 458 1
757 264 829 337 1
786 239 857 311 1
850 298 916 369 1
886 272 948 342 1
819 212 886 279 1
840 180 916 254 1
870 150 936 219 1
894 124 961 192 1
1027 0 1099 59 1
1064 0 1127 32 1
1217 0 1253 12 1
1171 0 1227 40 1
1139 0 1206 66 1
1116 24 1181 89 1
1090 53 1157 124 1
986 161 1049 226 1
961 182 1024 250 1
931 214 995 282 1
909 247 969 308 1
855 541 917 606 1
881 511 952 581 1
909 480 979 547 1
942 454 1011 527 1
973 430 1036 491 1
996 398 1063 465 1
1024 363 1085 430 1
1046 337 1118 407 1
1072 307 1135 371 1
1098 285 1170 353 1
1124 257 1198 327 1
1152 229 1220 296 1
1173 196 1247 265 1
1202 175 1270 242 1
1231 148 1279 225 1
