1073 406 1145 447 1
864 423 900 507 1
876 306 912 396 1
878 207 917 293 1
882 94 921 184 1
878 0 920 74 1
682 32 752 75 1
670 154 753 198 1
666 277 742 315 1
670 321 744 355 1
669 360 745 395 1
672 401 746 438 1
664 444 741 477 1
660 483 741 520 1
656 525 738 562 1
651 566 736 602 1
655 610 735 642 1
651 649 728 683 1
649 687 733 719 1
489 366 560 419 1
482 579 554 631 1
478 622 556 673 1
477 666 550 719 1
493 73 575 128 1
497 0 577 42 1
337 0 419 33 1
346 32 419 85 1
333 85 413 134 1
333 125 415 186 1
332 178 412 236 1
326 221 406 279 1
317 265 404 325 1
329 315 409 375 1
327 369 399 418 1
325 418 397 468 1
319 464 386 512 1
322 510 396 565 1
323 557 396 610 1
315 604 388 655 1
314 650 391 702 1
309 690 386 719 1
