376 0 453 32 1
370 79 446 115 1
702 153 735 232 1
701 84 731 148 1
613 72 693 106 1
373 166 451 203 1
373 208 456 243 1
381 247 464 287 1
383 291 462 328 1
399 329 465 365 1
606 152 686 192 1
607 113 688 151 1
368 122 450 157 1
609 28 686 66 1
828 230 910 264 1
840 270 917 303 1
834 310 912 346 1
834 349 912 384 1
836 390 921 429 1
615 409 694 448 1
622 447 701 486 1
634 487 708 525 1
635 528 713 566 1
722 496 754 573 1
842 551 920 584 1
839 512 919 548 1
835 433 917 470 1
837 471 916 510 1
612 367 686 403 1
614 322 694 358 1
613 281 697 313 1
616 238 697 277 1
615 196 693 233 1
717 413 755 496 1
715 323 749 401 1
825 190 907 224 1
709 238 745 316 1
635 567 711 604 1
395 540 472 579 1
394 581 469 621 1
723 579 755 656 1
371 38 448 75 1
600 0 678 28 1
694 1 725 80 1
817 29 885 63 1
814 0 893 26 1
842 591 916 629 1
846 631 928 670 1
626 606 707 647 1
627 649 704 686 1
386 625 466 662 1
814 68 883 103 1
817 107 893 146 1
818 148 889 182 1
388 664 470 707 1
384 370 470 409 1
384 415 468 452 1
389 458 464 491 1
396 500 480 535 1
629 689 707 719 1
858 674 940 713 1
723 665 760 719 1
393 699 487 719 1
