954 536 1072 603 1
998 488 1093 554 1
983 406 1086 488 1
999 360 1069 419 1
978 283 1061 352 1
937 203 1044 285 1
926 126 1026 213 1
939 72 1027 144 1
927 1 1027 82 1
763 418 864 464 1
743 313 847 363 1
738 206 848 254 1
732 154 848 204 1
732 98 839 150 1
727 44 835 96 1
730 0 837 51 1
496 60 591 107 1
484 111 598 159 1
509 169 594 207 1
504 214 603 264 1
504 273 615 320 1
508 376 617 426 1
447 434 547 478 1
392 383 506 427 1
154 390 281 438 1
140 442 251 487 1
56 343 170 392 1
161 235 272 281 1
390 275 503 323 1
384 223 493 271 1
382 173 484 217 1
370 118 473 165 1
381 62 492 111 1
377 14 489 61 1
495 9 583 59 1
155 27 267 80 1
130 80 248 130 1
159 132 269 180 1
158 183 275 229 1
34 151 152 201 1
28 37 140 91 1
20 0 144 31 1
155 0 272 30 1
