828 46 865 132 1
823 0 866 26 1
823 140 860 224 1
827 247 867 330 1
827 355 865 445 1
825 461 864 544 1
817 575 856 660 1
1026 549 1102 587 1
610 23 685 65 1
619 0 694 20 1
628 191 692 228 1
619 313 696 352 1
615 437 694 472 1
622 479 697 514 1
622 518 697 556 1
621 562 698 595 1
618 599 695 637 1
617 640 696 681 1
610 683 694 719 1
437 528 513 587 1
436 234 525 290 1
439 153 516 207 1
279 12 363 66 1
275 57 356 110 1
262 91 355 153 1
274 149 359 199 1
275 194 360 251 1
273 251 358 299 1
274 291 360 348 1
274 341 359 403 1
267 388 355 448 1
258 431 354 486 1
276 482 357 541 1
281 543 349 585 1
271 583 347 635 1
268 636 339 677 1
268 678 347 719 1
