613 574 681 672 1
559 580 625 668 1
801 387 856 482 1
591 162 636 259 1
643 169 687 263 1
690 175 735 270 1
537 177 577 272 1
487 159 529 257 1
438 163 481 258 1
386 162 432 260 1
337 165 383 262 1
286 159 334 257 1
239 166 285 264 1
184 160 234 254 1
131 155 178 240 1
81 160 131 260 1
17 168 74 260 1
4 266 71 369 1
88 379 144 461 1
136 383 198 477 1
186 378 240 465 1
388 379 448 475 1
439 381 497 475 1
482 378 544 473 1
542 384 602 478 1
934 0 1024 34 1
1040 0 1129 41 1
488 0 584 17 1
1223 188 1272 286 1
1174 197 1222 282 1
1130 188 1174 277 1
1084 203 1128 258 1
1036 183 1079 273 1
989 180 1032 268 1
942 190 987 285 1
888 172 930 278 1
843 181 884 269 1
796 176 836 275 1
747 177 795 284 1
1185 400 1252 492 1
1139 407 1201 494 1
952 397 1006 490 1
900 387 956 486 1
1234 585 1279 683 1
1179 587 1258 683 1
1069 588 1133 671 1
1012 573 1101 680 1
732 584 798 677 1
373 566 448 674 1
316 579 377 680 1
267 574 327 665 1
203 576 268 670 1
95 571 164 658 1
37 556 109 657 1
0 568 46 661 1
