861 210 928 280 1
872 514 938 580 1
765 349 835 418 1
734 379 801 443 1
700 283 764 351 1
676 320 742 385 1
647 347 713 413 1
610 370 678 439 1
590 403 657 472 1
561 430 624 499 1
711 409 776 475 1
680 434 744 498 1
624 495 687 559 1
591 517 658 585 1
531 458 599 527 1
562 543 627 608 1
505 489 568 553 1
474 513 542 579 1
452 541 513 606 1
567 155 636 223 1
536 183 611 253 1
512 217 579 281 1
486 246 551 311 1
453 266 517 335 1
421 291 489 360 1
398 328 463 390 1
377 363 443 431 1
346 387 416 457 1
319 420 389 488 1
292 447 363 516 1
261 474 335 547 1
652 461 719 530 1
539 573 606 642 1
516 606 579 668 1
488 635 551 698 1
421 572 489 641 1
393 601 463 673 1
459 658 528 719 1
432 690 485 719 1
892 243 956 304 1
921 267 987 330 1
947 292 1014 356 1
973 319 1038 386 1
999 343 1071 415 1
1032 365 1098 440 1
1050 397 1123 466 1
1072 433 1134 496 1
1099 458 1159 521 1
1124 471 1188 538 1
1161 500 1227 566 1
1159 583 1231 657 1
1133 618 1198 677 1
1107 642 1175 709 1
1072 663 1141 719 1
1050 697 1095 719 1
956 538 1011 598 1
930 568 989 626 1
894 484 959 549 1
845 542 909 607 1
900 599 962 664 1
874 635 939 698 1
813 568 883 639 1
851 663 912 719 1
783 593 854 662 1
753 620 823 687 1
733 662 798 719 1
700 684 758 719 1
372 629 437 697 1
341 658 411 719 1
316 685 373 719 1
239 502 303 571 1
212 534 281 599 1
184 558 255 630 1
154 584 225 658 1
135 619 201 684 1
102 644 168 705 1
71 669 136 719 1
27 691 90 719 1
0 506 39 558 1
0 460 58 531 1
10 430 92 505 1
45 400 116 470 1
81 384 153 447 1
101 347 174 417 1
144 329 207 388 1
157 287 226 354 1
204 228 272 294 1
233 198 301 266 1
266 168 335 239 1
322 110 388 179 1
360 94 425 161 1
387 59 454 131 1
412 26 478 100 1
441 2 507 73 1
463 0 535 47 1
518 0 564 24 1
673 35 740 103 1
703 10 767 73 1
728 0 791 48 1
780 0 823 29 1
800 165 871 239 1
830 141 899 207 1
862 121 932 191 1
885 93 949 157 1
907 61 977 125 1
935 41 1000 100 1
964 22 1034 84 1
977 0 1055 56 1
1030 0 1076 30 1
