696 178 738 271 1
645 178 690 266 1
601 176 639 266 1
548 185 591 274 1
502 184 543 272 1
458 193 494 273 1
413 194 452 288 1
322 202 363 294 1
275 207 317 296 1
232 191 275 276 1
188 196 229 282 1
147 195 191 279 1
63 200 105 284 1
17 202 62 296 1
0 212 20 283 1
10 0 58 46 1
0 0 18 52 1
148 0 192 47 1
189 0 236 47 1
234 0 277 52 1
285 0 325 31 1
327 0 368 32 1
369 0 410 40 1
412 0 450 34 1
454 0 492 37 1
500 0 535 38 1
547 0 585 29 1
592 0 633 25 1
635 0 677 28 1
688 0 725 22 1
775 0 820 40 1
760 413 801 500 1
702 422 742 512 1
654 432 691 505 1
603 414 651 504 1
561 433 599 522 1
514 427 555 520 1
466 436 509 528 1
419 440 463 527 1
361 415 417 551 1
241 446 288 535 1
204 431 245 519 1
65 456 115 549 1
0 439 29 536 1
