913 673 986 710 1
914 632 983 666 1
903 590 980 623 1
680 374 758 410 1
690 335 754 370 1
675 297 753 335 1
574 370 652 412 1
580 333 662 369 1
591 295 666 331 1
582 257 661 294 1
915 549 990 583 1
995 530 1030 605 1
1033 534 1070 600 1
1072 535 1110 600 1
1112 537 1147 611 1
652 561 731 598 1
387 609 457 642 1
469 604 546 640 1
380 646 462 683 1
469 648 542 682 1
870 377 947 413 1
952 375 1028 410 1
1142 487 1214 520 1
1143 447 1214 483 1
1138 408 1214 442 1
948 331 1025 371 1
860 333 938 376 1
375 567 453 602 1
459 563 538 600 1
379 688 457 719 1
467 685 540 719 1
646 679 721 716 1
735 679 813 717 1
739 640 815 676 1
650 640 729 676 1
652 602 722 640 1
730 600 809 639 1
743 557 810 591 1
682 520 765 554 1
576 460 655 497 1
425 522 509 558 1
1140 368 1218 400 1
671 255 750 289 1
857 291 936 328 1
950 289 1026 326 1
947 250 1025 285 1
862 253 938 289 1
856 210 938 251 1
948 210 1018 250 1
1136 329 1225 367 1
1137 290 1216 326 1
1125 252 1199 288 1
1125 213 1200 248 1
1122 173 1200 209 1
1126 136 1206 172 1
1122 97 1205 135 1
1127 62 1192 95 1
1121 23 1200 61 1
1114 0 1193 26 1
927 0 1004 24 1
934 26 1002 62 1
933 62 998 99 1
936 99 1011 133 1
937 133 1001 169 1
939 169 1022 208 1
854 173 935 209 1
854 136 935 172 1
854 99 933 135 1
843 61 922 99 1
845 22 919 59 1
839 0 917 20 1
666 0 742 23 1
666 25 738 60 1
661 61 735 97 1
664 97 736 133 1
663 135 743 172 1
673 176 748 214 1
673 215 754 251 1
580 215 657 253 1
578 174 655 212 1
583 138 648 173 1
570 97 645 137 1
565 58 648 97 1
573 23 645 57 1
571 0 646 21 1
392 0 465 24 1
381 25 454 57 1
387 54 471 97 1
385 100 463 139 1
391 141 465 174 1
394 177 460 213 1
394 217 466 254 1
393 256 470 289 1
380 295 461 334 1
393 337 477 372 1
306 340 382 378 1
306 385 382 417 1
295 299 378 334 1
294 260 373 294 1
294 221 365 256 1
301 180 374 217 1
298 142 373 180 1
301 100 376 139 1
297 67 365 100 1
299 27 375 65 1
302 0 375 25 1
155 0 198 24 1
155 30 196 105 1
154 123 193 192 1
150 207 190 278 1
