831 326 887 438 1
418 281 472 394 1
775 316 831 431 1
757 444 817 562 1
702 440 759 548 1
648 440 699 536 1
466 420 519 523 1
361 267 419 390 1
813 484 868 571 1
872 464 930 572 1
931 474 987 564 1
712 313 767 419 1
659 316 711 425 1
596 304 654 416 1
536 292 591 408 1
478 287 533 398 1
1175 113 1234 203 1
1122 100 1184 213 1
1077 97 1128 190 1
1020 90 1074 181 1
915 73 970 179 1
858 57 910 168 1
346 390 397 499 1
283 519 385 619 1
586 426 639 534 1
531 418 582 528 1
409 417 460 523 1
888 328 942 443 1
944 334 993 450 1
996 354 1053 459 1
1048 353 1105 457 1
1103 362 1159 471 1
1161 346 1216 455 1
1141 496 1204 606 1
1088 479 1151 596 1
1033 473 1100 586 1
987 469 1042 570 1
805 55 856 162 1
747 43 799 160 1
