1118 177 1165 259 1
1082 171 1119 266 1
1032 172 1089 278 1
981 170 1025 261 1
939 165 981 257 1
886 157 932 252 1
842 171 878 267 1
791 155 830 253 1
745 161 781 253 1
691 155 733 255 1
640 159 687 255 1
591 153 634 250 1
540 159 584 258 1
485 154 527 249 1
432 152 473 235 1
380 154 425 255 1
320 164 366 256 1
313 263 366 366 1
748 370 803 468 1
698 371 753 467 1
490 372 541 456 1
440 377 496 471 1
394 372 440 456 1
912 558 980 653 1
859 562 922 650 1
685 556 758 661 1
628 569 688 669 1
575 564 635 651 1
514 566 576 660 1
402 566 466 651 1
354 551 410 647 1
293 565 353 657 1
247 552 304 641 1
198 542 258 631 1
851 375 908 464 1
790 367 850 459 1
1163 169 1207 269 1
1213 185 1263 279 1
1176 373 1236 464 1
1085 378 1143 465 1
1025 561 1094 652 1
1228 381 1278 469 1
1260 175 1279 260 1
1204 0 1279 35 1
