679 475 732 603 1
619 476 671 601 1
558 472 612 592 1
813 481 862 598 1
486 466 543 580 1
573 116 624 223 1
506 116 566 244 1
744 474 798 607 1
879 132 933 252 1
876 486 932 612 1
938 483 992 587 1
694 124 750 233 1
815 120 869 242 1
943 139 1000 252 1
1003 140 1058 246 1
1177 144 1240 265 1
1237 151 1279 277 1
1227 481 1279 606 1
1171 476 1232 596 1
1057 476 1114 592 1
998 476 1052 607 1
427 460 480 580 1
383 115 437 236 1
314 124 376 246 1
252 112 312 228 1
198 96 255 213 1
132 80 196 205 1
74 97 134 214 1
5 97 72 225 1
365 452 422 571 1
302 449 356 570 1
234 441 297 569 1
176 454 232 566 1
114 444 177 568 1
44 452 111 576 1
0 450 52 575 1
