431 154 474 252 1
376 154 420 243 1
326 139 371 237 1
277 141 322 244 1
70 146 120 241 1
20 138 72 240 1
288 365 356 466 1
233 353 299 464 1
185 360 247 457 1
26 556 99 651 1
91 547 163 646 1
129 566 208 665 1
206 568 269 656 1
255 567 327 660 1
319 567 397 668 1
384 582 448 668 1
435 579 511 682 1
511 562 574 658 1
562 573 626 660 1
624 585 683 680 1
139 369 197 466 1
84 379 148 466 1
171 151 220 241 1
220 151 270 251 1
123 161 169 239 1
0 554 45 649 1
0 361 48 461 1
0 150 17 239 1
530 12 638 64 1
507 279 554 386 1
