1097 234 1173 272 1
904 30 943 118 1
900 133 940 216 1
893 244 930 327 1
691 102 773 139 1
696 0 777 23 1
697 144 772 176 1
700 182 774 219 1
699 227 773 258 1
693 267 768 302 1
691 307 769 339 1
685 350 767 384 1
684 391 765 427 1
684 432 763 465 1
681 475 761 511 1
679 513 765 550 1
671 558 755 591 1
507 490 583 543 1
508 447 586 497 1
514 406 581 452 1
516 189 591 240 1
359 191 426 240 1
359 138 438 199 1
354 87 430 147 1
353 39 434 103 1
364 3 435 55 1
352 242 424 291 1
345 288 416 334 1
357 332 423 389 1
352 383 423 434 1
346 428 415 480 1
340 475 421 530 1
337 520 415 572 1
354 577 419 623 1
339 614 412 668 1
337 670 424 719 1
