390 284 452 320 1
481 322 547 357 1
477 362 556 399 1
381 322 458 360 1
480 281 555 317 1
197 355 274 392 1
107 354 184 392 1
106 317 175 351 1
195 314 266 349 1
378 364 458 400 1
365 241 445 275 1
475 409 554 446 1
383 405 455 441 1
384 449 458 484 1
473 449 555 485 1
480 490 562 531 1
382 489 463 530 1
480 533 557 570 1
383 532 458 567 1
475 573 551 611 1
475 614 549 651 1
473 654 554 695 1
481 697 559 719 1
384 692 464 719 1
390 653 457 692 1
378 610 453 652 1
376 571 456 607 1
197 681 266 719 1
96 684 177 719 1
194 644 269 680 1
95 642 175 679 1
189 602 269 640 1
99 598 181 637 1
187 557 274 601 1
185 519 258 558 1
194 478 270 515 1
197 438 268 472 1
193 396 270 433 1
107 394 185 432 1
103 437 177 471 1
103 478 178 514 1
98 518 181 555 1
96 560 169 596 1
193 275 266 309 1
105 273 183 309 1
0 17 13 94 1
0 118 11 196 1
102 231 171 268 1
193 233 271 273 1
104 192 182 232 1
190 193 264 234 1
196 155 269 192 1
110 152 178 189 1
201 114 275 152 1
112 116 189 151 1
117 73 187 114 1
209 72 284 113 1
210 31 293 72 1
213 0 299 34 1
120 0 195 32 1
118 31 200 71 1
342 0 376 50 1
399 0 474 38 1
490 0 570 39 1
398 39 478 77 1
488 40 561 76 1
485 77 563 117 1
479 118 551 156 1
482 158 560 193 1
399 77 463 113 1
384 113 465 154 1
399 160 475 195 1
393 196 470 237 1
484 200 551 237 1
482 241 566 281 1
671 6 747 44 1
767 10 841 49 1
766 47 844 87 1
674 47 753 85 1
676 86 750 126 1
684 129 754 165 1
769 128 845 166 1
768 166 842 205 1
768 207 833 242 1
769 248 846 287 1
676 166 754 202 1
673 203 754 242 1
673 244 751 282 1
674 285 743 322 1
767 289 842 326 1
761 328 839 366 1
673 325 749 363 1
674 372 754 406 1
762 372 840 408 1
765 413 844 453 1
762 455 839 490 1
669 410 753 451 1
674 454 750 491 1
766 495 846 534 1
669 497 751 535 1
769 539 842 575 1
672 536 749 574 1
668 580 748 618 1
766 579 833 617 1
766 621 844 657 1
675 620 758 656 1
674 658 756 699 1
763 660 829 694 1
761 694 842 719 1
672 702 752 719 1
955 699 1033 719 1
961 659 1042 700 1
962 618 1046 656 1
971 583 1036 617 1
971 541 1046 575 1
965 503 1044 542 1
959 459 1041 497 1
966 418 1041 455 1
964 376 1042 412 1
968 338 1039 374 1
964 296 1051 333 1
965 257 1038 294 1
964 219 1045 258 1
966 178 1046 215 1
963 135 1047 175 1
963 97 1040 135 1
962 59 1041 97 1
965 23 1040 58 1
958 0 1037 20 1
