639 651 747 710 1
676 602 774 670 1
663 522 764 605 1
684 482 751 542 1
658 410 742 473 1
627 330 723 408 1
609 260 709 340 1
625 206 708 273 1
612 139 710 215 1
622 89 705 157 1
424 31 521 79 1
430 84 529 130 1
423 136 534 179 1
425 185 527 230 1
426 234 531 275 1
428 287 541 332 1
438 337 541 378 1
442 435 539 483 1
456 533 554 579 1
209 492 321 537 1
104 495 214 544 1
159 547 256 591 1
212 394 321 437 1
210 340 310 388 1
100 348 200 392 1
106 394 209 445 1
216 297 303 336 1
100 300 196 342 1
195 245 305 289 1
86 248 187 292 1
206 196 301 234 1
96 199 204 239 1
200 148 291 192 1
94 149 203 192 1
195 95 305 144 1
78 99 191 149 1
87 43 193 93 1
200 40 313 91 1
