1246 524 1279 574 1
1017 536 1129 593 1
1025 595 1141 647 1
1026 655 1141 701 1
1249 584 1279 637 1
897 543 1004 596 1
901 606 1015 664 1
900 669 1016 719 1
642 571 752 626 1
504 582 622 635 1
513 642 629 692 1
268 655 362 713 1
126 667 242 719 1
135 620 235 668 1
612 400 726 454 1
1219 181 1279 232 1
1205 120 1279 174 1
1207 65 1279 113 1
1196 12 1279 66 1
962 0 1078 32 1
957 30 1072 84 1
968 89 1079 140 1
964 146 1080 198 1
975 198 1086 250 1
988 257 1094 303 1
860 0 956 47 1
859 159 958 207 1
857 211 973 268 1
866 270 981 321 1
597 114 714 175 1
620 234 723 282 1
629 294 743 344 1
485 239 609 294 1
473 133 577 186 1
507 296 617 349 1
