551 49 585 135 1
674 40 711 121 1
1238 64 1279 140 1
957 239 994 314 1
918 234 957 310 1
877 228 917 304 1
837 227 871 311 1
798 238 833 319 1
755 228 789 316 1
712 230 749 313 1
668 239 704 320 1
755 319 791 405 1
714 322 752 404 1
669 325 703 403 1
458 371 536 410 1
451 256 532 294 1
457 194 539 230 1
451 490 538 530 1
1199 64 1237 146 1
1158 57 1202 138 1
1121 53 1161 134 1
1081 61 1123 142 1
1030 61 1071 138 1
970 62 1008 139 1
857 51 893 123 1
802 51 836 129 1
738 48 770 132 1
616 44 650 130 1
467 50 521 131 1
1034 237 1077 314 1
1075 239 1113 313 1
1113 242 1154 316 1
1152 244 1195 322 1
1191 239 1230 317 1
1230 245 1272 321 1
1270 251 1279 321 1
796 331 833 411 1
839 324 875 407 1
881 332 916 412 1
922 326 959 410 1
961 329 998 404 1
1002 326 1039 408 1
1039 331 1077 405 1
1079 326 1118 407 1
1120 327 1157 408 1
1158 337 1201 409 1
1195 332 1239 407 1
1234 326 1275 403 1
1271 338 1279 408 1
1234 508 1279 583 1
1196 509 1238 586 1
1157 510 1198 586 1
1114 511 1159 595 1
1079 518 1116 592 1
1037 516 1074 595 1
999 511 1038 591 1
961 515 995 594 1
920 519 953 596 1
879 508 914 594 1
833 511 870 596 1
793 518 826 586 1
752 517 788 597 1
709 514 743 584 1
664 515 699 595 1
454 550 542 588 1
447 609 532 649 1
472 673 551 710 1
757 602 792 675 1
793 600 829 685 1
836 607 874 688 1
876 611 915 683 1
918 605 954 680 1
961 600 999 681 1
1001 604 1035 681 1
1037 599 1075 680 1
1079 609 1119 684 1
1118 606 1156 676 1
1157 602 1197 676 1
1197 600 1245 677 1
1240 602 1279 680 1
