771 5 845 39 1
773 45 850 81 1
769 83 843 119 1
792 161 869 198 1
763 203 838 238 1
646 1 680 38 1
648 44 680 116 1
655 122 691 204 1
557 3 637 40 1
562 44 636 81 1
560 86 637 119 1
565 125 641 163 1
572 166 649 204 1
570 210 644 246 1
570 251 643 286 1
568 330 651 368 1
322 7 401 44 1
319 50 400 85 1
332 91 403 126 1
321 138 392 170 1
321 176 403 211 1
326 217 395 256 1
337 256 417 294 1
341 296 418 336 1
331 423 413 461 1
338 341 415 376 1
335 383 411 419 1
667 457 700 536 1
661 210 694 293 1
661 300 694 381 1
666 388 696 452 1
578 376 658 410 1
569 295 648 328 1
785 410 861 443 1
787 489 864 527 1
790 531 867 565 1
338 470 416 507 1
338 512 421 547 1
346 551 429 591 1
348 595 427 632 1
364 633 430 669 1
671 539 705 618 1
571 456 651 496 1
572 417 653 455 1
577 499 653 541 1
577 539 660 580 1
576 580 659 619 1
573 621 656 660 1
795 649 875 685 1
677 624 713 696 1
803 568 877 604 1
797 608 873 647 1
785 248 868 284 1
787 289 863 325 1
787 332 854 365 1
782 372 852 403 1
788 450 858 484 1
766 121 840 157 1
345 672 432 719 1
799 688 883 719 1
575 670 651 705 1
