916 0 962 49 1
877 1 930 68 1
839 2 889 86 1
799 0 847 76 1
757 10 808 85 1
724 29 773 93 1
687 28 724 94 1
645 39 694 112 1
603 52 653 119 1
570 68 619 147 1
532 83 581 160 1
489 89 539 163 1
447 96 493 167 1
402 101 456 182 1
365 116 413 195 1
319 128 373 210 1
277 144 335 225 1
233 155 291 238 1
194 182 249 247 1
139 173 208 264 1
96 182 157 270 1
49 200 112 277 1
4 214 67 302 1
907 212 968 281 1
868 213 914 289 1
831 229 885 298 1
792 233 840 311 1
757 250 807 326 1
716 271 766 347 1
679 280 730 350 1
639 286 689 361 1
593 294 647 375 1
557 308 611 388 1
520 323 569 408 1
472 333 526 412 1
436 342 488 421 1
388 359 445 438 1
343 369 401 455 1
306 374 360 465 1
259 388 317 476 1
212 402 264 482 1
166 415 225 502 1
121 437 182 523 1
82 456 139 542 1
36 474 100 557 1
0 481 51 563 1
893 287 962 330 1
819 308 888 351 1
742 336 820 385 1
655 363 736 410 1
570 388 649 436 1
500 415 566 460 1
414 438 499 485 1
333 465 414 514 1
240 489 326 545 1
137 522 230 577 1
53 548 139 605 1
0 574 47 618 1
1027 362 1087 437 1
987 380 1044 457 1
959 403 1011 475 1
920 414 972 484 1
884 422 938 503 1
853 434 899 505 1
814 442 864 512 1
783 479 830 557 1
737 464 786 535 1
701 494 754 576 1
658 505 711 585 1
620 518 667 586 1
577 524 629 597 1
540 540 593 620 1
500 552 551 628 1
457 565 511 648 1
413 583 470 666 1
378 606 431 688 1
330 612 386 694 1
291 626 344 708 1
242 642 302 719 1
196 652 255 719 1
153 662 208 719 1
114 679 156 719 1
