1151 634 1259 719 1
1163 577 1254 648 1
1145 505 1252 585 1
1145 451 1238 525 1
937 403 1037 450 1
945 460 1053 509 1
948 509 1058 562 1
949 566 1059 615 1
958 609 1062 668 1
960 668 1075 719 1
776 232 870 340 1
446 160 515 274 1
701 426 813 477 1
697 485 807 534 1
712 539 798 589 1
715 585 811 635 1
706 638 819 691 1
733 690 818 719 1
579 433 686 487 1
583 493 692 548 1
599 543 706 594 1
602 593 707 641 1
594 647 695 699 1
606 699 712 719 1
356 449 470 505 1
369 505 478 563 1
372 566 480 618 1
357 623 464 676 1
381 670 489 719 1
259 688 372 719 1
249 580 356 633 1
241 524 352 577 1
247 463 346 513 1
0 491 113 544 1
1020 118 1123 169 1
890 125 1005 181 1
1009 53 1115 111 1
896 76 1003 126 1
896 21 996 73 1
1006 0 1110 49 1
668 145 780 194 1
661 89 768 143 1
552 101 655 152 1
653 41 761 88 1
537 43 649 95 1
659 0 754 31 1
543 0 645 38 1
334 175 434 226 1
320 125 429 177 1
309 66 418 122 1
313 13 419 69 1
208 85 305 134 1
205 134 318 192 1
214 190 328 246 1
0 43 77 98 1
0 160 85 208 1
0 220 101 264 1
