548 243 586 318 1
673 253 708 319 1
429 256 465 334 1
634 437 669 511 1
674 431 709 505 1
679 525 713 598 1
601 52 637 125 1
642 54 680 126 1
562 50 597 125 1
526 63 561 141 1
475 0 544 30 1
486 65 521 147 1
473 250 504 327 1
511 253 547 328 1
595 234 631 306 1
634 246 668 319 1
719 528 753 600 1
640 531 672 604 1
580 435 614 510 1
596 517 629 596 1
718 440 752 515 1
757 432 795 510 1
758 521 793 600 1
395 262 427 342 1
353 265 388 340 1
314 265 350 338 1
159 283 195 355 1
129 271 160 341 1
93 270 129 344 1
53 264 90 338 1
14 270 51 339 1
0 271 19 337 1
324 446 358 515 1
477 433 515 508 1
402 537 433 610 1
361 535 395 608 1
321 530 359 607 1
284 538 320 607 1
281 445 318 524 1
242 434 275 509 1
204 446 240 517 1
249 538 285 607 1
205 528 244 608 1
165 446 200 522 1
166 532 205 606 1
132 526 166 605 1
128 443 162 518 1
90 447 128 513 1
53 446 92 518 1
12 446 50 523 1
0 451 14 522 1
95 535 132 605 1
56 541 92 612 1
13 539 54 610 1
49 712 80 719 1
128 711 162 719 1
210 710 240 719 1
243 708 274 719 1
281 706 314 719 1
320 711 350 719 1
476 709 507 719 1
516 712 551 719 1
441 709 468 719 1
796 700 830 719 1
837 702 870 719 1
878 695 911 719 1
914 694 949 719 1
951 688 988 719 1
992 692 1031 719 1
1035 693 1067 719 1
1069 690 1104 719 1
1107 698 1144 719 1
1151 679 1194 719 1
1189 681 1231 719 1
1229 685 1273 719 1
1259 496 1279 570 1
1268 690 1279 719 1
1256 408 1279 483 1
1215 402 1258 477 1
1220 494 1263 564 1
1185 494 1227 569 1
1179 411 1220 484 1
1141 412 1182 482 1
1145 500 1182 570 1
1102 411 1142 487 1
1104 493 1143 570 1
1068 491 1104 565 1
1067 417 1107 485 1
1030 412 1069 484 1
1033 499 1071 574 1
994 507 1033 577 1
995 417 1030 485 1
956 419 992 493 1
915 421 952 502 1
915 507 954 586 1
954 509 991 580 1
876 426 914 504 1
878 512 913 588 1
837 428 873 502 1
797 427 834 501 1
836 512 872 590 1
797 514 831 591 1
181 107 218 174 1
217 97 254 171 1
255 92 295 168 1
296 90 330 161 1
332 90 368 163 1
372 83 405 157 1
407 77 445 156 1
448 72 483 150 1
685 58 718 132 1
723 45 758 125 1
762 47 800 129 1
801 46 838 118 1
841 56 875 129 1
877 46 914 122 1
915 65 952 129 1
954 44 988 116 1
993 90 1028 160 1
1023 34 1059 108 1
1063 32 1100 109 1
1102 36 1143 112 1
1144 39 1178 112 1
1180 31 1220 105 1
1221 42 1259 117 1
1260 38 1279 116 1
1245 232 1279 301 1
1208 234 1250 306 1
1175 224 1213 299 1
1135 223 1177 300 1
1097 230 1135 300 1
1059 241 1098 312 1
1020 238 1059 311 1
982 240 1021 312 1
946 241 985 317 1
908 239 945 319 1
870 245 905 321 1
833 247 867 323 1
791 245 829 325 1
751 242 787 323 1
715 252 752 326 1
