597 142 676 181 1
598 185 677 218 1
594 220 677 260 1
592 267 673 305 1
308 276 390 311 1
268 265 306 339 1
604 310 674 343 1
600 347 680 384 1
509 355 585 389 1
324 319 401 355 1
317 199 389 234 1
309 235 388 271 1
263 181 301 257 1
498 149 583 187 1
513 189 580 225 1
500 230 578 264 1
504 266 586 306 1
505 311 593 351 1
314 362 390 395 1
507 393 588 430 1
597 387 679 426 1
603 427 682 466 1
513 434 592 469 1
603 469 681 504 1
510 475 589 510 1
596 106 675 140 1
510 112 584 149 1
592 66 674 103 1
500 69 572 106 1
591 28 664 63 1
593 0 665 28 1
493 0 569 33 1
494 31 573 67 1
305 2 381 38 1
307 39 384 77 1
307 79 379 114 1
307 116 388 156 1
316 158 390 195 1
221 361 298 396 1
317 400 394 437 1
224 404 308 441 1
314 442 391 479 1
231 447 298 480 1
223 483 306 522 1
313 485 390 518 1
317 526 389 560 1
223 529 298 563 1
322 566 400 601 1
228 567 304 603 1
315 606 397 645 1
228 611 307 646 1
227 649 309 683 1
326 646 404 683 1
333 688 412 719 1
228 691 310 719 1
153 557 197 639 1
73 315 114 393 1
78 405 119 485 1
80 494 120 573 1
80 598 123 683 1
82 697 127 719 1
606 509 687 548 1
514 516 591 553 1
518 557 596 593 1
524 598 604 637 1
615 552 695 593 1
625 594 699 627 1
625 630 697 672 1
523 640 602 678 1
526 681 601 715 1
766 0 840 36 1
778 32 859 71 1
786 69 861 109 1
790 108 865 146 1
788 150 865 185 1
788 192 861 227 1
790 229 871 267 1
799 271 875 309 1
792 321 876 355 1
880 312 954 347 1
885 269 953 304 1
883 225 963 263 1
882 185 963 219 1
882 147 957 182 1
873 109 955 143 1
870 68 948 107 1
869 31 946 66 1
859 0 936 31 1
1053 0 1125 26 1
1045 24 1129 60 1
1049 60 1134 99 1
1053 99 1133 136 1
1057 136 1137 174 1
1060 174 1132 210 1
1058 214 1135 252 1
1057 255 1140 289 1
1063 291 1141 326 1
1070 339 1144 374 1
1072 376 1138 411 1
1079 450 1151 485 1
1082 491 1161 526 1
1077 532 1161 566 1
1087 571 1162 606 1
1087 607 1168 645 1
1084 649 1162 684 1
1085 686 1165 719 1
900 422 971 456 1
800 426 869 462 1
798 471 879 506 1
893 466 964 501 1
895 507 974 543 1
802 510 881 547 1
800 550 877 585 1
896 542 975 580 1
902 580 974 616 1
810 590 889 626 1
811 633 889 669 1
901 622 982 660 1
896 665 969 699 1
813 674 891 706 1
819 706 891 719 1
899 701 979 719 1
