545 189 580 270 1
504 179 539 253 1
506 269 543 352 1
464 270 502 352 1
464 182 500 263 1
586 546 622 628 1
503 459 539 540 1
546 463 579 540 1
549 276 582 357 1
425 184 461 266 1
423 275 458 352 1
586 463 623 545 1
629 466 665 546 1
629 551 669 633 1
465 466 499 541 1
417 563 454 637 1
465 558 501 641 1
506 553 542 633 1
550 553 586 632 1
420 463 455 544 1
381 458 416 539 1
336 457 376 539 1
296 455 333 525 1
255 451 295 538 1
216 454 256 530 1
171 446 212 526 1
133 450 173 527 1
89 451 136 534 1
53 437 97 511 1
11 457 55 534 1
0 454 17 537 1
0 542 11 619 1
5 539 52 618 1
48 540 93 619 1
89 545 133 620 1
131 549 175 627 1
171 551 213 630 1
214 547 255 629 1
256 549 295 632 1
297 555 335 633 1
337 547 377 632 1
380 556 415 633 1
674 458 712 545 1
675 548 711 630 1
718 558 754 628 1
759 552 794 633 1
798 556 837 634 1
840 558 879 637 1
882 550 920 630 1
926 565 962 631 1
962 503 1002 586 1
923 469 961 551 1
881 472 919 542 1
844 468 879 550 1
801 461 840 541 1
758 470 794 546 1
717 460 752 539 1
592 278 627 353 1
635 271 672 348 1
591 192 626 263 1
633 182 669 262 1
676 183 713 254 1
717 193 753 266 1
680 270 712 347 1
720 267 759 353 1
759 275 797 354 1
801 276 838 353 1
840 277 878 354 1
883 280 922 357 1
924 274 964 353 1
961 233 998 310 1
758 186 795 265 1
800 189 835 268 1
840 190 881 273 1
881 197 917 269 1
920 190 960 266 1
510 380 589 416 1
386 189 423 261 1
384 266 421 353 1
341 262 377 342 1
345 178 382 256 1
304 187 340 264 1
299 272 339 352 1
263 272 298 346 1
263 184 302 265 1
224 186 263 268 1
186 190 224 264 1
139 189 186 266 1
100 189 141 267 1
66 190 105 262 1
22 183 65 262 1
0 184 26 259 1
221 271 258 348 1
183 272 218 350 1
142 277 181 344 1
99 277 141 354 1
63 276 101 352 1
26 273 63 349 1
0 272 24 354 1
1101 698 1140 719 1
1142 687 1185 719 1
1187 689 1229 719 1
1227 695 1271 719 1
1271 694 1279 719 1
1226 494 1267 576 1
1182 499 1226 580 1
1144 514 1186 579 1
1104 502 1144 580 1
1264 405 1279 483 1
1222 402 1265 486 1
1189 413 1227 490 1
1148 400 1188 484 1
1105 394 1155 475 1
1141 213 1184 292 1
1184 200 1224 281 1
1225 216 1267 291 1
1262 216 1279 288 1
1101 124 1136 201 1
1137 127 1179 203 1
1180 117 1219 195 1
1218 114 1261 194 1
1261 115 1279 189 1
1056 49 1128 116 1
713 54 791 92 1
624 48 694 85 1
541 50 619 89 1
437 48 521 85 1
359 55 428 90 1
267 58 340 96 1
179 54 260 93 1
94 59 170 95 1
6 58 89 95 1
