812 94 850 176 1
812 202 845 281 1
802 297 843 379 1
808 403 845 490 1
836 601 881 688 1
797 621 834 705 1
588 592 664 628 1
593 637 666 670 1
589 676 669 716 1
592 468 669 509 1
603 345 670 381 1
610 52 681 85 1
620 9 683 45 1
604 129 676 170 1
587 175 667 214 1
425 4 498 56 1
426 49 505 98 1
411 303 496 357 1
410 385 496 444 1
406 681 482 719 1
274 0 347 25 1
259 9 337 66 1
253 50 334 110 1
254 111 336 165 1
251 156 339 212 1
247 201 330 256 1
247 242 328 303 1
251 299 333 349 1
249 346 332 400 1
248 400 330 450 1
244 445 329 501 1
243 492 327 553 1
236 538 323 602 1
231 584 318 641 1
241 634 321 693 1
248 693 315 719 1
