880 359 924 469 1
825 367 869 478 1
620 141 735 188 1
647 367 698 476 1
371 148 478 194 1
270 148 375 191 1
582 377 633 480 1
929 366 982 470 1
771 140 872 186 1
588 488 636 597 1
710 360 752 456 1
1181 363 1237 465 1
1235 367 1279 464 1
1084 359 1131 463 1
1133 378 1182 475 1
1035 365 1081 464 1
983 363 1029 468 1
769 364 817 466 1
1070 155 1168 204 1
894 147 986 192 1
671 603 720 690 1
723 607 779 706 1
772 597 830 691 1
987 590 1048 687 1
1038 589 1100 687 1
1084 585 1144 682 1
1144 591 1210 686 1
