631 571 705 602 1
911 693 985 719 1
824 696 887 719 1
913 652 984 688 1
818 617 888 649 1
819 655 900 689 1
826 493 888 525 1
908 575 980 610 1
917 612 991 647 1
812 577 894 612 1
820 533 891 569 1
630 322 707 360 1
631 283 703 319 1
634 243 708 278 1
546 239 621 277 1
536 282 611 318 1
543 320 620 358 1
542 362 613 399 1
538 567 613 601 1
537 607 620 643 1
629 608 707 642 1
629 651 707 684 1
543 646 620 683 1
628 692 706 719 1
539 687 617 719 1
927 497 994 532 1
925 457 1003 494 1
826 457 900 491 1
923 419 997 452 1
833 415 906 448 1
817 369 892 403 1
359 683 437 719 1
357 643 434 682 1
354 603 434 642 1
358 565 435 596 1
357 524 433 557 1
355 482 432 517 1
360 442 434 476 1
353 398 423 434 1
346 357 424 392 1
352 317 427 353 1
362 279 436 315 1
364 239 436 277 1
360 197 439 238 1
165 180 243 218 1
170 221 246 256 1
170 262 245 300 1
153 301 231 335 1
158 341 236 377 1
152 378 233 415 1
148 423 227 456 1
149 463 224 498 1
155 540 231 572 1
175 579 243 612 1
151 620 234 654 1
166 662 240 695 1
146 701 227 719 1
361 158 438 198 1
540 161 615 198 1
548 202 622 236 1
631 203 706 239 1
633 162 709 199 1
923 332 994 368 1
918 293 994 331 1
821 328 901 363 1
827 287 907 324 1
912 253 986 288 1
828 249 905 284 1
828 209 902 244 1
910 208 977 245 1
907 172 971 205 1
822 172 900 206 1
1090 574 1173 608 1
1091 534 1166 570 1
1101 492 1181 527 1
1103 453 1181 485 1
1104 413 1175 448 1
1093 374 1171 410 1
1087 338 1164 370 1
1088 296 1162 331 1
1087 260 1162 296 1
1094 221 1170 259 1
1085 180 1161 219 1
1094 141 1171 180 1
1094 103 1165 142 1
1091 62 1174 101 1
166 143 244 179 1
164 104 245 140 1
156 67 247 102 1
540 407 616 438 1
626 407 703 443 1
634 368 707 401 1
621 447 694 481 1
541 445 613 479 1
625 487 702 523 1
536 487 610 520 1
538 525 609 559 1
633 527 704 562 1
171 28 244 64 1
177 0 254 25 1
355 4 427 41 1
533 9 612 47 1
540 0 611 8 1
628 0 661 59 1
669 0 700 53 1
711 0 740 50 1
745 0 778 49 1
786 0 817 53 1
826 0 859 56 1
866 0 900 53 1
904 0 933 55 1
937 0 970 63 1
975 0 1011 65 1
1012 0 1047 64 1
1051 0 1091 53 1
