1087 266 1163 301 1
883 279 920 361 1
890 166 929 249 1
894 64 932 150 1
894 0 939 41 1
688 13 768 55 1
687 135 758 174 1
689 178 760 211 1
691 217 764 256 1
690 257 762 293 1
685 299 757 336 1
682 339 760 373 1
676 380 757 418 1
678 423 755 460 1
677 463 754 497 1
673 505 750 540 1
673 544 755 581 1
665 584 741 619 1
501 520 574 573 1
499 478 579 528 1
503 436 574 484 1
509 221 584 272 1
327 637 404 697 1
332 699 420 719 1
350 603 416 649 1
331 548 409 598 1
334 503 413 560 1
342 461 409 510 1
353 415 416 464 1
357 369 415 420 1
338 322 412 365 1
355 277 417 325 1
357 229 423 273 1
352 170 430 229 1
345 120 423 179 1
346 74 427 134 1
355 35 431 92 1
354 0 435 45 1
