1157 424 1269 467 1
1160 485 1271 532 1
1162 653 1279 705 1
917 674 1025 719 1
794 678 893 719 1
781 574 898 624 1
771 511 887 563 1
901 446 1015 498 1
764 454 879 503 1
524 527 619 581 1
535 585 628 639 1
521 696 632 719 1
384 489 489 533 1
378 545 494 589 1
107 550 229 605 1
97 618 222 670 1
30 300 141 348 1
897 163 1012 214 1
772 160 887 217 1
755 103 877 158 1
886 100 996 150 1
1135 145 1250 195 1
1123 84 1246 140 1
1129 33 1230 83 1
866 0 991 36 1
735 0 849 50 1
1249 77 1279 125 1
1257 136 1279 180 1
1232 20 1279 73 1
