1066 679 1144 713 1
1058 640 1137 672 1
594 367 671 405 1
594 408 672 444 1
1046 521 1117 555 1
1046 557 1123 590 1
1059 601 1126 632 1
509 695 577 718 1
590 647 671 682 1
506 375 575 407 1
501 335 573 370 1
507 574 580 606 1
866 488 947 524 1
866 608 944 646 1
866 646 951 684 1
786 691 859 718 1
601 292 671 327 1
594 330 674 364 1
502 410 578 445 1
511 616 588 650 1
508 655 582 690 1
596 610 674 645 1
595 569 676 606 1
600 528 673 561 1
496 533 570 567 1
600 490 673 524 1
513 492 590 526 1
501 450 578 485 1
592 449 670 486 1
875 687 938 718 1
781 653 852 688 1
787 613 851 649 1
781 572 852 606 1
863 567 935 602 1
863 529 941 563 1
776 533 857 568 1
325 693 409 718 1
329 656 404 691 1
341 617 405 651 1
329 578 409 613 1
318 535 390 572 1
330 500 406 534 1
597 253 668 287 1
769 492 853 529 1
778 452 861 489 1
865 450 939 484 1
1043 483 1126 520 1
1052 443 1131 482 1
1052 402 1130 437 1
1057 363 1117 397 1
1053 326 1126 360 1
1039 255 1110 291 1
865 408 938 445 1
784 414 847 448 1
778 372 855 409 1
870 371 931 403 1
856 331 933 369 1
775 333 851 369 1
774 292 849 329 1
872 291 946 328 1
863 251 938 289 1
772 252 848 289 1
771 214 850 252 1
775 176 853 214 1
599 688 674 719 1
495 103 568 140 1
506 63 577 98 1
496 24 572 63 1
494 0 563 22 1
578 0 650 27 1
583 28 656 63 1
769 66 843 101 1
853 0 925 26 1
777 28 842 63 1
867 63 934 98 1
863 99 930 133 1
857 136 929 173 1
861 175 930 210 1
870 214 940 248 1
772 103 850 137 1
776 137 853 173 1
317 303 394 336 1
320 258 391 297 1
313 221 385 257 1
307 180 376 217 1
320 144 388 180 1
325 106 391 143 1
327 66 397 107 1
318 33 397 66 1
322 0 399 32 1
1025 0 1105 25 1
1043 214 1110 246 1
1032 176 1106 209 1
1029 137 1106 171 1
1030 97 1105 134 1
1028 62 1094 97 1
1026 24 1108 59 1
126 0 203 23 1
124 24 211 59 1
126 62 205 96 1
134 100 210 134 1
130 136 205 171 1
128 176 203 213 1
125 215 201 251 1
133 252 212 285 1
134 290 215 327 1
137 329 219 361 1
141 367 224 402 1
146 407 225 440 1
153 447 232 481 1
151 490 224 522 1
594 218 660 248 1
503 298 576 330 1
