1073 127 1135 160 1
1003 123 1063 157 1
417 104 490 137 1
262 106 329 140 1
200 105 263 138 1
1231 259 1266 326 1
1200 256 1233 324 1
1170 263 1202 322 1
1136 257 1169 317 1
1106 268 1136 306 1
1074 253 1103 318 1
1043 253 1074 317 1
1012 261 1045 328 1
975 252 1006 323 1
945 257 979 316 1
916 254 946 321 1
883 254 919 327 1
846 253 876 318 1
816 248 844 316 1
780 246 812 312 1
747 253 773 319 1
710 245 740 309 1
679 245 707 312 1
643 242 673 313 1
608 247 641 315 1
573 242 603 311 1
540 246 569 316 1
502 243 534 310 1
464 241 493 302 1
429 242 460 313 1
386 249 418 314 1
384 317 420 390 1
440 393 475 451 1
472 396 511 463 1
505 392 542 451 1
647 393 687 457 1
683 393 721 458 1
713 392 753 456 1
753 396 792 459 1
919 397 961 459 1
985 395 1025 462 1
1021 400 1057 462 1
1145 405 1188 464 1
1176 400 1221 463 1
1212 523 1260 588 1
1171 525 1225 589 1
1098 525 1145 584 1
1065 517 1123 585 1
877 525 924 590 1
798 520 846 590 1
762 525 806 587 1
639 520 692 599 1
600 530 643 599 1
564 527 607 591 1
520 530 566 595 1
445 529 489 592 1
409 516 451 589 1
370 525 408 590 1
334 520 376 589 1
301 511 344 575 1
1246 129 1279 167 1
1264 272 1279 324 1
1241 409 1279 468 1
1246 519 1279 584 1
507 104 575 135 1
589 106 651 138 1
708 113 771 144 1
