743 2 836 50 1
1170 18 1257 66 1
575 0 663 38 1
458 0 556 34 1
333 0 434 38 1
101 0 203 45 1
3 0 108 40 1
1223 208 1266 293 1
1267 211 1279 298 1
1178 218 1227 314 1
1128 202 1171 304 1
1081 212 1128 294 1
1045 206 1082 301 1
995 207 1052 313 1
944 205 988 296 1
902 200 944 292 1
849 192 895 287 1
805 206 841 302 1
754 190 793 288 1
708 196 744 288 1
654 190 696 290 1
603 194 650 290 1
554 188 597 285 1
503 194 547 293 1
448 189 490 284 1
395 187 436 270 1
343 189 388 290 1
283 199 329 291 1
276 298 329 401 1
1189 419 1244 503 1
1141 407 1197 500 1
1047 413 1104 497 1
810 410 868 500 1
752 402 811 497 1
711 405 766 503 1
661 406 716 502 1
453 407 504 491 1
403 412 459 506 1
357 407 403 491 1
986 599 1055 689 1
875 593 943 688 1
822 597 885 685 1
648 591 721 696 1
591 604 651 704 1
538 599 598 686 1
477 601 539 695 1
365 601 429 686 1
317 586 373 682 1
256 600 316 692 1
210 587 267 676 1
161 577 221 666 1
