329 339 401 373 1
339 375 414 413 1
333 417 406 452 1
338 455 415 490 1
333 496 408 531 1
514 538 591 572 1
509 378 586 415 1
507 338 583 375 1
506 260 585 295 1
506 300 582 334 1
514 459 590 492 1
513 500 587 533 1
527 579 606 612 1
510 618 587 655 1
523 654 598 694 1
531 697 601 719 1
338 691 417 719 1
339 653 413 688 1
338 617 408 652 1
338 577 411 609 1
332 537 408 573 1
335 260 416 298 1
326 298 393 333 1
339 219 414 255 1
329 176 412 214 1
151 677 228 717 1
158 640 229 672 1
165 596 239 629 1
159 558 244 594 1
162 524 241 555 1
161 484 235 517 1
148 402 233 437 1
151 363 234 397 1
151 283 229 318 1
156 322 231 357 1
150 243 232 280 1
151 202 236 242 1
153 163 236 202 1
161 127 238 162 1
160 77 245 118 1
