887 253 932 347 1
841 235 882 327 1
792 243 833 334 1
746 242 788 332 1
661 521 709 614 1
652 248 695 335 1
604 248 646 348 1
557 257 597 337 1
571 506 615 605 1
860 505 904 597 1
512 267 550 359 1
459 267 504 352 1
815 488 857 581 1
406 261 452 362 1
364 269 407 364 1
319 276 363 364 1
275 277 320 364 1
226 277 270 361 1
182 277 225 363 1
137 278 186 362 1
95 277 136 364 1
42 276 94 370 1
0 291 45 374 1
934 249 980 343 1
1023 245 1066 337 1
1066 243 1110 320 1
1113 235 1160 319 1
1153 236 1204 324 1
1205 227 1252 311 1
1248 229 1279 316 1
859 123 953 173 1
1215 458 1275 552 1
1173 481 1224 567 1
1130 478 1177 566 1
1085 485 1135 576 1
1041 491 1084 582 1
989 468 1050 607 1
477 513 516 608 1
427 519 466 611 1
381 521 421 614 1
134 31 180 123 1
87 43 133 134 1
36 35 83 125 1
0 26 39 118 1
225 24 269 118 1
270 19 313 101 1
357 14 402 97 1
447 2 488 93 1
494 6 534 93 1
546 3 586 90 1
593 2 629 79 1
735 0 775 85 1
777 0 823 89 1
822 0 867 92 1
872 0 917 70 1
920 0 962 74 1
960 0 1006 81 1
1001 0 1048 79 1
1048 0 1091 84 1
1092 0 1135 83 1
1138 0 1187 79 1
1188 0 1230 77 1
335 517 372 599 1
287 523 330 618 1
244 524 286 616 1
196 529 239 619 1
151 525 195 618 1
105 535 149 626 1
53 536 103 629 1
10 538 58 623 1
1228 0 1279 73 1
