386 342 428 432 1
430 346 472 436 1
480 342 521 430 1
529 362 569 456 1
576 359 621 454 1
582 90 622 176 1
627 91 668 182 1
673 99 712 183 1
716 98 757 186 1
537 72 576 167 1
486 94 525 189 1
436 89 478 184 1
763 102 803 190 1
812 95 854 184 1
858 82 899 184 1
901 98 945 187 1
949 101 991 182 1
989 79 1035 162 1
957 348 1004 439 1
912 347 956 436 1
868 343 907 434 1
815 352 860 442 1
770 350 811 437 1
724 357 760 434 1
675 356 715 452 1
394 88 436 182 1
255 100 301 177 1
213 99 256 182 1
161 104 209 188 1
119 96 166 184 1
29 106 80 183 1
1013 581 1058 669 1
956 589 998 682 1
912 601 949 678 1
865 580 909 675 1
820 599 860 689 1
775 594 813 687 1
726 598 763 696 1
677 603 717 697 1
624 578 667 719 1
479 520 554 604 1
443 590 486 682 1
298 346 341 432 1
297 611 346 705 1
252 347 295 443 1
207 353 249 428 1
162 357 206 448 1
208 590 255 691 1
116 354 157 440 1
117 592 164 688 1
66 351 112 445 1
24 354 67 447 1
0 358 24 445 1
70 600 115 691 1
22 598 70 694 1
0 592 24 675 1
