721 63 757 143 1
673 67 707 137 1
635 56 668 136 1
593 53 629 134 1
554 50 588 127 1
514 50 549 125 1
474 53 510 126 1
435 48 469 126 1
397 45 434 126 1
317 56 353 123 1
282 55 317 130 1
246 54 282 131 1
209 55 246 126 1
174 47 207 115 1
132 39 169 112 1
94 37 133 112 1
46 28 95 114 1
16 37 50 112 1
0 42 15 115 1
609 232 647 313 1
564 238 600 314 1
524 233 559 311 1
489 223 522 294 1
446 227 481 301 1
407 233 444 309 1
370 226 406 302 1
330 229 367 304 1
292 222 329 296 1
254 217 289 297 1
214 223 253 294 1
175 221 213 293 1
140 221 178 292 1
105 219 143 292 1
66 223 108 298 1
27 223 67 297 1
0 211 29 282 1
515 407 548 476 1
474 406 508 476 1
436 404 471 475 1
400 404 432 471 1
358 407 390 466 1
317 404 354 471 1
278 400 313 470 1
243 399 276 469 1
203 408 240 481 1
158 389 201 471 1
124 400 162 473 1
85 405 124 475 1
46 398 88 472 1
9 410 51 485 1
0 403 14 473 1
