842 10 923 43 1
845 47 929 85 1
849 88 928 126 1
863 128 940 166 1
863 211 942 244 1
865 248 939 286 1
859 293 940 332 1
647 94 723 134 1
406 97 486 137 1
389 146 464 183 1
383 187 475 233 1
254 321 331 393 1
369 301 464 346 1
380 373 470 417 1
380 413 468 452 1
380 455 469 498 1
899 414 939 498 1
856 442 892 516 1
814 448 856 532 1
773 455 815 535 1
735 450 772 533 1
691 461 727 541 1
654 469 689 538 1
608 461 646 544 1
567 470 606 547 1
527 482 562 565 1
642 140 722 178 1
406 14 491 50 1
410 53 476 90 1
730 85 768 164 1
724 0 761 77 1
858 170 935 209 1
637 170 733 217 1
638 42 725 86 1
638 8 702 41 1
