878 390 911 465 1
919 424 956 509 1
956 425 993 503 1
994 419 1034 499 1
1037 427 1075 501 1
1075 425 1116 506 1
1116 427 1152 494 1
1151 429 1191 505 1
1191 429 1232 504 1
1231 432 1272 509 1
1269 438 1279 505 1
1235 527 1279 598 1
1192 523 1238 596 1
1233 695 1277 719 1
1192 694 1237 719 1
1150 699 1188 719 1
1109 667 1150 719 1
1069 689 1109 719 1
1031 690 1068 719 1
993 697 1031 719 1
952 693 991 719 1
914 695 948 719 1
872 694 910 719 1
835 697 869 719 1
787 698 824 719 1
747 697 784 719 1
1152 513 1196 597 1
1117 525 1153 600 1
1075 518 1117 599 1
1035 520 1074 597 1
996 525 1035 601 1
959 522 996 599 1
915 520 952 593 1
873 516 911 594 1
836 516 874 594 1
792 521 830 601 1
754 522 790 596 1
712 517 749 603 1
670 514 705 595 1
626 516 662 603 1
585 515 619 599 1
544 520 577 594 1
502 515 537 595 1
459 519 495 594 1
414 514 450 593 1
374 514 414 597 1
333 517 372 595 1
293 517 331 598 1
251 511 291 593 1
214 516 251 590 1
172 513 212 586 1
133 512 174 589 1
94 508 135 585 1
56 509 97 586 1
15 514 55 584 1
0 515 15 593 1
298 639 383 677 1
710 695 742 719 1
667 697 702 719 1
627 694 661 719 1
584 693 619 719 1
540 695 578 719 1
500 705 534 719 1
460 695 494 719 1
416 697 455 719 1
374 695 411 719 1
331 697 371 719 1
293 692 330 719 1
253 684 294 719 1
206 690 248 719 1
170 689 210 719 1
124 684 168 719 1
83 682 129 719 1
46 683 88 719 1
1 683 47 719 1
836 433 870 509 1
797 430 835 514 1
754 431 789 513 1
712 428 748 508 1
670 429 707 509 1
628 429 663 509 1
584 427 620 507 1
538 427 575 503 1
499 428 538 506 1
460 429 495 510 1
415 431 454 511 1
375 426 412 510 1
335 428 372 507 1
294 424 333 504 1
251 424 292 505 1
213 427 252 507 1
174 426 213 494 1
136 415 174 493 1
94 419 134 496 1
52 419 97 495 1
7 420 55 503 1
0 425 15 499 1
840 336 920 371 1
1264 252 1279 322 1
1260 166 1279 243 1
1221 168 1269 243 1
1227 254 1267 326 1
1186 246 1228 327 1
1145 242 1188 314 1
1110 248 1154 325 1
1184 170 1227 241 1
1143 159 1186 233 1
1107 167 1144 240 1
1073 163 1112 239 1
1030 162 1071 243 1
993 168 1031 239 1
953 163 995 240 1
911 164 951 240 1
874 163 910 236 1
834 155 872 233 1
792 154 831 229 1
752 154 788 222 1
712 146 747 226 1
672 152 708 235 1
629 150 663 230 1
588 153 623 228 1
1071 250 1112 319 1
1032 246 1074 324 1
990 248 1028 324 1
956 250 994 319 1
914 248 956 327 1
878 248 913 326 1
836 243 873 324 1
796 243 831 328 1
756 239 791 319 1
711 240 750 323 1
673 239 707 318 1
631 237 667 319 1
587 229 625 314 1
541 242 578 323 1
504 245 540 325 1
463 239 501 324 1
424 241 458 324 1
380 233 416 314 1
342 242 378 319 1
301 241 338 317 1
261 246 297 326 1
222 253 259 321 1
180 243 221 322 1
143 236 182 315 1
100 246 143 321 1
59 247 102 320 1
22 240 65 316 1
0 238 22 323 1
541 151 580 229 1
501 154 536 228 1
459 155 499 236 1
420 156 458 238 1
380 153 415 230 1
343 165 380 227 1
305 155 342 235 1
261 159 299 235 1
224 162 262 229 1
178 158 221 234 1
139 157 180 234 1
104 153 139 229 1
63 157 103 233 1
25 157 62 230 1
0 154 25 231 1
1225 35 1279 72 1
1151 37 1217 73 1
1060 40 1136 75 1
976 31 1060 71 1
890 32 966 68 1
803 30 884 68 1
754 0 787 52 1
708 0 746 55 1
671 0 704 56 1
630 0 666 55 1
587 0 620 60 1
548 0 581 62 1
507 0 542 53 1
464 0 498 53 1
425 0 458 49 1
383 0 418 61 1
345 0 381 59 1
241 0 278 67 1
202 0 241 56 1
161 0 203 57 1
120 0 161 62 1
81 0 119 54 1
40 0 81 50 1
0 0 39 61 1
