474 255 508 332 1
513 260 546 333 1
552 261 588 334 1
621 442 658 518 1
595 261 628 334 1
663 442 697 517 1
703 448 742 515 1
498 74 532 145 1
540 80 570 148 1
582 90 613 159 1
619 88 650 169 1
655 93 689 167 1
695 94 725 162 1
633 257 666 338 1
675 262 709 334 1
713 271 750 347 1
753 267 788 344 1
793 274 828 351 1
834 266 866 338 1
871 265 906 332 1
908 275 942 349 1
985 275 1029 352 1
945 281 985 355 1
462 70 494 147 1
742 449 778 514 1
785 446 819 511 1
820 444 856 513 1
861 446 898 513 1
900 447 934 513 1
435 260 473 338 1
582 452 616 527 1
540 434 575 513 1
498 443 535 522 1
460 449 491 522 1
421 442 453 520 1
382 453 415 527 1
344 446 381 517 1
309 435 343 516 1
263 440 301 514 1
223 443 263 519 1
189 433 225 509 1
149 429 191 507 1
139 526 215 561 1
144 604 222 637 1
142 643 227 678 1
135 681 213 715 1
0 521 38 600 1
0 431 42 506 1
6 257 53 331 1
0 254 13 334 1
393 263 429 339 1
357 250 391 319 1
318 243 354 326 1
279 248 318 329 1
241 250 278 324 1
205 252 240 322 1
162 249 203 322 1
0 63 45 139 1
46 63 79 142 1
75 62 117 144 1
116 60 160 143 1
156 72 195 137 1
198 75 235 147 1
235 77 274 152 1
307 70 345 145 1
346 79 379 149 1
383 74 420 151 1
419 64 458 152 1
778 84 812 166 1
814 90 849 165 1
853 95 890 167 1
893 93 928 168 1
930 94 966 171 1
969 100 1006 175 1
1007 102 1045 178 1
1046 111 1079 181 1
1087 110 1125 190 1
