844 0 882 30 1
839 38 875 118 1
846 142 881 224 1
839 253 877 340 1
835 353 872 437 1
827 468 861 553 1
1032 449 1103 487 1
646 80 709 119 1
634 202 710 243 1
631 325 703 359 1
638 366 707 403 1
632 406 708 441 1
633 447 707 482 1
628 490 704 522 1
624 528 703 567 1
619 571 701 605 1
619 610 698 649 1
618 652 697 686 1
618 693 694 719 1
460 40 537 92 1
457 120 540 177 1
451 412 528 466 1
445 623 521 678 1
441 666 518 718 1
302 0 377 37 1
301 33 383 83 1
303 79 381 134 1
293 133 375 183 1
293 175 379 231 1
295 222 376 284 1
286 265 369 326 1
284 312 366 371 1
292 366 370 420 1
297 423 363 466 1
286 464 359 516 1
277 516 349 558 1
281 560 358 608 1
284 611 359 655 1
277 649 350 701 1
