810 127 847 207 1
804 228 841 313 1
798 326 839 405 1
803 432 843 515 1
834 622 870 708 1
794 647 833 719 1
602 376 671 414 1
588 495 670 536 1
585 617 663 657 1
587 665 670 695 1
587 696 666 719 1
584 206 665 245 1
599 161 670 197 1
606 80 677 121 1
617 38 679 74 1
600 0 672 36 1
426 35 500 88 1
427 75 505 132 1
411 332 491 383 1
409 411 491 471 1
244 664 326 716 1
235 609 319 669 1
237 564 325 632 1
243 519 328 581 1
243 470 329 528 1
247 427 329 478 1
251 374 332 431 1
250 325 334 376 1
247 270 328 333 1
249 234 330 288 1
255 187 340 240 1
252 142 336 192 1
256 87 333 140 1
255 42 338 98 1
264 0 343 50 1
