843 0 880 30 1
839 38 875 118 1
841 141 881 225 1
836 253 874 337 1
833 353 869 437 1
825 468 860 550 1
1027 448 1101 485 1
643 80 707 119 1
631 201 709 241 1
629 324 702 358 1
630 365 703 398 1
633 405 706 441 1
631 447 705 479 1
627 486 700 520 1
624 527 701 563 1
615 567 696 605 1
617 610 694 647 1
616 650 695 685 1
616 691 689 719 1
459 39 537 88 1
454 120 536 178 1
449 408 526 466 1
440 622 518 675 1
441 667 516 717 1
305 0 376 33 1
302 31 382 82 1
301 78 380 133 1
295 134 376 180 1
293 173 375 229 1
294 222 374 283 1
285 266 370 328 1
281 310 364 367 1
285 364 370 416 1
295 417 361 461 1
281 460 357 514 1
274 509 350 556 1
279 557 356 607 1
286 610 358 654 1
286 648 350 697 1
278 695 353 719 1
