667 0 703 35 1
584 0 661 35 1
582 41 656 77 1
582 82 655 117 1
333 7 415 42 1
338 48 407 87 1
349 87 429 125 1
353 127 430 167 1
350 172 427 207 1
347 214 423 250 1
679 288 712 367 1
673 41 706 124 1
673 131 706 212 1
678 219 708 283 1
590 207 670 241 1
581 126 660 159 1
797 241 873 274 1
350 301 428 338 1
350 343 433 378 1
358 382 441 422 1
360 426 439 463 1
376 464 442 500 1
683 370 717 449 1
583 287 663 327 1
584 248 665 286 1
797 79 880 115 1
799 120 875 156 1
799 163 866 196 1
794 203 864 234 1
800 281 870 315 1
780 35 850 72 1
345 257 427 292 1
586 163 663 201 1
805 365 887 399 1
817 405 894 438 1
811 445 889 481 1
811 484 889 519 1
813 525 898 564 1
356 548 441 587 1
807 0 883 31 1
371 636 451 674 1
363 593 438 630 1
359 505 447 550 1
592 544 671 583 1
599 582 678 621 1
611 622 685 660 1
612 663 690 701 1
609 699 686 719 1
371 676 449 719 1
699 631 731 708 1
819 686 897 719 1
816 647 896 683 1
812 568 894 605 1
814 606 893 645 1
589 502 663 538 1
591 457 671 493 1
590 416 674 448 1
593 373 674 412 1
592 331 670 368 1
694 548 732 631 1
692 458 726 536 1
802 325 884 359 1
