823 0 863 52 1
811 196 850 278 1
805 305 843 384 1
798 400 836 477 1
866 435 949 504 1
800 506 836 586 1
582 564 665 601 1
576 684 652 719 1
600 443 667 478 1
588 271 664 310 1
603 225 679 266 1
614 145 683 186 1
628 107 685 139 1
607 62 677 101 1
596 18 674 58 1
604 0 676 21 1
428 0 508 26 1
432 97 503 145 1
431 140 507 192 1
412 392 489 445 1
405 476 490 531 1
225 670 309 719 1
235 618 316 688 1
240 578 321 637 1
247 532 325 585 1
250 488 325 538 1
245 431 331 489 1
247 384 331 435 1
250 326 329 391 1
251 291 331 345 1
258 245 339 300 1
259 201 340 252 1
267 145 338 199 1
262 98 343 152 1
271 52 352 111 1
265 4 348 59 1
