1113 150 1183 185 1
916 0 960 38 1
916 50 954 138 1
908 163 945 246 1
712 17 784 56 1
719 59 790 97 1
719 100 793 138 1
718 140 793 177 1
713 179 788 219 1
708 223 791 257 1
706 263 786 297 1
708 303 786 340 1
708 341 785 380 1
702 389 781 421 1
705 423 786 463 1
697 470 776 507 1
533 405 606 459 1
531 362 606 413 1
534 320 606 369 1
535 107 612 160 1
379 0 451 21 1
389 14 452 64 1
377 57 460 115 1
382 110 448 160 1
378 160 444 210 1
370 205 438 255 1
387 254 444 303 1
377 303 446 351 1
367 343 439 397 1
364 392 444 445 1
362 439 439 487 1
382 493 447 540 1
376 536 436 584 1
370 585 451 639 1
2 0 49 89 1
