664 584 711 686 1
614 581 658 681 1
555 578 605 682 1
726 585 775 715 1
780 580 824 684 1
830 579 874 673 1
879 566 924 680 1
936 580 983 683 1
985 564 1029 658 1
1035 560 1079 661 1
1087 576 1132 639 1
1134 556 1181 655 1
1183 564 1234 657 1
1232 551 1279 657 1
1030 360 1129 403 1
920 357 1015 407 1
431 364 536 414 1
507 596 550 697 1
450 575 497 684 1
400 585 446 687 1
344 582 394 691 1
291 590 345 695 1
241 579 290 691 1
186 592 239 701 1
128 587 182 690 1
68 586 123 681 1
12 592 69 701 1
247 366 349 410 1
124 367 235 411 1
0 372 104 418 1
