767 135 806 218 1
768 232 804 312 1
758 363 797 440 1
755 468 788 533 1
756 538 796 614 1
542 393 624 424 1
558 436 632 471 1
559 478 636 510 1
546 516 623 550 1
543 556 616 588 1
535 596 611 629 1
461 337 536 370 1
387 420 464 469 1
394 469 458 510 1
356 518 436 558 1
377 552 452 596 1
375 665 446 713 1
217 667 292 718 1
223 623 298 675 1
215 573 295 630 1
221 528 301 583 1
230 485 297 541 1
218 442 298 492 1
228 393 301 450 1
222 345 302 403 1
236 304 313 357 1
236 258 319 309 1
239 220 310 263 1
346 189 418 224 1
547 637 617 666 1
563 673 618 708 1
