799 0 879 23 1
809 19 885 60 1
816 58 887 99 1
815 102 891 136 1
811 139 886 174 1
810 176 883 211 1
835 218 914 252 1
809 259 883 290 1
828 302 911 336 1
823 344 908 381 1
829 385 895 418 1
823 422 897 457 1
830 461 906 500 1
831 503 902 536 1
832 544 912 579 1
837 583 920 619 1
849 624 927 658 1
838 664 920 702 1
840 702 922 719 1
690 24 723 95 1
690 100 724 174 1
697 178 737 256 1
704 264 740 349 1
705 357 742 435 1
710 439 744 503 1
714 511 747 593 1
717 594 752 670 1
722 676 755 719 1
610 7 683 52 1
601 60 679 98 1
606 99 677 136 1
605 141 683 176 1
612 180 686 218 1
616 220 697 259 1
621 265 692 300 1
616 305 689 343 1
613 350 691 384 1
618 384 697 424 1
624 429 704 466 1
619 474 696 510 1
620 513 698 548 1
621 551 701 593 1
624 594 705 636 1
622 635 703 672 1
621 675 702 713 1
387 0 463 22 1
381 28 468 65 1
372 68 452 106 1
372 108 450 147 1
384 149 450 188 1
374 197 441 229 1
372 232 448 269 1
378 275 447 312 1
388 314 465 352 1
392 353 470 389 1
386 395 464 431 1
386 438 457 476 1
381 480 462 517 1
387 524 465 560 1
385 565 468 598 1
395 605 474 644 1
396 647 473 684 1
404 686 478 719 1
