709 259 775 327 1
534 316 601 386 1
699 141 764 211 1
629 354 697 420 1
603 382 671 453 1
415 422 489 495 1
544 441 613 510 1
524 477 587 536 1
503 346 572 419 1
571 409 638 479 1
488 499 559 567 1
449 398 520 471 1
485 378 551 445 1
420 32 485 96 1
149 537 217 600 1
86 474 161 546 1
579 533 646 605 1
648 601 717 668 1
711 545 777 614 1
388 601 463 670 1
360 87 429 157 1
402 184 464 247 1
372 210 441 274 1
387 58 454 126 1
176 508 249 575 1
200 418 267 483 1
203 474 271 542 1
766 481 834 552 1
829 541 901 613 1
805 578 868 636 1
778 603 844 670 1
678 570 747 635 1
736 511 808 582 1
724 114 791 178 1
670 170 736 234 1
638 192 710 260 1
612 223 679 288 1
593 259 652 319 1
561 286 630 353 1
683 289 749 354 1
652 317 721 386 1
741 234 802 300 1
766 207 835 276 1
787 176 857 240 1
814 149 882 216 1
844 120 910 183 1
753 85 815 147 1
777 55 842 122 1
803 29 866 95 1
831 12 889 65 1
858 0 925 46 1
901 0 949 22 1
871 97 928 156 1
897 69 959 129 1
921 44 988 111 1
946 19 1001 77 1
970 0 1032 53 1
1004 0 1052 28 1
789 455 866 524 1
821 428 889 495 1
839 394 909 461 1
868 363 937 429 1
895 333 967 400 1
924 310 987 372 1
946 277 1018 344 1
972 254 1042 318 1
995 221 1063 286 1
1024 198 1082 252 1
1044 170 1110 232 1
1072 144 1140 208 1
1096 121 1161 181 1
1123 102 1180 158 1
1139 67 1204 128 1
1161 41 1237 104 1
1183 9 1255 73 1
1217 0 1279 47 1
1256 70 1279 117 1
1229 93 1279 163 1
1180 152 1240 215 1
1155 176 1216 241 1
1131 203 1185 259 1
1107 231 1171 296 1
1081 258 1146 319 1
1057 279 1120 345 1
1033 309 1099 373 1
1009 340 1075 406 1
959 398 1028 464 1
985 367 1045 429 1
936 430 995 492 1
907 457 965 516 1
881 485 947 553 1
858 513 913 570 1
750 630 815 698 1
717 659 783 719 1
689 691 740 719 1
627 635 695 705 1
934 701 974 719 1
962 673 1027 719 1
991 650 1058 718 1
1015 618 1085 688 1
1045 598 1102 654 1
1069 567 1134 630 1
1090 537 1156 599 1
1116 503 1180 568 1
1142 476 1208 540 1
1166 447 1234 511 1
1188 422 1257 486 1
1212 393 1279 463 1
1235 365 1279 428 1
1255 341 1279 380 1
431 153 490 213 1
455 123 522 192 1
478 92 548 160 1
509 61 584 138 1
535 29 595 94 1
570 11 632 74 1
593 0 661 46 1
636 0 689 24 1
526 0 567 15 1
479 0 540 39 1
443 1 503 62 1
214 2 278 63 1
42 218 125 284 1
328 113 392 176 1
333 229 405 297 1
313 268 385 338 1
300 140 372 211 1
276 170 344 240 1
251 208 318 274 1
221 236 288 307 1
155 308 230 372 1
265 410 326 480 1
145 418 211 485 1
122 450 182 513 1
59 505 126 572 1
124 564 189 629 1
27 534 97 604 1
89 592 161 659 1
59 612 136 686 1
1 567 69 634 1
0 595 35 656 1
32 646 101 716 1
0 677 65 719 1
154 645 229 714 1
340 608 409 677 1
310 639 374 699 1
411 670 470 719 1
361 692 417 719 1
282 665 354 719 1
251 686 306 719 1
