454 218 574 265 1
460 272 563 319 1
308 152 437 204 1
306 92 435 145 1
730 342 843 390 1
867 407 983 454 1
882 524 994 574 1
732 462 848 514 1
874 583 982 637 1
868 640 977 693 1
729 588 831 637 1
442 453 572 512 1
440 518 564 570 1
868 347 985 400 1
877 230 991 281 1
872 166 989 222 1
876 108 988 163 1
731 100 849 155 1
730 163 849 218 1
448 642 572 702 1
310 330 416 377 1
1105 121 1219 170 1
1222 125 1279 175 1
1113 177 1216 228 1
1218 184 1279 229 1
1112 236 1211 285 1
1211 292 1279 338 1
1211 245 1279 290 1
1219 344 1279 391 1
1225 393 1279 436 1
1210 446 1279 491 1
1205 496 1279 546 1
1213 550 1279 599 1
1217 604 1279 655 1
1179 658 1279 719 1
1096 547 1212 601 1
1102 609 1209 654 1
