856 681 938 715 1
857 640 938 673 1
863 599 945 632 1
853 557 934 591 1
842 517 930 551 1
842 476 917 507 1
842 437 927 467 1
837 394 909 428 1
838 357 915 390 1
837 315 922 353 1
839 274 927 309 1
821 231 896 267 1
845 190 926 228 1
818 148 893 187 1
823 113 895 147 1
821 78 904 113 1
823 33 897 76 1
816 0 894 36 1
622 0 694 32 1
700 1 732 73 1
701 78 735 152 1
711 153 747 232 1
714 239 752 319 1
717 329 752 405 1
724 413 757 478 1
726 484 762 565 1
729 569 767 646 1
734 650 773 719 1
612 40 691 73 1
618 76 692 114 1
616 118 695 153 1
626 157 696 192 1
633 196 708 234 1
630 238 705 272 1
630 277 703 314 1
626 319 706 352 1
628 362 712 391 1
634 400 718 436 1
634 442 710 480 1
634 484 714 521 1
637 527 715 565 1
639 568 721 609 1
634 610 721 645 1
633 650 720 686 1
635 696 711 719 1
400 10 487 49 1
388 48 468 90 1
389 89 464 128 1
400 129 467 164 1
392 173 457 203 1
389 208 467 241 1
397 250 462 287 1
405 290 481 326 1
408 327 484 364 1
403 368 477 405 1
400 411 474 447 1
397 451 477 487 1
401 494 480 531 1
404 538 485 571 1
411 577 492 615 1
409 621 490 656 1
425 662 497 697 1
405 700 492 719 1
