839 205 912 242 1
920 207 995 244 1
931 247 993 280 1
929 282 998 318 1
926 325 996 360 1
926 365 1007 399 1
920 403 999 438 1
920 444 992 477 1
922 486 999 521 1
923 524 1004 560 1
1111 209 1185 243 1
1118 247 1173 281 1
1110 285 1189 320 1
1109 327 1189 363 1
1097 364 1182 402 1
1099 403 1171 437 1
1101 440 1179 472 1
1112 481 1178 517 1
1108 523 1189 556 1
1115 560 1196 595 1
1120 596 1193 635 1
1109 635 1194 669 1
1110 671 1198 712 1
931 684 1008 719 1
932 645 1007 680 1
928 603 1005 640 1
928 566 989 600 1
846 685 925 719 1
844 647 924 680 1
833 608 909 644 1
839 566 915 601 1
837 529 907 562 1
843 490 909 523 1
838 446 909 481 1
835 407 916 440 1
835 366 913 400 1
841 327 921 362 1
846 287 909 320 1
841 247 920 281 1
934 170 1011 200 1
1100 140 1172 175 1
1105 99 1173 134 1
1097 62 1171 97 1
1093 22 1176 62 1
1097 0 1172 23 1
931 0 996 14 1
924 15 997 54 1
929 55 995 91 1
935 92 1003 129 1
929 131 1003 167 1
844 0 918 15 1
845 13 920 49 1
842 50 917 87 1
838 88 916 126 1
838 126 914 161 1
840 166 913 200 1
657 76 728 115 1
659 117 734 153 1
665 156 736 190 1
659 194 739 231 1
656 234 734 268 1
656 274 733 311 1
653 317 732 350 1
661 357 734 390 1
660 395 733 429 1
650 438 733 473 1
653 479 729 515 1
644 518 729 553 1
654 559 727 596 1
661 600 732 636 1
658 640 729 676 1
655 677 739 715 1
565 681 637 717 1
559 641 640 677 1
558 599 635 638 1
560 562 632 597 1
558 523 638 556 1
565 482 642 517 1
565 440 640 476 1
554 398 628 433 1
574 357 649 393 1
560 311 640 350 1
563 275 640 308 1
568 236 638 270 1
563 197 638 230 1
563 152 645 190 1
379 156 455 192 1
383 115 464 150 1
377 76 452 114 1
386 0 453 37 1
372 37 439 71 1
380 360 459 392 1
369 396 444 429 1
380 441 462 474 1
388 480 456 511 1
375 521 452 554 1
372 556 455 593 1
370 602 449 635 1
373 639 448 677 1
372 679 442 715 1
191 0 266 21 1
184 22 263 58 1
182 59 259 97 1
191 99 271 135 1
189 136 273 175 1
192 176 273 214 1
195 214 276 252 1
198 257 279 290 1
203 298 285 331 1
199 343 279 378 1
