1068 157 1161 202 1
902 142 987 190 1
782 139 876 186 1
647 137 748 188 1
403 140 502 185 1
306 138 402 184 1
604 365 646 460 1
604 469 648 573 1
665 356 708 460 1
721 351 763 443 1
776 356 822 453 1
834 361 875 464 1
884 350 926 455 1
932 362 979 459 1
981 356 1023 458 1
1030 358 1073 453 1
1074 353 1119 452 1
1122 368 1168 465 1
1169 357 1221 453 1
1220 360 1267 452 1
1264 366 1279 458 1
682 582 732 666 1
729 587 786 682 1
779 578 833 667 1
983 573 1039 666 1
1033 574 1087 664 1
1076 571 1132 661 1
1131 577 1193 666 1
