726 655 803 691 1
644 653 720 691 1
371 615 452 652 1
731 609 804 648 1
642 609 719 646 1
639 568 718 607 1
726 568 802 606 1
453 609 540 648 1
369 575 442 611 1
461 569 538 607 1
458 531 537 571 1
639 533 712 567 1
727 529 801 567 1
724 489 804 528 1
638 489 716 529 1
369 534 445 573 1
905 647 987 685 1
903 608 981 645 1
911 569 978 604 1
901 527 980 562 1
725 445 811 482 1
641 445 718 482 1
724 402 803 440 1
639 402 717 440 1
639 362 716 400 1
727 361 808 400 1
732 322 800 357 1
641 323 721 360 1
191 617 268 650 1
184 570 265 608 1
205 533 276 567 1
193 491 272 529 1
191 448 268 485 1
190 410 270 445 1
184 367 267 404 1
368 490 444 523 1
443 486 528 522 1
453 364 535 401 1
454 405 531 441 1
450 444 531 482 1
366 448 442 485 1
367 405 446 443 1
363 367 439 404 1
369 325 435 364 1
453 321 531 359 1
457 281 537 320 1
368 283 441 323 1
370 241 446 282 1
458 240 537 278 1
724 238 798 279 1
728 280 806 319 1
638 278 723 316 1
642 242 719 278 1
902 328 978 363 1
901 284 978 325 1
899 364 974 399 1
902 402 977 441 1
898 443 979 478 1
898 483 978 520 1
458 652 537 687 1
373 654 454 689 1
190 656 261 692 1
184 326 266 362 1
191 697 275 719 1
371 697 447 719 1
450 693 530 719 1
897 199 981 236 1
900 240 976 279 1
904 687 983 719 1
727 690 808 719 1
641 692 722 719 1
726 199 801 236 1
643 200 713 238 1
460 201 540 238 1
375 202 448 240 1
243 230 283 310 1
246 146 281 224 1
377 162 454 201 1
461 157 537 199 1
463 120 529 157 1
378 122 455 162 1
243 55 284 139 1
253 0 289 54 1
380 83 452 120 1
461 86 533 120 1
635 157 718 197 1
727 162 798 199 1
730 119 805 156 1
635 121 709 158 1
629 79 706 118 1
732 79 805 118 1
895 161 970 198 1
893 123 970 163 1
895 85 972 122 1
888 49 968 86 1
884 10 964 48 1
724 3 806 41 1
726 44 803 79 1
636 41 709 81 1
636 3 714 36 1
459 47 536 83 1
376 44 457 86 1
378 8 453 43 1
463 6 530 45 1
