323 336 406 372 1
335 380 409 414 1
325 459 394 492 1
328 500 400 534 1
338 536 413 574 1
504 422 581 456 1
504 460 581 495 1
504 501 579 533 1
508 539 581 572 1
511 617 585 651 1
149 321 231 356 1
332 422 412 457 1
148 363 229 400 1
155 236 237 273 1
157 286 234 320 1
146 403 228 438 1
146 442 226 478 1
153 482 227 517 1
148 524 231 555 1
147 561 232 596 1
160 640 232 679 1
160 681 240 715 1
330 694 408 719 1
333 656 406 688 1
338 615 414 650 1
333 576 407 612 1
512 658 590 693 1
512 694 586 719 1
