773 131 806 217 1
771 226 805 308 1
760 360 797 439 1
755 465 790 531 1
760 535 794 614 1
542 387 622 426 1
558 433 634 468 1
559 474 636 508 1
549 512 622 548 1
546 549 615 589 1
534 592 611 628 1
549 632 615 667 1
564 673 623 705 1
462 331 539 370 1
389 417 466 467 1
395 467 461 510 1
359 512 441 558 1
378 549 452 596 1
376 664 447 712 1
217 668 293 718 1
222 622 299 674 1
212 575 296 629 1
218 531 302 584 1
229 487 298 537 1
217 438 298 488 1
227 390 302 450 1
221 342 301 398 1
237 302 312 357 1
235 256 320 312 1
234 218 312 263 1
345 185 422 225 1
