607 179 640 258 1
648 181 685 261 1
686 272 725 351 1
605 282 641 357 1
568 273 601 351 1
523 571 557 651 1
648 279 685 356 1
522 187 558 267 1
567 179 599 256 1
521 282 553 365 1
523 476 557 557 1
607 477 639 552 1
728 570 764 649 1
691 578 724 648 1
648 575 681 647 1
606 569 640 642 1
564 582 596 655 1
563 473 598 552 1
644 476 680 556 1
687 478 723 559 1
732 185 765 256 1
689 184 723 260 1
730 279 765 355 1
773 273 808 348 1
772 181 806 256 1
813 185 850 266 1
851 193 887 262 1
893 189 930 269 1
931 192 969 263 1
987 240 1059 272 1
1066 236 1141 271 1
938 123 1008 157 1
940 49 1015 86 1
850 50 930 86 1
768 49 841 85 1
659 47 744 85 1
568 44 645 86 1
477 50 556 88 1
232 56 311 91 1
246 128 325 166 1
141 57 222 92 1
42 62 125 98 1
0 58 33 95 1
356 190 395 269 1
316 189 355 264 1
351 283 390 362 1
312 289 348 366 1
279 187 313 261 1
238 187 276 263 1
201 195 237 267 1
160 197 199 273 1
119 196 160 264 1
48 193 88 257 1
82 196 124 264 1
8 191 53 271 1
0 189 16 258 1
273 289 312 367 1
235 287 270 366 1
187 291 230 369 1
158 285 190 362 1
121 285 158 357 1
81 278 121 352 1
43 279 80 351 1
5 276 48 345 1
0 283 8 345 1
342 461 378 541 1
303 460 339 542 1
264 459 301 536 1
225 462 261 536 1
184 472 222 549 1
147 473 185 551 1
111 475 150 539 1
68 463 112 541 1
29 479 70 552 1
0 471 35 550 1
342 570 376 639 1
302 558 339 636 1
262 560 298 626 1
223 563 260 632 1
186 565 222 643 1
148 564 185 635 1
107 561 147 636 1
65 556 107 628 1
29 560 69 636 1
0 564 27 630 1
814 272 848 352 1
853 277 889 353 1
892 280 929 359 1
933 280 968 356 1
971 292 1007 368 1
1011 279 1047 355 1
1052 282 1087 360 1
1088 288 1124 360 1
1127 289 1163 363 1
1166 283 1203 359 1
1209 280 1244 352 1
1247 281 1279 361 1
1246 467 1279 546 1
1250 565 1279 637 1
1205 472 1247 544 1
1166 478 1206 552 1
1167 567 1209 643 1
1125 468 1165 550 1
1089 480 1127 548 1
1052 469 1088 544 1
1012 470 1054 551 1
1130 565 1168 640 1
1091 565 1126 641 1
1051 561 1091 641 1
970 470 1010 559 1
932 472 968 547 1
892 469 930 550 1
853 474 890 552 1
815 470 849 547 1
770 473 806 549 1
731 474 765 553 1
1009 556 1050 636 1
970 566 1007 635 1
933 563 971 639 1
892 558 930 639 1
854 561 889 639 1
815 562 852 641 1
771 565 808 644 1
