704 319 739 397 1
663 319 700 398 1
623 321 658 397 1
532 35 567 113 1
418 317 456 398 1
459 322 497 398 1
498 326 533 395 1
454 232 487 306 1
490 228 530 317 1
536 227 575 309 1
536 313 573 396 1
577 222 611 301 1
620 235 652 303 1
658 221 694 304 1
699 233 732 307 1
741 224 777 297 1
292 236 330 313 1
252 240 290 315 1
379 324 418 402 1
339 325 378 401 1
295 327 339 404 1
537 521 573 597 1
497 600 536 675 1
343 611 382 685 1
259 518 297 595 1
504 0 577 32 1
587 0 667 29 1
569 38 607 118 1
610 45 645 115 1
489 49 524 129 1
450 42 482 116 1
409 43 443 119 1
256 336 294 413 1
450 0 483 23 1
408 0 441 35 1
366 0 401 30 1
325 0 363 34 1
286 0 318 26 1
243 0 281 31 1
200 0 239 33 1
165 0 198 35 1
115 0 157 33 1
70 0 112 33 1
28 0 71 44 1
30 58 77 139 1
81 51 120 128 1
121 58 160 134 1
163 53 203 129 1
201 42 240 118 1
246 51 284 127 1
286 43 322 115 1
327 41 360 117 1
366 43 403 117 1
650 43 686 118 1
692 37 726 115 1
733 34 765 103 1
771 35 803 107 1
809 32 843 108 1
849 33 883 115 1
885 37 920 111 1
925 49 961 115 1
959 40 996 119 1
999 30 1036 102 1
1034 45 1068 115 1
1071 43 1107 105 1
1108 42 1146 113 1
1147 40 1184 118 1
1187 40 1219 112 1
1220 36 1252 107 1
211 246 247 324 1
168 244 206 323 1
130 248 167 321 1
87 247 126 324 1
43 252 86 328 1
217 344 256 415 1
175 342 216 414 1
94 354 135 427 1
48 345 92 423 1
786 314 820 385 1
821 315 860 385 1
779 215 817 296 1
819 216 856 291 1
857 216 891 285 1
863 307 898 379 1
583 316 620 399 1
335 233 369 309 1
373 234 411 313 1
413 230 449 308 1
135 340 175 412 1
894 215 930 290 1
935 219 971 298 1
974 216 1006 287 1
1010 205 1046 279 1
1048 222 1082 293 1
1081 210 1118 283 1
1118 210 1154 284 1
1154 215 1187 279 1
1187 209 1224 278 1
1224 207 1268 282 1
901 297 938 379 1
943 303 976 377 1
978 298 1015 380 1
1018 305 1050 379 1
1053 306 1086 377 1
1088 299 1120 374 1
1121 300 1159 374 1
1159 300 1198 373 1
1200 299 1233 373 1
1232 304 1264 372 1
1264 294 1279 370 1
265 616 304 694 1
302 615 342 692 1
384 520 417 590 1
339 516 375 597 1
300 520 335 599 1
488 511 526 591 1
578 512 616 593 1
621 509 654 582 1
664 512 698 589 1
544 606 579 676 1
586 605 621 685 1
1269 470 1279 543 1
1231 472 1270 544 1
1193 473 1236 545 1
1157 476 1199 552 1
1237 571 1276 641 1
1194 553 1236 626 1
1164 565 1201 626 1
1122 484 1158 545 1
1127 562 1165 633 1
1083 480 1123 558 1
1089 565 1125 634 1
1048 475 1086 552 1
1051 565 1089 645 1
1016 563 1052 641 1
1012 478 1047 555 1
976 485 1011 554 1
936 489 972 552 1
899 487 935 556 1
980 563 1015 635 1
941 572 978 648 1
902 574 943 656 1
866 584 898 645 1
863 492 898 566 1
819 489 857 563 1
784 502 819 584 1
743 509 780 585 1
705 513 741 588 1
825 586 862 662 1
785 591 822 669 1
746 594 782 672 1
708 597 745 678 1
627 605 663 684 1
389 616 424 691 1
226 623 266 693 1
217 527 254 607 1
174 530 213 610 1
136 530 172 603 1
93 536 134 614 1
51 534 93 609 1
50 615 97 705 1
100 619 141 702 1
141 615 181 692 1
182 621 224 705 1
