707 622 823 680 1
705 569 817 621 1
831 529 933 580 1
821 471 926 523 1
696 513 811 567 1
90 597 209 653 1
433 389 542 450 1
426 284 538 337 1
433 338 546 391 1
319 407 422 466 1
685 455 797 506 1
683 394 794 451 1
80 485 201 538 1
82 376 192 433 1
77 321 192 375 1
71 220 193 274 1
73 167 185 223 1
304 308 414 363 1
306 248 399 308 1
313 196 402 251 1
301 142 407 200 1
287 95 390 148 1
415 127 531 184 1
415 198 517 247 1
434 453 553 509 1
440 509 553 562 1
457 567 552 618 1
321 530 432 582 1
330 586 445 640 1
448 618 562 675 1
438 672 557 719 1
83 651 208 709 1
0 605 82 664 1
0 499 81 553 1
0 442 77 496 1
0 389 81 439 1
0 332 62 383 1
0 233 55 282 1
0 177 68 227 1
0 119 60 169 1
0 65 59 117 1
60 54 177 114 1
59 111 181 168 1
1258 145 1279 196 1
1121 333 1207 430 1
1079 285 1171 371 1
1042 234 1140 327 1
1019 182 1104 275 1
954 148 1054 241 1
916 98 1017 194 1
875 55 966 155 1
841 10 933 95 1
1208 65 1279 164 1
1179 13 1275 107 1
1145 0 1237 69 1
1100 0 1156 25 1
836 640 946 699 1
697 683 814 719 1
