679 37 715 114 1
606 188 669 221 1
685 122 716 195 1
584 18 660 54 1
586 57 663 94 1
596 141 671 177 1
605 228 665 258 1
689 207 723 292 1
600 263 685 302 1
610 313 682 349 1
374 276 441 310 1
358 192 447 229 1
372 237 454 272 1
816 130 894 169 1
805 221 886 254 1
375 153 443 185 1
347 60 440 103 1
816 90 880 125 1
802 13 882 51 1
599 88 677 133 1
368 112 446 148 1
340 24 422 62 1
369 318 452 352 1
694 300 731 376 1
351 408 439 450 1
353 366 430 399 1
347 589 435 629 1
349 625 434 665 1
346 668 436 711 1
818 53 901 89 1
802 178 879 215 1
808 258 892 296 1
812 299 891 337 1
826 339 903 377 1
825 380 901 420 1
826 422 905 455 1
828 459 902 497 1
822 501 905 539 1
339 0 421 22 1
580 0 663 13 1
677 0 713 30 1
606 356 685 396 1
601 392 698 432 1
283 523 379 576 1
189 613 230 697 1
533 679 568 719 1
577 671 610 719 1
619 681 650 719 1
657 671 688 719 1
701 662 735 719 1
740 663 775 719 1
779 654 817 719 1
822 647 855 719 1
865 621 904 704 1
