1111 152 1183 191 1
916 50 955 136 1
916 0 960 39 1
912 165 950 251 1
714 22 786 61 1
714 64 791 97 1
723 103 793 143 1
721 144 796 176 1
714 182 792 219 1
714 222 792 262 1
710 266 788 301 1
709 309 785 341 1
709 349 788 383 1
707 391 782 426 1
705 430 790 466 1
699 474 780 507 1
533 407 606 462 1
536 366 609 410 1
537 321 607 371 1
540 107 611 161 1
389 0 456 22 1
398 22 454 67 1
375 61 459 118 1
384 107 449 158 1
379 164 447 213 1
377 206 441 253 1
389 258 446 306 1
382 306 450 353 1
373 350 442 400 1
369 394 447 448 1
368 441 441 491 1
384 495 449 541 1
373 539 440 586 1
374 591 455 644 1
