670 474 746 511 1
665 431 732 467 1
665 390 745 426 1
748 382 823 420 1
667 352 734 385 1
751 344 832 380 1
753 298 832 340 1
659 303 739 344 1
755 259 828 294 1
653 260 742 298 1
664 223 742 261 1
749 219 824 255 1
848 90 888 169 1
926 300 1007 338 1
920 263 989 297 1
916 218 997 258 1
912 178 987 215 1
917 138 993 176 1
916 100 988 137 1
911 59 983 101 1
905 20 976 62 1
902 0 984 19 1
738 0 813 23 1
650 0 722 22 1
479 0 554 29 1
390 0 465 32 1
204 0 286 31 1
311 34 350 111 1
388 32 461 73 1
471 29 551 67 1
471 68 555 105 1
385 72 461 111 1
203 32 282 71 1
212 70 293 112 1
210 119 289 164 1
385 111 464 153 1
478 108 551 146 1
473 146 554 184 1
478 187 552 224 1
472 226 556 263 1
481 267 559 304 1
474 310 558 346 1
483 352 564 389 1
472 396 560 432 1
477 435 558 472 1
483 480 561 517 1
400 480 478 520 1
389 436 469 476 1
387 397 469 435 1
395 353 473 391 1
382 312 461 352 1
383 272 461 310 1
387 230 460 270 1
390 191 467 229 1
389 151 459 190 1
214 183 296 219 1
207 298 281 335 1
210 356 290 392 1
208 422 297 456 1
203 480 289 519 1
210 539 298 579 1
214 596 303 639 1
218 665 308 719 1
359 646 398 719 1
421 651 459 719 1
532 644 571 719 1
651 634 692 718 1
708 628 747 714 1
768 637 806 719 1
828 614 864 694 1
657 181 736 219 1
742 177 825 216 1
745 140 822 176 1
654 139 733 179 1
741 101 823 138 1
656 101 737 138 1
660 62 733 103 1
748 58 822 96 1
744 24 813 58 1
651 22 731 60 1
