795 18 874 55 1
810 58 886 99 1
813 100 886 138 1
810 140 893 177 1
812 179 884 214 1
808 216 882 251 1
835 256 915 292 1
807 299 882 334 1
827 342 911 378 1
827 383 905 418 1
826 424 894 458 1
824 462 894 497 1
827 501 905 538 1
828 545 901 578 1
829 582 912 622 1
833 623 916 662 1
846 664 926 700 1
839 703 922 719 1
686 58 719 132 1
690 138 722 213 1
697 217 734 302 1
702 306 738 389 1
702 395 741 480 1
705 481 742 547 1
712 553 748 634 1
715 636 751 716 1
608 46 681 94 1
600 101 682 138 1
605 138 681 176 1
602 181 683 217 1
609 222 687 260 1
616 263 696 300 1
614 305 692 341 1
615 348 689 382 1
614 390 694 425 1
615 427 697 464 1
621 469 702 506 1
617 511 696 552 1
616 554 698 590 1
620 594 700 635 1
623 634 704 679 1
616 679 704 715 1
393 686 475 719 1
393 642 474 686 1
385 604 468 641 1
381 561 462 599 1
382 521 461 557 1
380 480 455 517 1
384 436 461 473 1
389 398 467 430 1
386 354 463 392 1
376 314 442 351 1
368 272 448 309 1
374 237 437 268 1
381 188 450 226 1
367 147 445 185 1
369 108 450 145 1
378 64 465 103 1
384 23 460 62 1
375 0 446 20 1
