1168 180 1266 279 1
1133 146 1222 241 1
1091 100 1179 201 1
1046 64 1138 158 1
1004 21 1087 120 1
958 0 1040 78 1
876 77 965 165 1
914 114 1010 220 1
967 154 1059 248 1
1019 195 1106 285 1
1052 231 1146 330 1
1093 266 1187 372 1
1135 306 1225 415 1
1181 340 1273 453 1
1222 396 1279 488 1
1252 484 1279 537 1
924 473 1008 581 1
962 505 1062 618 1
1000 550 1101 654 1
1078 582 1157 673 1
1103 625 1199 719 1
1151 681 1239 719 1
530 116 619 223 1
427 40 524 140 1
384 7 478 111 1
2 244 68 346 1
0 286 28 368 1
454 592 574 658 1
462 663 570 719 1
340 614 445 679 1
319 565 423 623 1
357 673 451 719 1
80 536 200 604 1
0 560 84 620 1
87 597 215 661 1
0 619 87 684 1
105 658 219 719 1
0 671 104 719 1
