632 599 706 630 1
914 680 985 716 1
819 645 889 677 1
820 683 901 717 1
827 521 889 553 1
909 603 981 638 1
918 640 992 675 1
813 605 895 640 1
631 350 708 388 1
632 311 704 347 1
635 271 709 306 1
547 267 622 305 1
544 348 621 386 1
543 390 614 427 1
539 595 614 629 1
538 635 621 671 1
630 636 708 670 1
630 679 708 712 1
544 674 621 711 1
928 525 995 560 1
926 485 1004 522 1
827 485 901 519 1
834 443 907 476 1
818 397 893 431 1
359 593 436 624 1
358 552 434 585 1
356 510 433 545 1
361 470 435 504 1
354 426 424 462 1
347 385 425 420 1
353 345 428 381 1
363 307 437 343 1
365 267 437 305 1
361 225 440 266 1
166 208 244 246 1
171 249 247 284 1
171 290 246 328 1
154 329 232 363 1
159 369 237 405 1
153 406 234 443 1
149 451 228 484 1
150 491 225 526 1
156 568 232 600 1
176 607 244 640 1
152 648 235 682 1
362 186 439 226 1
541 189 616 226 1
549 230 623 264 1
632 231 707 267 1
634 190 710 227 1
822 356 902 391 1
828 315 908 352 1
829 277 906 312 1
829 237 903 272 1
823 200 901 234 1
167 171 245 207 1
165 132 246 168 1
157 95 248 130 1
541 435 617 466 1
627 435 704 471 1
635 396 708 429 1
622 475 695 509 1
542 473 614 507 1
626 515 703 551 1
537 515 611 548 1
539 553 610 587 1
634 555 705 590 1
172 56 245 92 1
356 32 428 69 1
169 687 243 719 1
357 632 436 668 1
361 670 435 707 1
360 706 435 719 1
536 313 614 347 1
911 202 975 234 1
911 239 979 274 1
914 285 988 319 1
921 324 996 360 1
923 365 994 400 1
925 447 999 481 1
820 561 890 598 1
537 35 615 76 1
1096 90 1177 129 1
1097 133 1167 168 1
1098 170 1174 206 1
1087 213 1162 247 1
1096 250 1173 287 1
1091 290 1164 324 1
1091 328 1162 360 1
1089 369 1164 399 1
1093 406 1172 437 1
1088 604 1169 640 1
1088 565 1166 599 1
1101 522 1180 557 1
1102 482 1181 518 1
1103 444 1176 477 1
360 0 429 27 1
180 14 255 52 1
183 0 261 13 1
541 0 614 33 1
630 5 663 87 1
671 1 702 84 1
711 8 741 76 1
749 3 781 77 1
789 7 822 82 1
828 1 863 83 1
868 5 901 82 1
906 13 937 85 1
941 21 975 92 1
978 23 1011 95 1
1011 13 1047 89 1
1054 9 1094 84 1
