601 340 680 379 1
613 380 687 418 1
614 421 692 459 1
591 260 665 296 1
593 215 673 251 1
592 174 676 206 1
595 131 676 170 1
594 89 672 126 1
605 499 686 540 1
368 351 443 384 1
688 134 722 209 1
691 216 725 294 1
693 306 729 384 1
698 389 732 468 1
610 462 687 498 1
381 222 449 255 1
368 180 446 214 1
364 136 447 173 1
356 55 435 91 1
359 96 439 133 1
375 389 457 425 1
371 473 447 508 1
374 429 451 467 1
681 0 713 43 1
684 51 717 128 1
594 304 675 335 1
360 305 446 339 1
811 252 892 285 1
812 214 892 248 1
820 171 894 206 1
808 130 887 163 1
803 89 884 125 1
811 373 892 408 1
361 513 440 552 1
362 554 443 594 1
368 591 462 640 1
387 640 464 676 1
802 46 874 81 1
801 4 879 42 1
361 261 449 299 1
815 291 899 330 1
812 335 893 371 1
832 653 911 694 1
835 616 899 655 1
835 577 915 615 1
822 536 904 571 1
820 495 894 532 1
816 456 897 490 1
815 415 895 450 1
694 479 731 557 1
351 10 433 48 1
592 4 668 46 1
590 45 669 86 1
698 562 735 645 1
817 698 894 719 1
394 682 462 719 1
605 548 682 586 1
607 586 681 623 1
621 622 694 666 1
617 670 689 712 1
704 649 736 719 1
