574 118 627 225 1
514 118 566 232 1
767 117 819 244 1
827 129 882 255 1
889 138 943 265 1
952 116 1008 242 1
1012 142 1067 252 1
1070 148 1129 267 1
1126 162 1186 270 1
439 116 496 235 1
258 113 315 219 1
138 108 198 213 1
76 108 137 233 1
1115 497 1178 621 1
999 499 1062 622 1
937 500 993 621 1
878 468 930 590 1
814 472 869 594 1
754 467 808 587 1
631 466 680 586 1
562 464 616 598 1
497 472 553 577 1
435 476 491 600 1
368 469 423 583 1
297 457 357 590 1
241 460 296 587 1
181 461 237 583 1
122 457 179 576 1
48 449 115 564 1
379 105 437 225 1
1182 162 1242 277 1
1178 497 1240 601 1
1237 492 1279 605 1
1243 167 1279 286 1
0 113 18 225 1
0 446 55 563 1
0 445 54 563 1
