692 257 726 327 1
865 250 906 329 1
909 261 945 332 1
651 250 687 328 1
688 149 724 229 1
864 158 901 236 1
901 156 939 232 1
943 158 976 229 1
977 158 1014 234 1
1014 160 1053 235 1
1052 155 1087 229 1
1090 154 1125 227 1
1124 151 1163 224 1
1163 154 1198 225 1
1200 149 1236 225 1
1235 153 1269 219 1
1271 149 1279 222 1
1239 235 1278 307 1
1200 232 1238 308 1
1168 236 1204 310 1
1131 236 1172 309 1
1093 240 1132 313 1
946 247 981 320 1
983 252 1020 322 1
1022 253 1058 322 1
1058 246 1093 320 1
1265 0 1279 56 1
1232 0 1266 41 1
1194 0 1232 47 1
1153 0 1192 42 1
1117 0 1153 40 1
1079 0 1115 37 1
1043 0 1077 46 1
1005 0 1040 42 1
968 0 1005 47 1
927 0 965 49 1
892 0 928 44 1
848 0 885 56 1
647 148 682 232 1
684 0 721 53 1
643 0 677 58 1
604 0 638 56 1
563 0 596 61 1
517 0 554 65 1
478 0 514 60 1
437 0 473 59 1
397 0 431 52 1
352 0 390 51 1
314 0 350 48 1
274 0 308 57 1
232 0 271 55 1
192 0 232 59 1
148 0 189 71 1
106 0 146 72 1
64 0 104 73 1
19 0 65 75 1
0 0 18 64 1
1257 412 1279 489 1
1260 498 1279 569 1
1249 684 1279 719 1
1211 688 1252 719 1
1177 692 1215 719 1
1140 695 1176 719 1
1102 696 1138 719 1
1064 693 1101 719 1
1026 703 1064 719 1
992 708 1027 719 1
954 705 988 719 1
923 709 952 719 1
1176 513 1209 583 1
1169 421 1205 486 1
1127 417 1164 494 1
1093 423 1130 496 1
1057 423 1093 495 1
1019 431 1056 506 1
982 433 1021 510 1
945 434 981 505 1
1023 523 1059 593 1
1060 515 1095 589 1
1095 511 1131 588 1
1132 509 1166 579 1
985 522 1023 600 1
950 518 983 591 1
911 524 947 600 1
868 519 908 603 1
868 441 904 512 1
908 440 944 514 1
606 151 641 228 1
608 253 641 321 1
567 154 598 229 1
567 256 602 332 1
519 166 557 246 1
525 261 562 342 1
485 169 518 250 1
486 261 523 336 1
443 172 477 242 1
445 260 479 341 1
402 259 438 333 1
400 162 437 243 1
357 181 391 258 1
363 263 399 343 1
318 177 355 255 1
321 272 356 335 1
278 178 313 258 1
230 182 270 247 1
191 174 229 253 1
149 178 189 255 1
110 184 148 256 1
69 189 109 263 1
24 190 66 269 1
0 191 24 267 1
278 272 316 359 1
237 273 276 350 1
197 276 235 345 1
156 275 196 354 1
112 277 153 356 1
74 278 113 356 1
29 287 73 365 1
0 290 30 363 1
703 447 735 526 1
660 450 691 529 1
703 539 738 613 1
664 538 698 615 1
621 453 654 536 1
622 544 657 624 1
574 456 608 532 1
578 535 612 612 1
536 446 573 525 1
540 545 574 620 1
501 546 538 623 1
492 451 530 534 1
448 457 487 532 1
459 551 495 632 1
414 552 453 627 1
409 468 441 537 1
369 459 406 541 1
328 463 366 541 1
375 551 413 628 1
288 461 325 539 1
335 554 371 618 1
293 556 333 634 1
250 466 287 533 1
252 554 289 632 1
210 465 247 541 1
210 553 250 635 1
164 469 205 551 1
171 556 209 634 1
126 560 168 641 1
121 468 165 548 1
83 474 124 548 1
90 561 129 638 1
36 471 83 552 1
0 476 38 553 1
43 568 88 649 1
2 574 43 646 1
