453 629 529 666 1
460 589 540 629 1
643 547 725 585 1
463 505 541 541 1
376 507 451 543 1
641 422 721 462 1
457 464 534 502 1
194 621 270 657 1
194 577 261 616 1
189 538 275 572 1
202 430 275 466 1
460 424 537 458 1
371 389 447 423 1
732 630 810 666 1
642 380 722 418 1
636 630 712 666 1
730 342 807 378 1
730 380 812 418 1
735 422 811 458 1
737 464 816 500 1
731 506 813 542 1
642 508 722 546 1
646 590 713 626 1
641 465 723 500 1
648 340 724 378 1
903 668 977 706 1
905 630 986 666 1
909 588 988 627 1
906 547 986 585 1
899 502 980 540 1
907 467 983 501 1
910 424 987 462 1
736 548 810 581 1
734 590 807 624 1
375 302 456 339 1
200 389 279 427 1
382 423 446 459 1
373 464 453 496 1
470 547 540 583 1
380 547 442 582 1
373 589 449 629 1
374 633 448 669 1
461 669 539 707 1
368 674 445 709 1
188 660 278 697 1
187 702 270 719 1
466 710 540 719 1
375 712 448 719 1
641 710 716 719 1
728 708 807 719 1
902 707 985 719 1
732 668 807 705 1
640 668 719 708 1
375 340 457 379 1
461 338 542 373 1
451 383 531 418 1
908 381 986 417 1
907 337 988 377 1
906 299 979 338 1
911 258 977 295 1
735 296 808 335 1
646 296 723 333 1
643 255 722 294 1
730 255 806 293 1
457 296 544 335 1
197 347 267 380 1
196 307 273 341 1
373 262 446 298 1
465 256 542 294 1
462 218 541 258 1
643 220 716 254 1
731 216 805 254 1
728 176 808 215 1
642 176 720 216 1
373 221 449 260 1
192 262 271 301 1
213 223 284 259 1
204 186 279 222 1
378 180 451 215 1
451 175 534 213 1
201 142 281 181 1
375 141 451 175 1
460 134 539 173 1
643 136 720 173 1
728 137 811 173 1
897 138 977 175 1
898 178 977 216 1
903 217 981 256 1
897 100 973 136 1
895 63 970 100 1
726 97 802 135 1
645 96 719 134 1
463 97 538 133 1
376 96 454 138 1
373 61 448 94 1
462 57 543 96 1
463 19 539 57 1
467 0 547 22 1
381 0 453 23 1
378 25 449 59 1
640 57 718 94 1
729 56 808 96 1
733 18 801 55 1
645 20 722 58 1
643 0 723 17 1
728 0 805 18 1
898 27 976 63 1
895 0 978 27 1
258 0 297 20 1
197 26 281 66 1
197 67 281 103 1
201 106 281 141 1
