620 263 697 295 1
618 304 694 340 1
620 343 695 376 1
619 384 691 417 1
617 423 694 459 1
622 469 695 502 1
613 506 691 541 1
608 547 685 580 1
613 584 690 621 1
620 624 694 660 1
621 664 692 697 1
616 703 697 719 1
799 707 870 719 1
898 703 973 719 1
1074 705 1158 719 1
1069 664 1149 701 1
1070 627 1144 663 1
1080 587 1158 624 1
1082 547 1159 581 1
1085 506 1154 541 1
1073 470 1149 502 1
1067 432 1144 465 1
1069 391 1142 425 1
1070 355 1143 385 1
1074 317 1151 350 1
1066 277 1142 313 1
1075 236 1153 270 1
1076 199 1145 232 1
891 667 961 702 1
1075 155 1154 190 1
1032 74 1072 148 1
993 77 1029 154 1
959 87 993 159 1
924 86 955 158 1
884 78 920 150 1
849 72 884 147 1
815 70 846 151 1
771 72 804 148 1
732 71 766 146 1
694 76 726 145 1
655 76 687 147 1
615 75 649 155 1
519 105 598 144 1
524 67 598 102 1
535 27 607 64 1
529 0 601 27 1
341 0 419 24 1
342 25 415 62 1
344 63 413 98 1
340 101 415 139 1
172 0 240 13 1
168 47 245 84 1
165 86 241 121 1
159 128 229 162 1
144 166 233 203 1
152 206 232 240 1
154 241 231 276 1
150 281 229 315 1
157 322 234 355 1
158 365 233 398 1
144 401 221 436 1
147 442 228 476 1
145 480 224 515 1
141 525 219 557 1
141 566 219 599 1
149 640 227 675 1
170 679 238 712 1
895 271 956 300 1
895 307 963 342 1
896 353 969 384 1
902 392 978 429 1
906 431 977 468 1
906 513 980 546 1
909 550 983 587 1
910 588 974 624 1
799 667 876 705 1
804 628 875 664 1
812 590 876 620 1
811 552 884 586 1
819 513 890 546 1
803 466 876 504 1
806 427 888 465 1
810 389 893 424 1
815 348 890 384 1
813 307 887 344 1
809 268 886 306 1
527 262 602 298 1
535 302 610 338 1
533 342 609 378 1
522 386 601 420 1
531 423 610 461 1
531 464 604 501 1
530 505 604 539 1
531 545 604 580 1
528 584 599 620 1
529 624 601 659 1
531 665 605 701 1
532 702 613 719 1
350 702 431 719 1
353 661 430 697 1
352 625 425 656 1
349 583 426 617 1
354 542 425 577 1
345 502 415 536 1
337 459 416 496 1
341 420 416 456 1
349 382 424 415 1
352 339 423 377 1
345 298 429 338 1
348 258 424 297 1
