487 82 615 136 1
640 82 762 135 1
628 146 753 203 1
482 147 612 200 1
621 329 749 386 1
613 393 740 444 1
631 209 757 265 1
479 333 593 377 1
477 450 598 504 1
630 515 752 571 1
625 580 742 633 1
622 637 732 690 1
474 581 583 629 1
1005 222 1115 270 1
182 445 328 498 1
186 504 312 554 1
192 629 324 689 1
870 541 989 598 1
876 603 987 651 1
961 656 1072 710 1
880 93 1002 146 1
1005 99 1115 155 1
1007 158 1117 211 1
887 152 1000 203 1
888 213 997 263 1
1002 273 1120 326 1
1007 331 1114 374 1
1013 379 1114 426 1
997 433 1115 482 1
991 488 1102 537 1
998 543 1112 593 1
999 597 1106 647 1
1227 114 1279 164 1
1219 167 1279 215 1
1225 227 1279 275 1
1240 282 1279 323 1
1213 436 1279 486 1
1224 490 1279 542 1
1217 547 1279 595 1
1231 655 1279 711 1
211 202 331 249 1
217 256 320 303 1
63 314 175 364 1
65 136 194 188 1
63 76 192 129 1
