728 493 762 573 1
815 496 851 577 1
522 344 601 381 1
516 227 597 266 1
525 165 606 201 1
1256 230 1279 308 1
1258 325 1279 401 1
1217 234 1260 311 1
1178 232 1221 302 1
1139 226 1179 303 1
1098 224 1142 303 1
1021 226 1060 303 1
982 222 1020 296 1
942 214 981 290 1
905 211 937 294 1
863 221 899 302 1
822 212 859 296 1
780 210 816 293 1
735 219 772 298 1
1218 325 1264 401 1
1180 314 1221 394 1
1140 314 1180 396 1
1102 319 1140 390 1
1062 312 1101 393 1
1023 315 1062 390 1
985 308 1022 394 1
943 313 981 394 1
902 305 938 391 1
861 310 897 394 1
818 299 857 386 1
779 301 816 384 1
734 303 769 382 1
769 492 805 561 1
853 498 886 565 1
1250 498 1279 575 1
1210 499 1254 576 1
1170 498 1214 582 1
1132 505 1172 578 1
1091 502 1131 579 1
1055 494 1092 577 1
1014 495 1052 577 1
976 499 1011 579 1
937 489 973 577 1
891 490 931 575 1
815 580 849 652 1
850 580 887 662 1
892 588 930 667 1
933 590 968 663 1
971 588 1010 662 1
1013 583 1054 665 1
1055 588 1090 664 1
1093 584 1130 665 1
1132 594 1173 669 1
1173 595 1211 664 1
1209 590 1251 665 1
1254 590 1279 669 1
808 679 894 719 1
530 646 609 681 1
508 581 592 621 1
516 523 604 561 1
514 465 603 502 1
538 24 590 106 1
622 25 657 110 1
685 23 720 109 1
747 21 781 102 1
806 30 840 112 1
870 36 903 114 1
925 37 960 109 1
1038 52 1075 127 1
1096 49 1138 130 1
1146 52 1192 135 1
1193 43 1230 124 1
1232 48 1269 126 1
1261 57 1279 138 1
1229 173 1279 209 1
