905 44 956 111 1
866 61 918 134 1
827 64 880 149 1
786 66 839 141 1
748 74 796 149 1
715 94 759 160 1
670 96 714 164 1
633 105 683 180 1
591 122 641 187 1
558 138 609 215 1
522 153 569 231 1
475 154 528 235 1
435 166 482 244 1
392 173 445 254 1
348 184 399 262 1
307 198 359 278 1
264 215 320 297 1
219 229 277 312 1
183 254 236 323 1
128 247 194 335 1
85 257 145 344 1
37 272 99 349 1
0 291 56 372 1
899 274 955 346 1
857 278 906 357 1
823 293 870 366 1
783 296 832 378 1
748 318 794 389 1
705 332 755 414 1
670 346 718 419 1
629 352 673 426 1
581 363 633 443 1
544 380 599 459 1
503 394 560 477 1
463 405 515 480 1
422 414 475 491 1
375 433 434 510 1
332 442 391 526 1
292 449 351 538 1
247 460 307 549 1
200 472 252 552 1
154 488 214 577 1
112 511 169 595 1
71 531 129 617 1
21 545 89 632 1
0 552 39 638 1
879 354 952 397 1
807 377 877 416 1
730 401 809 452 1
645 429 727 479 1
558 459 639 506 1
489 486 556 528 1
401 510 485 557 1
319 536 403 586 1
229 563 317 615 1
125 593 220 650 1
39 624 128 676 1
1018 424 1076 502 1
0 647 29 691 1
978 446 1033 526 1
948 464 999 541 1
914 477 965 552 1
872 491 926 568 1
838 502 891 573 1
802 507 855 578 1
771 544 822 624 1
724 529 772 602 1
687 561 742 646 1
645 568 701 655 1
606 584 653 656 1
568 591 615 665 1
525 609 581 690 1
488 620 537 698 1
445 637 499 718 1
407 650 455 719 1
368 674 410 719 1
320 683 365 719 1
