814 196 858 290 1
855 0 897 12 1
763 192 810 285 1
716 191 757 283 1
664 199 705 290 1
616 195 656 282 1
568 202 604 284 1
519 203 560 299 1
678 71 774 115 1
810 0 848 34 1
758 0 797 38 1
711 0 751 33 1
665 0 704 34 1
615 0 651 39 1
567 0 604 40 1
522 0 560 35 1
476 0 518 37 1
436 0 474 29 1
386 0 429 24 1
336 0 377 47 1
290 0 332 42 1
244 0 286 41 1
104 0 153 35 1
58 0 107 42 1
1 0 55 45 1
421 208 463 303 1
374 211 414 304 1
328 191 370 284 1
280 198 321 288 1
237 195 281 284 1
150 201 190 290 1
100 202 145 299 1
54 208 100 286 1
8 215 59 305 1
0 215 9 293 1
875 439 918 528 1
815 447 858 538 1
768 458 805 534 1
719 436 762 530 1
673 454 711 546 1
623 449 660 546 1
574 455 611 547 1
522 460 564 553 1
466 432 514 576 1
337 461 378 555 1
292 443 334 535 1
146 466 197 562 1
57 447 107 549 1
0 451 16 541 1
