792 174 874 210 1
805 219 882 254 1
813 261 890 295 1
814 305 888 338 1
813 344 896 378 1
811 384 884 415 1
806 420 880 453 1
833 460 909 496 1
806 499 880 535 1
825 542 905 577 1
819 585 902 624 1
822 624 890 660 1
817 660 885 696 1
815 699 897 719 1
689 259 724 334 1
690 341 723 411 1
696 419 734 502 1
699 507 735 593 1
698 599 733 683 1
702 684 735 719 1
612 254 685 289 1
600 301 681 336 1
605 341 681 375 1
604 384 682 417 1
607 422 686 462 1
614 464 692 501 1
616 505 690 543 1
610 548 684 582 1
610 588 689 627 1
610 629 691 668 1
612 670 697 710 1
371 172 448 209 1
386 219 464 254 1
379 263 465 300 1
368 304 449 343 1
366 348 446 385 1
380 389 446 426 1
367 434 435 467 1
365 471 443 507 1
371 512 437 554 1
379 556 459 594 1
384 597 463 630 1
376 636 452 675 1
376 679 451 717 1
