447 42 519 108 1
430 74 498 142 1
539 238 600 303 1
564 209 631 275 1
596 181 662 250 1
687 217 756 284 1
666 248 731 309 1
635 275 700 336 1
481 294 549 365 1
580 337 647 402 1
618 150 687 218 1
543 358 614 428 1
509 263 570 328 1
342 166 414 234 1
280 102 348 167 1
143 373 215 442 1
707 467 773 536 1
677 495 738 559 1
733 550 805 622 1
767 526 834 592 1
131 246 199 311 1
169 347 239 416 1
200 318 268 385 1
221 284 295 352 1
369 128 433 194 1
402 106 466 173 1
303 67 366 132 1
332 38 399 105 1
362 11 429 76 1
391 0 459 48 1
433 0 486 20 1
487 23 549 85 1
511 0 574 54 1
557 0 602 29 1
0 185 36 247 1
160 218 228 285 1
103 168 171 232 1
581 83 648 149 1
382 267 451 323 1
103 274 167 340 1
73 302 142 371 1
48 335 115 402 1
16 365 90 434 1
0 394 53 457 1
0 442 25 485 1
105 407 186 477 1
81 429 154 498 1
57 456 123 521 1
21 480 90 551 1
0 511 55 579 1
0 554 27 601 1
0 627 73 698 1
433 394 512 457 1
704 333 760 400 1
648 121 714 188 1
711 182 778 248 1
674 90 739 157 1
738 153 805 216 1
766 127 831 193 1
704 69 769 136 1
727 42 793 108 1
755 19 816 80 1
779 0 854 59 1
822 0 876 32 1
892 0 960 68 1
927 0 984 46 1
967 0 1007 25 1
865 19 928 89 1
847 56 904 113 1
818 73 882 141 1
787 98 855 168 1
759 411 828 479 1
791 495 855 562 1
826 471 893 539 1
787 381 856 449 1
810 346 876 410 1
840 321 906 384 1
865 291 930 357 1
896 265 957 322 1
962 328 1024 393 1
931 354 989 420 1
902 383 969 451 1
878 411 943 478 1
857 442 914 501 1
958 190 1026 255 1
1053 226 1110 283 1
995 166 1058 226 1
1013 138 1084 202 1
1039 111 1100 170 1
1067 85 1133 147 1
1095 61 1161 120 1
1117 35 1183 94 1
1138 5 1209 69 1
1157 0 1223 37 1
1248 8 1279 54 1
1224 34 1279 94 1
1201 63 1265 129 1
1173 91 1244 150 1
1148 117 1219 185 1
1131 148 1196 208 1
1105 170 1174 235 1
1076 195 1146 263 1
345 414 414 481 1
317 439 388 514 1
421 487 482 553 1
388 509 455 578 1
360 541 417 602 1
290 469 354 538 1
333 571 398 634 1
264 501 324 565 1
242 537 308 604 1
218 564 286 633 1
307 601 379 668 1
281 629 347 691 1
254 655 321 719 1
222 679 281 719 1
201 709 231 719 1
192 594 250 654 1
155 612 225 685 1
137 656 202 719 1
105 679 160 719 1
75 708 111 719 1
558 619 624 683 1
527 649 596 716 1
504 674 568 719 1
473 705 504 719 1
592 704 625 719 1
623 679 680 719 1
854 709 881 719 1
880 685 936 719 1
904 651 967 710 1
927 623 991 687 1
957 596 1024 664 1
984 572 1045 635 1
1003 536 1073 606 1
1031 513 1100 580 1
1062 486 1122 546 1
1107 430 1164 485 1
1132 402 1192 460 1
1156 367 1225 431 1
1176 341 1249 407 1
1199 317 1267 375 1
1229 291 1279 351 1
1255 264 1279 312 1
144 7 214 79 1
213 0 257 17 1
