629 117 673 216 1
572 112 616 205 1
521 99 567 200 1
586 547 648 635 1
636 544 711 648 1
709 526 775 620 1
765 533 828 623 1
826 548 887 639 1
163 522 238 618 1
333 535 404 628 1
712 241 759 349 1
41 524 110 613 1
471 101 514 207 1
490 331 555 431 1
429 319 493 428 1
381 327 442 423 1
328 337 388 434 1
275 344 337 436 1
167 329 236 429 1
121 338 185 428 1
364 114 408 204 1
414 113 459 213 1
314 124 356 202 1
261 110 305 204 1
208 104 258 205 1
161 116 204 205 1
110 107 158 201 1
57 127 106 185 1
3 106 58 200 1
523 534 597 635 1
456 532 526 631 1
407 533 469 622 1
287 518 355 617 1
226 527 293 623 1
0 508 69 624 1
725 0 832 36 1
