741 400 781 478 1
784 394 824 464 1
829 391 871 471 1
871 390 905 458 1
909 379 951 465 1
953 372 992 463 1
993 379 1033 459 1
1032 371 1074 453 1
1072 366 1115 449 1
1109 366 1151 447 1
1150 367 1193 441 1
1185 357 1237 440 1
1224 353 1275 427 1
1266 350 1279 422 1
1236 444 1278 519 1
841 478 878 552 1
878 475 919 560 1
919 477 963 556 1
962 475 999 550 1
999 467 1040 544 1
1043 458 1082 540 1
1083 460 1119 537 1
1118 452 1159 534 1
1160 456 1201 533 1
1199 452 1237 521 1
929 658 970 719 1
969 644 1004 719 1
1005 639 1049 719 1
1049 635 1093 714 1
1093 636 1131 719 1
1132 636 1175 709 1
1169 630 1213 707 1
1213 620 1255 697 1
1250 617 1279 704 1
663 440 708 528 1
561 575 641 614 1
533 512 616 554 1
528 451 622 493 1
525 390 614 434 1
518 268 598 312 1
499 155 581 195 1
501 91 581 134 1
727 208 764 288 1
772 201 811 285 1
815 194 852 283 1
855 203 894 287 1
893 193 935 279 1
936 198 976 278 1
976 188 1016 272 1
1019 191 1056 265 1
1056 183 1096 264 1
718 125 758 201 1
760 112 802 193 1
803 109 844 191 1
846 113 886 193 1
883 101 925 182 1
925 98 965 175 1
965 103 1005 176 1
1004 101 1045 177 1
1047 33 1101 103 1
1079 91 1127 169 1
1121 88 1164 167 1
1159 90 1205 165 1
1199 87 1247 162 1
1238 79 1279 158 1
1248 173 1279 250 1
1211 179 1261 254 1
1172 170 1212 252 1
1130 175 1173 258 1
1093 185 1131 257 1
512 0 556 35 1
589 0 623 32 1
650 0 684 25 1
710 0 741 14 1
769 0 802 17 1
832 0 865 9 1
