586 12 664 123 1
646 4 715 90 1
678 0 760 72 1
44 158 154 232 1
711 173 828 242 1
849 143 958 211 1
1082 96 1192 161 1
1095 148 1203 209 1
1121 202 1212 253 1
883 257 987 319 1
863 201 972 267 1
912 363 1016 425 1
482 52 561 165 1
436 75 507 180 1
382 100 455 207 1
324 128 401 239 1
361 324 471 393 1
486 301 592 364 1
396 507 505 568 1
140 501 230 558 1
145 557 251 623 1
1063 50 1162 108 1
1194 127 1279 184 1
1138 296 1235 349 1
797 461 908 530 1
778 348 877 409 1
571 638 681 703 1
1017 263 1081 372 1
1160 25 1267 89 1
1182 76 1279 135 1
1213 183 1279 234 1
1233 276 1279 325 1
1255 335 1279 377 1
1144 347 1253 404 1
1158 392 1267 451 1
1170 443 1279 507 1
1198 540 1279 602 1
1229 647 1279 702 1
159 676 267 719 1
