847 10 928 43 1
850 47 934 85 1
854 88 933 126 1
868 128 945 166 1
867 169 943 209 1
868 211 947 244 1
870 248 944 286 1
864 293 945 332 1
644 9 706 47 1
643 43 734 89 1
729 0 766 80 1
738 85 774 164 1
652 94 728 134 1
644 141 728 182 1
642 173 743 222 1
405 0 487 15 1
411 18 496 54 1
415 54 483 93 1
411 97 491 137 1
394 146 469 183 1
388 187 480 233 1
259 321 336 393 1
374 301 469 346 1
79 631 124 714 1
385 373 475 417 1
385 413 473 452 1
385 455 474 498 1
904 414 944 498 1
861 442 897 516 1
819 448 861 532 1
778 455 820 535 1
740 450 777 533 1
696 461 732 541 1
659 469 694 538 1
613 461 651 544 1
572 470 611 547 1
532 482 567 565 1
