588 164 631 263 1
536 375 602 472 1
493 377 554 476 1
800 161 854 273 1
743 158 790 256 1
697 154 742 252 1
638 148 687 247 1
533 147 578 250 1
484 155 528 252 1
432 151 477 256 1
377 159 429 258 1
329 151 375 253 1
439 378 503 476 1
322 583 382 674 1
142 585 214 675 1
84 569 155 675 1
600 378 664 476 1
863 379 925 475 1
965 374 1025 474 1
1020 382 1074 478 1
1210 388 1277 476 1
228 379 285 466 1
176 386 242 483 1
130 381 187 466 1
40 268 105 374 1
47 166 104 263 1
113 157 163 259 1
166 153 214 241 1
220 154 270 250 1
278 159 324 260 1
855 160 895 258 1
899 164 943 251 1
945 155 992 264 1
1000 172 1050 270 1
1050 162 1092 252 1
1095 163 1142 254 1
1144 180 1192 238 1
1193 163 1241 253 1
1243 171 1279 258 1
1255 594 1279 666 1
1140 571 1212 660 1
1094 560 1175 661 1
798 577 869 675 1
676 572 747 673 1
623 577 686 671 1
429 570 506 687 1
373 583 434 685 1
256 584 321 682 1
21 581 94 682 1
1 573 45 666 1
