321 49 402 87 1
320 90 398 127 1
562 1 642 36 1
564 40 645 77 1
563 80 640 115 1
555 121 641 161 1
556 165 635 202 1
559 204 638 244 1
576 371 639 408 1
651 10 685 85 1
650 95 686 174 1
653 182 689 259 1
343 382 426 420 1
662 348 697 435 1
574 407 661 456 1
585 453 656 496 1
577 496 657 537 1
575 536 669 586 1
574 239 651 276 1
571 288 646 323 1
580 333 643 366 1
660 267 692 341 1
669 443 704 521 1
798 598 876 637 1
325 5 407 44 1
774 321 851 357 1
789 273 869 315 1
794 235 857 271 1
792 198 872 234 1
781 156 860 191 1
776 115 848 153 1
771 75 851 110 1
771 34 849 72 1
767 0 848 30 1
321 550 411 595 1
327 507 403 545 1
348 424 414 456 1
333 338 422 375 1
350 299 416 333 1
314 132 394 170 1
314 172 397 210 1
321 208 416 251 1
342 256 419 292 1
794 641 878 681 1
799 562 875 601 1
799 519 874 565 1
800 479 877 518 1
785 440 863 482 1
781 398 864 439 1
779 364 860 400 1
344 463 426 498 1
