543 298 588 398 1
490 279 537 382 1
598 284 645 385 1
654 291 697 391 1
548 517 611 614 1
484 510 547 610 1
439 514 498 611 1
386 509 445 608 1
382 280 431 385 1
439 284 482 383 1
703 296 748 397 1
761 299 811 416 1
815 297 858 401 1
864 304 907 394 1
912 295 958 405 1
968 314 1016 413 1
1020 302 1061 395 1
1066 303 1113 401 1
1118 323 1162 382 1
1167 309 1211 399 1
1214 318 1263 405 1
1264 311 1279 409 1
1071 105 1168 153 1
961 94 1054 147 1
487 74 589 123 1
309 66 406 116 1
190 64 294 112 1
52 63 168 113 1
330 285 381 386 1
278 277 326 381 1
227 282 275 387 1
172 277 221 373 1
114 272 167 358 1
64 275 114 379 1
0 284 57 379 1
0 388 54 493 1
174 502 232 593 1
124 508 186 606 1
74 504 133 588 1
36 689 94 719 1
817 523 875 620 1
920 520 980 624 1
980 532 1032 628 1
1175 539 1240 631 1
1223 533 1279 635 1
401 699 450 719 1
