553 374 678 432 1
698 397 813 458 1
690 458 807 519 1
686 521 799 578 1
547 561 649 616 1
675 628 780 685 1
295 407 403 457 1
170 379 283 437 1
138 556 246 615 1
760 97 808 205 1
818 93 870 206 1
872 93 920 205 1
961 98 1015 207 1
1009 99 1064 205 1
1059 105 1114 200 1
1104 98 1159 205 1
1158 95 1212 198 1
1214 90 1269 196 1
620 144 674 260 1
1001 287 1109 335 1
1058 403 1163 458 1
955 389 1056 441 1
1055 460 1157 512 1
573 171 619 259 1
511 158 563 273 1
398 155 447 271 1
346 157 393 263 1
286 158 334 269 1
220 163 275 277 1
947 447 1062 496 1
942 500 1051 545 1
1047 514 1157 564 1
944 550 1037 600 1
1045 563 1146 615 1
926 645 1019 708 1
908 696 1017 719 1
1021 657 1136 714 1
1253 490 1279 537 1
1256 542 1279 587 1
1257 591 1279 634 1
1245 639 1279 688 1
1236 693 1279 719 1
519 677 634 719 1
0 106 61 157 1
