635 406 712 444 1
636 367 708 403 1
639 327 713 362 1
551 323 626 361 1
548 404 625 442 1
547 446 618 483 1
365 526 439 560 1
358 482 428 518 1
351 441 429 476 1
545 245 620 282 1
553 286 627 320 1
636 287 711 323 1
638 246 714 283 1
827 256 905 290 1
545 491 621 522 1
639 452 712 485 1
546 529 618 563 1
540 369 618 403 1
365 50 435 82 1
362 85 434 123 1
914 258 977 290 1
914 295 983 330 1
832 295 906 330 1
833 335 909 373 1
916 340 990 375 1
922 381 998 418 1
925 419 996 456 1
830 377 912 412 1
824 417 905 451 1
822 454 895 489 1
835 500 908 533 1
927 502 999 537 1
928 541 1005 578 1
930 580 993 615 1
829 577 895 609 1
822 617 891 654 1
814 660 896 695 1
910 657 978 691 1
916 697 991 719 1
821 698 890 719 1
1089 269 1164 304 1
1092 345 1166 381 1
1091 383 1165 417 1
1089 425 1167 456 1
1095 463 1172 495 1
1104 499 1178 533 1
1103 540 1183 574 1
1101 578 1182 615 1
1090 620 1166 657 1
1087 659 1168 695 1
543 569 615 603 1
637 609 708 645 1
542 606 614 642 1
636 651 707 685 1
543 650 619 685 1
543 689 624 719 1
631 690 710 719 1
169 261 248 298 1
174 303 250 336 1
174 343 250 378 1
158 379 236 416 1
163 421 242 456 1
158 457 239 494 1
155 501 233 537 1
155 546 231 577 1
363 565 438 600 1
364 605 439 640 1
364 646 442 680 1
360 684 439 719 1
160 698 241 719 1
182 658 250 691 1
162 618 237 653 1
826 540 903 574 1
629 492 707 525 1
625 533 699 566 1
627 569 705 607 1
365 240 442 279 1
367 323 440 356 1
361 280 443 317 1
365 363 437 398 1
353 401 430 436 1
1057 60 1098 135 1
1098 307 1177 340 1
1102 225 1178 260 1
1102 188 1172 223 1
1098 143 1181 180 1
1017 64 1052 145 1
980 74 1017 147 1
943 73 977 149 1
907 65 941 139 1
870 55 905 134 1
830 54 867 137 1
792 57 826 134 1
752 54 787 133 1
712 62 746 131 1
671 59 707 134 1
635 59 669 138 1
543 50 619 87 1
553 12 627 48 1
550 0 622 11 1
537 89 618 127 1
358 8 433 44 1
186 27 263 64 1
184 66 257 104 1
178 109 246 144 1
161 147 251 181 1
169 184 249 219 1
169 222 247 255 1
1095 696 1165 719 1
