85 40 176 81 1
171 41 256 83 1
371 37 458 78 1
482 35 568 76 1
588 36 666 81 1
741 43 819 87 1
1119 59 1196 103 1
1204 68 1279 113 1
1247 244 1279 297 1
1203 231 1246 311 1
1163 230 1203 308 1
1125 237 1166 321 1
1078 225 1118 317 1
1041 233 1081 306 1
1003 227 1040 312 1
960 228 1012 324 1
917 227 954 310 1
878 223 915 306 1
831 216 871 300 1
789 230 824 316 1
746 214 782 303 1
704 219 739 302 1
658 216 695 302 1
613 218 653 305 1
567 212 608 300 1
525 217 562 309 1
476 213 512 299 1
427 211 463 286 1
380 213 421 304 1
327 223 370 303 1
324 310 370 402 1
396 408 438 481 1
436 413 488 496 1
478 407 526 483 1
663 405 713 490 1
708 408 758 493 1
745 405 796 487 1
796 411 850 491 1
1008 412 1060 490 1
1089 408 1141 489 1
1136 415 1184 492 1
1241 581 1279 652 1
1201 565 1270 650 1
953 577 1014 656 1
851 572 915 657 1
810 574 865 655 1
655 568 715 666 1
600 580 654 671 1
558 578 609 655 1
500 581 556 664 1
403 580 458 655 1
361 566 410 653 1
305 577 358 656 1
262 567 315 647 1
221 558 273 637 1
