940 345 1047 403 1
937 407 1043 454 1
792 170 911 226 1
932 180 1036 234 1
932 238 1039 293 1
937 293 1041 347 1
808 357 907 399 1
795 478 907 526 1
528 582 635 635 1
397 406 506 452 1
544 233 647 279 1
412 221 523 272 1
140 390 248 433 1
151 329 243 374 1
124 509 228 560 1
126 569 232 619 1
1168 148 1272 194 1
1172 202 1279 247 1
1168 255 1279 299 1
1178 308 1279 349 1
1172 404 1279 450 1
1169 456 1279 505 1
1170 508 1279 557 1
1165 562 1279 610 1
1168 664 1279 719 1
438 5 493 119 1
503 0 556 104 1
560 0 610 94 1
614 0 666 92 1
723 0 775 84 1
784 0 833 62 1
833 0 883 64 1
165 0 271 36 1
