632 366 709 404 1
633 327 705 363 1
636 287 710 322 1
548 283 623 321 1
545 364 622 402 1
544 406 615 443 1
362 486 436 520 1
355 442 425 478 1
348 401 426 436 1
354 361 429 397 1
364 323 438 359 1
366 283 438 321 1
362 241 441 282 1
363 202 440 242 1
542 205 617 242 1
550 246 624 280 1
633 247 708 283 1
635 206 711 243 1
824 216 902 250 1
542 451 618 482 1
628 451 705 487 1
636 412 709 445 1
623 491 696 525 1
543 489 615 523 1
537 329 615 363 1
631 21 664 103 1
672 17 703 100 1
712 24 742 92 1
750 19 782 93 1
790 23 823 98 1
829 17 864 99 1
869 21 902 98 1
907 29 938 101 1
942 37 976 108 1
979 39 1012 111 1
1012 29 1048 105 1
1055 25 1095 100 1
541 14 618 50 1
538 51 616 92 1
552 0 623 14 1
362 10 432 42 1
359 45 431 83 1
911 218 974 250 1
911 255 980 290 1
829 255 903 290 1
830 295 906 333 1
913 300 987 335 1
919 341 995 378 1
922 379 993 416 1
827 337 909 372 1
821 377 902 411 1
819 414 892 449 1
832 460 905 493 1
924 462 996 497 1
925 501 1002 538 1
927 540 990 575 1
826 537 892 569 1
825 500 898 534 1
819 577 888 614 1
811 620 893 655 1
907 617 975 651 1
913 657 988 691 1
909 693 983 719 1
818 696 897 719 1
818 658 887 693 1
1095 107 1175 145 1
1096 152 1167 186 1
1096 188 1170 225 1
1086 229 1161 264 1
1094 267 1172 305 1
1089 305 1163 341 1
1088 343 1162 377 1
1086 385 1164 416 1
1092 423 1169 455 1
1101 459 1175 493 1
1100 500 1180 534 1
1098 538 1179 575 1
1087 580 1163 617 1
1084 619 1165 655 1
540 529 612 563 1
626 529 702 567 1
634 569 705 605 1
539 566 611 602 1
633 611 704 645 1
540 610 616 645 1
540 649 621 687 1
628 650 707 684 1
629 691 708 719 1
543 688 619 719 1
186 0 263 29 1
185 30 257 68 1
176 72 246 107 1
161 108 250 145 1
169 147 249 182 1
170 185 245 218 1
166 221 245 258 1
171 263 247 296 1
171 303 247 338 1
155 339 233 376 1
160 381 239 416 1
155 417 236 454 1
152 461 230 497 1
152 506 228 537 1
360 525 435 560 1
361 565 436 600 1
361 606 439 640 1
357 644 436 684 1
361 683 438 719 1
170 699 247 719 1
157 658 238 695 1
179 618 247 651 1
159 578 234 613 1
