838 13 873 82 1
840 89 877 170 1
825 314 860 392 1
818 419 853 498 1
807 511 846 590 1
809 622 847 701 1
596 674 676 713 1
612 549 678 592 1
601 386 680 427 1
616 341 690 379 1
627 260 698 298 1
642 222 701 255 1
621 181 693 217 1
609 135 689 173 1
622 94 695 128 1
629 55 704 94 1
639 17 716 55 1
636 0 713 21 1
469 8 539 57 1
451 50 533 96 1
450 92 524 145 1
448 213 520 264 1
452 257 525 305 1
427 510 503 557 1
419 590 498 641 1
258 688 333 719 1
256 642 338 693 1
261 592 340 649 1
256 538 346 597 1
265 493 350 548 1
264 438 346 503 1
267 401 349 462 1
275 358 360 412 1
277 311 356 362 1
273 251 355 311 1
277 209 360 265 1
288 164 369 218 1
288 118 364 170 1
289 68 375 127 1
291 21 368 77 1
299 0 372 30 1
