645 100 699 221 1
576 109 638 231 1
514 97 574 213 1
438 439 494 551 1
309 439 371 560 1
250 434 311 558 1
771 101 826 232 1
757 453 810 567 1
697 448 748 564 1
633 440 686 558 1
569 435 623 556 1
503 428 558 558 1
189 424 250 547 1
121 434 185 552 1
828 457 882 578 1
887 463 939 582 1
946 459 999 584 1
1001 454 1058 584 1
1065 465 1119 574 1
1127 468 1187 590 1
1183 464 1247 567 1
1242 460 1279 586 1
834 105 885 213 1
945 117 1008 221 1
1062 112 1120 232 1
1123 128 1184 240 1
1186 131 1247 241 1
1245 132 1279 235 1
377 431 435 556 1
456 79 507 199 1
390 66 448 190 1
333 79 386 199 1
262 84 325 212 1
