620 166 662 266 1
569 170 616 266 1
520 164 563 261 1
627 382 682 478 1
419 383 470 467 1
369 388 425 482 1
323 383 369 467 1
468 167 509 266 1
306 163 349 264 1
674 170 714 261 1
723 164 763 261 1
773 180 809 278 1
821 166 864 263 1
873 174 915 266 1
918 180 960 273 1
970 184 1028 288 1
1019 184 1058 278 1
1060 188 1102 271 1
1104 178 1148 282 1
1153 197 1202 289 1
1203 185 1246 272 1
1247 186 1279 274 1
244 176 294 266 1
1144 0 1238 39 1
1247 0 1279 47 1
1171 396 1224 483 1
1117 387 1175 483 1
1023 388 1080 481 1
779 388 840 482 1
719 380 781 477 1
678 386 733 481 1
238 271 293 375 1
955 580 1028 672 1
844 576 913 672 1
790 578 855 669 1
610 571 686 680 1
553 586 615 684 1
502 581 561 672 1
438 585 501 678 1
326 584 391 666 1
276 567 336 663 1
216 577 277 672 1
167 569 231 656 1
119 557 182 648 1
711 0 807 20 1
545 0 630 10 1
431 0 518 10 1
299 0 395 12 1
62 0 171 15 1
1242 566 1279 656 1
412 165 457 259 1
357 162 402 244 1
