768 131 807 215 1
768 230 805 309 1
757 360 798 441 1
752 467 788 533 1
753 538 792 617 1
541 387 620 424 1
552 432 627 471 1
553 476 631 510 1
545 514 619 550 1
538 554 611 591 1
531 594 605 631 1
540 634 611 670 1
558 675 617 710 1
455 330 533 370 1
341 181 418 222 1
231 215 306 261 1
232 254 314 308 1
227 298 303 358 1
213 340 294 398 1
218 388 294 447 1
210 439 292 490 1
220 487 290 536 1
213 530 295 583 1
204 576 286 630 1
207 622 291 676 1
200 670 285 719 1
368 666 437 713 1
370 550 446 596 1
366 506 445 554 1
387 466 454 512 1
385 417 456 468 1
