437 512 546 573 1
430 407 542 460 1
437 461 550 514 1
84 608 205 661 1
86 499 196 556 1
308 431 418 486 1
310 371 403 431 1
317 319 406 374 1
305 265 411 323 1
419 250 535 307 1
419 321 521 370 1
438 576 557 632 1
444 632 557 685 1
325 653 436 705 1
1046 357 1144 450 1
1023 305 1108 398 1
879 178 970 278 1
825 585 929 641 1
836 645 936 701 1
922 214 1029 318 1
961 267 1058 360 1
1082 402 1175 500 1
1121 451 1214 555 1
1215 183 1279 278 1
1188 129 1277 220 1
1152 84 1249 181 1
1106 40 1200 141 1
1075 0 1166 97 1
1033 0 1110 50 1
686 519 798 580 1
691 583 798 634 1
702 630 813 692 1
77 442 192 496 1
0 455 63 508 1
0 510 84 563 1
0 563 79 619 1
0 620 83 675 1
94 664 203 719 1
73 339 193 393 1
0 352 56 399 1
75 290 184 338 1
0 295 72 347 1
60 231 186 283 1
0 237 60 290 1
58 172 179 230 1
0 186 59 235 1
290 213 390 265 1
709 692 819 719 1
459 688 554 719 1
321 539 426 592 1
