793 230 831 310 1
754 186 790 267 1
755 274 793 353 1
714 280 749 358 1
715 194 748 268 1
669 186 709 270 1
670 278 705 353 1
628 185 663 267 1
629 277 663 353 1
587 186 618 265 1
585 274 621 354 1
547 192 579 267 1
547 267 583 351 1
502 184 541 257 1
502 270 537 347 1
459 181 497 263 1
460 270 497 348 1
420 193 456 266 1
419 278 457 353 1
376 190 416 270 1
375 274 411 355 1
339 183 373 254 1
296 185 336 264 1
336 269 373 352 1
296 272 335 353 1
315 381 390 415 1
254 188 295 267 1
255 277 293 352 1
221 191 257 265 1
217 269 256 353 1
179 181 220 258 1
177 265 214 344 1
132 272 175 354 1
141 189 179 265 1
101 187 140 267 1
59 187 101 269 1
21 193 62 264 1
0 187 23 272 1
546 54 620 93 1
457 47 527 87 1
376 49 449 90 1
98 274 138 346 1
57 271 99 350 1
18 274 57 347 1
0 276 20 346 1
273 51 358 90 1
193 58 266 92 1
106 62 180 100 1
17 54 100 95 1
0 59 6 91 1
1 446 52 526 1
50 454 95 529 1
90 452 132 537 1
131 454 170 523 1
172 455 212 534 1
215 457 251 534 1
252 461 289 543 1
294 465 332 536 1
332 458 369 538 1
372 463 410 539 1
412 462 450 543 1
455 464 492 546 1
498 459 536 545 1
542 461 575 540 1
584 470 619 549 1
628 462 665 544 1
670 467 707 551 1
708 474 746 545 1
754 471 789 553 1
795 504 831 590 1
755 566 790 637 1
709 552 744 634 1
666 560 705 641 1
623 556 661 636 1
584 554 620 634 1
542 559 579 628 1
498 548 536 630 1
455 548 493 633 1
332 550 372 630 1
295 555 331 639 1
246 560 288 634 1
212 553 251 630 1
170 542 210 630 1
133 553 170 632 1
87 546 131 628 1
47 544 90 627 1
0 550 46 631 1
938 43 1016 91 1
1269 55 1279 92 1
938 121 973 198 1
976 122 1015 199 1
1019 111 1056 194 1
1057 112 1096 193 1
1098 113 1135 184 1
1135 119 1179 196 1
1179 116 1218 194 1
1220 118 1259 193 1
1258 114 1279 184 1
1258 206 1279 291 1
1216 206 1262 286 1
1182 210 1217 287 1
1141 214 1181 283 1
1100 215 1140 283 1
1062 215 1100 290 1
1018 198 1060 280 1
981 211 1018 293 1
1260 392 1279 475 1
1262 493 1279 569 1
1143 589 1219 651 1
1259 684 1279 719 1
1224 697 1265 719 1
1180 692 1224 719 1
1140 692 1182 719 1
1099 690 1140 719 1
1059 695 1096 719 1
1019 690 1057 719 1
973 690 1013 719 1
931 701 970 719 1
1221 491 1261 568 1
1219 396 1262 470 1
1177 409 1220 474 1
1138 405 1183 482 1
1101 404 1141 485 1
1058 401 1098 487 1
1061 496 1098 576 1
1026 411 1059 489 1
1019 501 1058 580 1
980 517 1018 581 1
940 502 979 582 1
985 399 1023 485 1
944 391 986 478 1
1141 497 1180 578 1
1181 490 1223 573 1
