547 59 629 103 1
530 118 613 163 1
522 237 602 276 1
655 0 690 20 1
718 0 754 25 1
777 0 813 28 1
500 355 587 398 1
493 415 583 457 1
651 336 737 387 1
481 473 564 516 1
495 539 575 580 1
702 407 743 485 1
746 411 784 480 1
787 419 829 498 1
828 428 866 493 1
868 424 912 508 1
912 428 953 516 1
949 443 989 522 1
987 445 1029 525 1
1026 449 1069 528 1
1062 459 1104 535 1
1101 467 1143 539 1
1142 466 1185 547 1
1181 472 1222 545 1
1217 476 1260 549 1
1257 478 1279 549 1
835 691 870 719 1
873 689 906 719 1
781 503 821 576 1
1241 569 1279 642 1
1203 562 1259 635 1
1165 558 1210 630 1
1129 556 1171 625 1
1089 554 1136 627 1
1047 540 1094 619 1
1013 538 1054 614 1
974 530 1021 610 1
937 530 978 603 1
897 528 938 600 1
861 519 900 598 1
817 508 859 591 1
1236 670 1279 712 1
909 692 947 719 1
953 694 988 719 1
993 704 1024 719 1
1248 306 1279 381 1
1202 302 1246 377 1
1164 288 1210 367 1
1126 283 1173 364 1
1088 282 1132 354 1
1051 270 1097 350 1
1014 268 1058 343 1
975 257 1017 341 1
935 258 980 336 1
894 244 939 328 1
854 245 895 327 1
815 227 856 312 1
776 223 818 305 1
729 220 770 299 1
743 137 784 217 1
788 135 827 217 1
828 143 870 225 1
866 157 909 238 1
1251 215 1279 290 1
1217 217 1260 291 1
1177 209 1220 279 1
1140 198 1180 274 1
1100 191 1143 268 1
1065 172 1102 243 1
1028 182 1064 258 1
983 174 1027 246 1
948 162 990 236 1
909 154 949 234 1
833 0 872 44 1
898 0 940 53 1
956 0 992 57 1
1069 10 1106 87 1
1121 17 1173 97 1
1172 23 1228 108 1
1212 31 1264 103 1
1249 34 1279 111 1
