859 0 896 33 1
850 39 893 126 1
852 143 891 234 1
842 258 883 343 1
835 359 872 441 1
823 473 857 557 1
1026 461 1103 504 1
653 77 721 118 1
639 197 715 236 1
629 321 705 358 1
634 365 706 401 1
627 406 705 442 1
629 447 703 481 1
621 487 697 524 1
617 527 694 567 1
608 568 688 608 1
607 609 686 647 1
604 650 682 688 1
599 690 679 719 1
468 30 545 79 1
460 110 545 165 1
445 407 522 455 1
429 620 503 669 1
424 661 503 711 1
309 13 388 67 1
306 60 389 120 1
301 115 381 164 1
294 155 379 215 1
297 207 376 268 1
287 251 367 310 1
279 292 362 353 1
287 346 367 407 1
286 402 356 453 1
276 447 349 502 1
267 497 336 542 1
269 543 344 595 1
271 594 346 642 1
268 634 334 687 1
259 678 335 719 1
