772 179 815 278 1
720 390 786 487 1
677 392 738 491 1
822 163 871 262 1
717 162 762 265 1
668 170 712 267 1
616 166 661 271 1
623 393 687 491 1
784 393 848 491 1
562 169 609 273 1
980 591 1050 689 1
857 588 930 689 1
804 592 869 686 1
556 599 616 695 1
437 599 502 697 1
510 164 554 264 1
408 395 463 483 1
1040 394 1103 487 1
1140 389 1202 490 1
1194 396 1251 491 1
615 586 690 701 1
455 170 502 274 1
400 166 443 265 1
342 164 385 251 1
288 169 335 273 1
225 178 275 274 1
219 281 274 387 1
305 396 358 481 1
352 402 415 499 1
877 172 921 267 1
924 177 969 272 1
977 179 1039 288 1
1029 179 1071 275 1
1072 184 1117 270 1
1119 175 1165 279 1
1171 188 1222 288 1
1220 179 1266 270 1
1264 180 1279 270 1
1155 0 1254 26 1
103 576 168 672 1
150 587 217 682 1
208 599 267 690 1
268 585 325 692 1
319 602 384 688 1
499 599 560 691 1
