481 433 559 469 1
399 434 476 473 1
533 597 570 675 1
651 587 689 671 1
707 582 746 666 1
767 588 806 673 1
829 566 865 647 1
420 605 458 688 1
359 600 400 680 1
220 620 306 682 1
216 554 304 596 1
210 493 297 534 1
205 436 289 475 1
667 427 743 464 1
662 384 729 420 1
662 343 742 379 1
745 335 820 373 1
747 296 828 332 1
664 305 731 338 1
923 252 1000 293 1
913 217 985 249 1
909 177 989 215 1
906 134 980 174 1
653 140 732 179 1
738 136 818 175 1
744 177 818 214 1
660 179 736 217 1
750 215 822 253 1
650 218 736 257 1
751 254 830 293 1
657 260 737 300 1
481 225 558 264 1
474 266 558 305 1
481 308 564 347 1
473 348 558 387 1
476 388 558 425 1
389 390 470 428 1
386 351 469 388 1
393 311 472 347 1
384 271 462 309 1
383 230 460 267 1
208 375 295 414 1
472 182 553 218 1
386 187 456 223 1
208 311 287 349 1
206 253 280 294 1
213 140 291 179 1
310 61 351 136 1
388 148 464 186 1
475 143 552 182 1
469 101 550 144 1
386 109 458 148 1
382 67 461 109 1
476 66 548 101 1
206 78 289 121 1
206 28 293 70 1
199 0 280 28 1
382 29 457 67 1
464 24 550 63 1
468 0 548 24 1
385 0 458 28 1
651 96 731 136 1
742 94 819 132 1
736 55 816 93 1
655 58 730 96 1
656 16 725 60 1
744 13 817 54 1
739 0 807 14 1
647 0 728 15 1
842 0 877 57 1
898 0 972 18 1
905 19 979 56 1
912 56 980 91 1
911 93 988 133 1
