1110 152 1184 191 1
909 164 945 245 1
918 51 954 137 1
912 0 958 42 1
717 23 787 59 1
720 65 792 101 1
720 101 793 143 1
719 144 793 180 1
713 184 791 221 1
714 225 792 259 1
708 268 788 306 1
710 311 788 345 1
708 350 789 385 1
707 390 785 425 1
707 430 789 467 1
698 474 780 506 1
538 111 611 167 1
537 323 609 371 1
534 364 611 417 1
534 410 608 462 1
373 594 457 642 1
373 536 442 585 1
385 493 448 541 1
369 440 441 492 1
372 396 449 451 1
379 351 443 402 1
384 305 451 352 1
397 263 446 310 1
376 210 440 257 1
385 161 450 214 1
384 111 450 162 1
378 60 460 122 1
388 16 452 70 1
388 0 457 24 1
