692 606 808 656 1
699 547 815 605 1
697 494 809 546 1
823 454 925 505 1
813 396 918 448 1
688 438 803 492 1
423 593 547 651 1
437 540 548 589 1
313 449 423 505 1
319 505 437 559 1
82 522 201 578 1
77 575 200 626 1
429 427 545 479 1
447 484 538 535 1
425 314 534 375 1
427 370 542 423 1
418 209 530 262 1
425 263 538 316 1
311 332 414 391 1
677 380 789 431 1
675 319 786 376 1
83 465 188 516 1
72 410 193 463 1
74 301 184 358 1
69 246 184 300 1
63 145 185 199 1
65 92 177 148 1
302 232 408 290 1
830 570 942 626 1
841 641 945 695 1
839 697 949 719 1
699 654 820 716 1
446 651 562 705 1
410 120 514 168 1
412 50 524 111 1
285 20 386 73 1
298 68 401 124 1
305 123 398 174 1
303 175 395 227 1
1113 256 1198 358 1
1077 208 1163 299 1
1036 155 1132 251 1
1009 109 1095 204 1
949 70 1041 164 1
909 19 1010 123 1
869 0 961 83 1
1173 0 1234 29 1
1197 0 1279 89 1
1251 68 1279 123 1
50 0 174 35 1
0 0 55 42 1
53 35 180 87 1
0 43 54 91 1
0 94 63 150 1
0 152 49 204 1
0 254 56 302 1
0 307 70 360 1
0 363 74 410 1
0 418 75 474 1
0 527 73 582 1
0 634 87 692 1
60 676 200 719 1
