674 105 713 182 1
633 102 666 181 1
590 105 626 188 1
601 579 636 659 1
559 582 594 664 1
517 586 553 655 1
475 580 510 666 1
435 577 472 657 1
393 578 431 661 1
353 583 390 658 1
311 586 348 655 1
268 580 307 656 1
227 588 266 665 1
179 583 224 662 1
715 98 751 173 1
802 294 837 374 1
643 397 678 472 1
602 392 639 474 1
562 389 597 471 1
518 391 555 471 1
476 389 513 469 1
436 398 472 471 1
398 397 432 472 1
352 390 391 474 1
477 294 510 373 1
517 294 552 373 1
555 293 586 369 1
599 294 635 369 1
433 308 469 383 1
389 289 424 368 1
349 302 385 378 1
305 304 341 384 1
310 395 350 471 1
266 301 304 380 1
270 385 309 470 1
225 303 262 371 1
229 394 270 471 1
185 302 225 380 1
188 405 229 477 1
149 403 187 476 1
143 304 183 383 1
103 310 143 382 1
58 320 100 394 1
20 308 61 390 1
0 323 21 393 1
65 406 106 483 1
20 406 66 484 1
0 407 22 485 1
1066 551 1105 626 1
1103 544 1139 620 1
1141 548 1182 615 1
1181 553 1218 614 1
1211 550 1250 622 1
1251 558 1279 625 1
1255 644 1279 719 1
1216 647 1256 719 1
1176 651 1219 719 1
886 673 916 719 1
882 573 923 647 1
641 577 678 653 1
683 576 721 655 1
721 575 760 653 1
765 579 800 660 1
804 579 840 659 1
841 578 875 656 1
844 667 880 719 1
803 662 839 719 1
765 669 798 719 1
725 676 761 719 1
687 671 722 719 1
642 682 677 719 1
600 663 637 719 1
562 674 597 719 1
522 670 559 719 1
480 671 515 719 1
440 672 476 719 1
398 666 435 719 1
358 667 394 719 1
313 670 352 719 1
271 672 311 719 1
233 678 269 719 1
188 680 230 719 1
148 686 188 719 1
106 687 147 719 1
64 688 106 719 1
0 697 21 719 1
0 599 17 672 1
17 600 62 681 1
64 600 105 680 1
101 597 145 677 1
146 595 183 677 1
392 102 429 179 1
341 115 380 197 1
305 126 341 195 1
264 113 298 192 1
223 111 262 197 1
182 110 219 190 1
139 116 177 191 1
100 114 135 187 1
56 118 100 197 1
18 130 56 198 1
757 91 795 163 1
797 104 832 173 1
835 110 874 178 1
876 114 912 186 1
912 105 948 184 1
950 109 987 187 1
988 111 1023 186 1
1023 110 1060 185 1
1061 105 1099 186 1
1097 112 1136 185 1
1135 109 1170 183 1
1168 108 1206 181 1
1207 111 1248 178 1
1244 101 1279 171 1
840 288 877 364 1
881 299 916 373 1
919 290 956 369 1
957 287 993 361 1
994 288 1031 363 1
1031 287 1066 362 1
1068 284 1105 362 1
1103 281 1144 356 1
1144 282 1178 350 1
1179 279 1215 345 1
1213 285 1251 350 1
1247 280 1279 354 1
1243 359 1279 430 1
1211 355 1248 427 1
1178 360 1218 433 1
1142 370 1178 440 1
1104 371 1141 440 1
1066 369 1108 445 1
1033 370 1068 446 1
996 372 1029 449 1
956 372 993 449 1
923 378 956 458 1
880 385 914 460 1
685 391 720 467 1
