764 394 830 456 1
698 448 769 514 1
609 421 678 492 1
636 390 707 458 1
665 357 735 430 1
343 291 413 362 1
290 352 365 428 1
385 386 459 456 1
358 408 429 484 1
331 442 403 513 1
269 503 341 569 1
578 451 646 519 1
525 226 597 300 1
317 323 383 389 1
230 413 298 481 1
263 380 337 454 1
293 468 366 537 1
670 480 747 554 1
213 446 273 506 1
240 533 312 603 1
546 484 615 552 1
519 512 592 577 1
583 570 654 637 1
614 544 682 606 1
641 511 714 582 1
791 362 858 434 1
816 328 881 398 1
732 420 804 493 1
697 330 767 401 1
726 299 801 372 1
495 541 566 612 1
405 229 473 297 1
379 260 447 325 1
503 258 571 328 1
471 286 542 357 1
434 310 512 385 1
413 354 485 424 1
753 275 820 342 1
759 225 823 287 1
841 303 907 371 1
872 277 936 341 1
903 246 967 314 1
805 209 877 281 1
830 186 897 251 1
855 152 925 222 1
889 128 952 193 1
911 100 984 168 1
465 574 536 644 1
526 633 595 701 1
560 604 627 667 1
435 601 507 674 1
500 660 572 719 1
471 691 529 719 1
408 631 476 702 1
377 661 449 719 1
344 691 399 719 1
418 458 490 532 1
214 566 286 635 1
180 468 251 541 1
148 503 221 571 1
126 534 184 595 1
86 562 158 633 1
55 593 128 665 1
22 621 97 692 1
0 653 68 719 1
153 621 229 692 1
121 646 194 718 1
92 683 169 719 1
0 447 32 492 1
0 393 66 466 1
66 318 140 387 1
98 287 172 356 1
122 255 192 318 1
154 226 225 292 1
180 191 254 260 1
225 175 291 239 1
243 139 316 206 1
273 102 344 172 1
302 73 372 146 1
329 39 401 113 1
358 10 430 83 1
438 0 508 54 1
437 199 508 270 1
462 165 531 234 1
494 140 557 204 1
523 113 591 179 1
552 81 621 152 1
587 58 652 123 1
615 34 684 100 1
640 0 713 67 1
673 0 736 40 1
720 0 766 17 1
757 7 826 73 1
786 0 848 41 1
830 0 882 19 1
731 36 798 102 1
708 64 770 122 1
677 89 748 155 1
651 116 718 183 1
621 141 688 214 1
591 172 663 244 1
560 197 628 269 1
830 66 887 138 1
939 73 997 135 1
963 48 1030 115 1
989 23 1055 90 1
931 220 994 289 1
952 188 1017 259 1
977 163 1044 232 1
1006 140 1069 205 1
1023 109 1094 175 1
1053 85 1114 148 1
1084 61 1143 123 1
1105 31 1170 102 1
1123 2 1187 69 1
1148 0 1212 42 1
1199 0 1231 16 1
1018 0 1084 65 1
1040 0 1104 34 1
1092 0 1124 11 1
1267 98 1279 133 1
1236 121 1279 178 1
1216 146 1279 219 1
1189 178 1263 243 1
1166 201 1234 268 1
1145 235 1208 297 1
1118 256 1187 319 1
1089 281 1158 350 1
1066 311 1132 379 1
1044 342 1112 410 1
1014 365 1082 433 1
989 396 1058 463 1
964 423 1038 494 1
937 454 1008 517 1
908 485 979 554 1
882 515 953 584 1
855 540 923 607 1
829 575 895 639 1
801 598 870 667 1
771 629 841 697 1
743 661 814 719 1
721 697 767 719 1
