479 289 521 385 1
540 294 585 399 1
600 298 644 406 1
651 290 697 398 1
703 301 755 402 1
756 295 801 400 1
421 294 468 403 1
356 306 405 406 1
356 413 405 520 1
767 526 825 627 1
819 528 876 625 1
864 522 925 621 1
926 527 986 625 1
1174 529 1233 623 1
1170 309 1219 405 1
1120 310 1190 422 1
1066 308 1113 407 1
1018 302 1067 400 1
966 297 1014 397 1
916 312 961 412 1
863 293 910 396 1
815 300 858 399 1
855 85 950 137 1
673 76 766 125 1
549 72 650 123 1
406 73 514 124 1
160 80 266 127 1
57 76 161 126 1
1215 312 1267 404 1
1260 305 1279 410 1
542 528 598 620 1
489 534 549 635 1
440 530 491 617 1
