242 408 347 449 1
730 403 832 448 1
848 406 952 448 1
1121 396 1222 441 1
66 402 165 444 1
0 402 52 446 1
0 621 48 719 1
47 611 100 719 1
100 622 155 719 1
153 616 206 719 1
210 617 257 719 1
259 611 308 719 1
313 630 358 719 1
364 614 413 719 1
424 619 466 719 1
470 622 517 719 1
524 624 573 719 1
582 620 626 719 1
633 621 678 716 1
684 612 730 719 1
744 628 793 719 1
797 612 844 706 1
847 608 893 709 1
901 624 943 686 1
951 604 995 703 1
1000 611 1048 705 1
1052 598 1099 704 1
1103 603 1151 705 1
1153 619 1202 694 1
1204 607 1258 696 1
1253 605 1266 703 1
