726 490 760 577 1
843 538 924 577 1
840 501 921 535 1
834 459 912 495 1
850 414 931 454 1
843 579 924 617 1
859 613 937 655 1
857 654 936 698 1
860 694 938 719 1
854 337 934 373 1
853 377 918 408 1
834 255 909 293 1
840 296 920 331 1
832 214 910 251 1
829 176 908 211 1
731 585 770 664 1
825 134 906 171 1
824 92 906 132 1
827 47 910 93 1
703 0 737 58 1
708 67 745 147 1
712 153 748 228 1
715 237 749 315 1
718 325 754 404 1
721 408 755 484 1
642 675 739 719 1
643 638 722 681 1
397 692 482 719 1
398 651 474 690 1
413 606 494 646 1
418 566 483 605 1
414 526 495 566 1
403 484 489 523 1
416 445 484 479 1
408 404 486 439 1
388 355 484 395 1
380 317 464 353 1
380 277 460 314 1
386 235 463 271 1
602 0 686 16 1
600 22 678 61 1
607 61 689 102 1
616 103 697 142 1
626 142 704 180 1
628 182 707 223 1
626 225 704 257 1
618 264 703 303 1
621 309 700 344 1
625 347 702 385 1
637 384 717 419 1
635 432 710 468 1
642 476 706 510 1
651 594 723 636 1
642 552 728 593 1
642 514 703 552 1
387 193 466 230 1
388 152 472 190 1
382 107 458 148 1
374 65 462 105 1
374 20 460 61 1
394 0 460 19 1
824 12 902 49 1
