1014 314 1071 405 1
1071 291 1136 417 1
366 422 428 541 1
305 437 368 551 1
439 125 499 240 1
385 127 440 245 1
322 135 382 251 1
959 309 1013 393 1
841 332 902 429 1
778 355 845 450 1
1130 292 1192 402 1
1186 268 1257 367 1
268 155 330 254 1
217 176 274 270 1
151 186 222 293 1
104 220 160 311 1
41 195 110 313 1
671 90 728 191 1
732 77 795 194 1
795 62 854 172 1
854 55 911 158 1
911 48 966 152 1
963 38 1028 150 1
1019 33 1085 148 1
1075 20 1146 136 1
1133 14 1196 120 1
1197 20 1261 133 1
651 0 706 70 1
713 0 769 55 1
778 0 826 49 1
837 0 893 38 1
896 0 950 34 1
952 0 1004 28 1
556 281 648 328 1
486 397 555 514 1
420 412 474 526 1
201 458 253 553 1
143 454 196 573 1
1163 647 1241 719 1
1238 682 1279 719 1
420 0 477 85 1
362 14 424 120 1
307 19 365 123 1
255 42 315 141 1
192 41 252 152 1
141 52 205 164 1
84 74 147 176 1
31 77 93 180 1
0 94 33 194 1
0 209 56 313 1
904 328 957 429 1
1244 263 1279 380 1
1244 1 1279 106 1
