818 528 865 641 1
770 540 812 633 1
718 538 761 644 1
605 539 652 641 1
555 536 599 636 1
496 533 546 637 1
232 541 287 647 1
70 320 180 364 1
341 536 383 639 1
391 530 435 636 1
181 531 230 641 1
128 543 179 648 1
66 537 124 643 1
287 534 335 641 1
664 541 711 665 1
444 549 488 651 1
196 320 290 362 1
373 322 476 365 1
860 317 958 364 1
974 321 1072 363 1
875 540 923 645 1
928 524 971 621 1
978 524 1020 622 1
1030 538 1071 602 1
1077 519 1121 614 1
1125 527 1174 619 1
1176 516 1225 618 1
1226 520 1272 618 1
1246 313 1279 357 1
0 328 50 369 1
6 538 62 634 1
