701 232 735 313 1
661 233 697 315 1
647 420 682 498 1
608 427 642 506 1
568 418 601 495 1
724 592 759 667 1
686 426 725 501 1
737 240 775 312 1
779 235 814 309 1
816 234 852 309 1
854 238 892 313 1
894 237 930 314 1
930 243 963 312 1
974 239 1010 316 1
576 250 610 315 1
539 248 570 323 1
499 249 536 327 1
464 250 494 322 1
421 244 453 312 1
379 237 413 311 1
341 238 375 314 1
297 236 337 318 1
264 246 297 321 1
225 252 259 322 1
186 243 224 319 1
112 255 152 327 1
73 253 112 325 1
27 251 68 317 1
0 241 28 328 1
726 415 759 487 1
764 411 801 481 1
800 420 836 496 1
842 422 877 496 1
881 411 917 488 1
525 418 558 498 1
488 425 518 499 1
446 425 479 498 1
407 425 441 503 1
370 424 403 502 1
332 431 366 509 1
291 434 325 512 1
252 424 286 495 1
214 419 251 503 1
132 429 173 506 1
174 427 213 507 1
96 434 132 507 1
50 433 93 511 1
804 587 836 666 1
763 589 797 665 1
690 595 722 666 1
647 600 679 671 1
609 601 645 674 1
566 599 599 673 1
528 599 559 676 1
488 614 521 686 1
449 596 481 677 1
406 607 447 683 1
371 614 401 688 1
330 610 363 684 1
295 624 325 702 1
255 618 288 694 1
219 611 252 685 1
172 619 212 700 1
132 625 172 703 1
93 616 133 697 1
49 614 94 698 1
