80 34 154 98 1
6 101 79 173 1
0 172 13 208 1
147 0 205 38 1
0 530 34 583 1
66 470 141 522 1
85 641 157 713 1
53 671 127 719 1
24 700 68 719 1
217 523 286 592 1
280 588 352 657 1
76 395 152 463 1
12 329 88 399 1
35 294 107 362 1
65 263 135 333 1
98 235 165 304 1
126 211 193 278 1
157 183 221 247 1
183 153 244 216 1
213 125 283 195 1
246 105 305 164 1
272 71 339 142 1
302 42 366 106 1
369 11 434 73 1
426 0 468 14 1
477 2 538 61 1
516 0 568 37 1
559 0 591 13 1
444 17 513 85 1
418 47 481 112 1
397 83 461 150 1
363 104 425 171 1
330 133 398 200 1
303 161 367 225 1
271 186 336 251 1
246 214 307 278 1
222 246 285 315 1
181 271 253 337 1
164 303 232 371 1
139 334 203 403 1
106 357 173 424 1
205 420 275 490 1
246 495 310 558 1
273 467 334 532 1
298 438 365 504 1
330 410 396 479 1
354 379 420 445 1
380 349 448 416 1
407 317 473 383 1
439 293 506 359 1
462 262 532 330 1
492 236 555 300 1
517 207 596 283 1
549 175 623 244 1
575 148 643 212 1
613 130 672 190 1
631 96 702 163 1
666 77 728 138 1
690 43 751 103 1
713 12 780 80 1
740 0 805 48 1
783 0 825 20 1
885 0 945 33 1
946 0 974 10 1
848 0 918 60 1
829 20 890 81 1
806 53 868 113 1
782 77 840 138 1
727 132 791 197 1
699 157 765 223 1
674 185 738 250 1
640 209 712 277 1
606 236 677 305 1
589 272 650 331 1
556 293 625 361 1
523 320 596 389 1
501 350 569 418 1
474 379 540 444 1
421 446 490 513 1
444 409 515 478 1
400 477 465 538 1
369 504 434 565 1
319 566 383 629 1
364 609 437 676 1
404 635 472 694 1
442 692 499 719 1
565 697 608 719 1
595 671 660 719 1
617 640 687 706 1
642 611 712 681 1
669 583 735 647 1
494 639 564 709 1
523 609 592 679 1
547 575 616 642 1
578 548 644 616 1
603 519 673 587 1
638 490 700 552 1
705 559 770 622 1
812 709 852 719 1
861 654 920 710 1
888 624 950 687 1
915 588 984 654 1
940 561 1008 628 1
965 536 1031 597 1
997 508 1059 569 1
1020 482 1089 543 1
1045 455 1114 516 1
1067 423 1142 488 1
1095 397 1164 459 1
1125 376 1190 438 1
1145 349 1213 412 1
1163 317 1234 382 1
1195 292 1251 349 1
1209 256 1279 317 1
1236 230 1279 293 1
1251 201 1279 248 1
706 413 778 479 1
776 469 837 534 1
807 444 868 503 1
838 411 905 481 1
865 386 934 455 1
894 360 959 427 1
917 329 984 395 1
940 301 1009 365 1
964 271 1031 341 1
988 242 1057 306 1
1014 217 1069 272 1
1035 184 1106 251 1
1060 159 1125 222 1
1081 129 1144 189 1
1108 103 1174 169 1
1132 83 1204 147 1
1159 54 1219 117 1
1188 27 1249 89 1
1214 5 1268 62 1
1236 0 1279 39 1
1129 0 1190 34 1
1098 0 1170 65 1
1069 19 1137 83 1
1046 47 1116 112 1
1025 76 1086 134 1
1004 105 1059 157 1
976 127 1036 183 1
951 153 1016 215 1
923 182 986 239 1
903 211 974 276 1
884 242 948 307 1
859 270 923 331 1
829 296 895 361 1
799 322 859 386 1
769 354 838 417 1
748 386 813 448 1
