370 597 445 633 1
635 512 715 552 1
451 554 528 592 1
188 667 255 706 1
183 628 269 662 1
454 514 531 548 1
365 479 441 513 1
636 470 716 508 1
724 432 801 468 1
724 470 806 508 1
729 512 805 548 1
731 554 810 590 1
725 596 807 632 1
636 598 716 636 1
635 555 717 590 1
642 430 718 468 1
901 557 977 591 1
904 514 981 552 1
730 638 804 671 1
369 392 450 429 1
376 513 440 549 1
367 554 447 586 1
369 430 451 469 1
455 428 536 463 1
445 473 525 508 1
902 471 980 507 1
901 427 982 467 1
900 389 973 428 1
905 348 971 385 1
729 386 802 425 1
640 386 717 423 1
637 345 716 384 1
724 345 800 383 1
451 386 538 425 1
191 437 261 470 1
190 397 267 431 1
367 352 440 388 1
459 346 536 384 1
456 308 535 348 1
637 310 710 344 1
725 306 799 344 1
722 266 802 305 1
636 266 714 306 1
367 311 443 350 1
186 352 265 391 1
372 270 445 305 1
445 265 528 303 1
369 231 445 265 1
454 224 533 263 1
637 226 714 263 1
722 227 805 263 1
897 307 975 346 1
374 636 440 673 1
463 637 534 673 1
459 595 536 633 1
640 640 721 675 1
642 679 707 714 1
729 676 801 714 1
456 678 536 715 1
369 679 443 719 1
189 705 266 719 1
192 519 267 554 1
191 477 271 512 1
206 312 276 345 1
198 271 273 308 1
193 229 270 262 1
193 189 269 226 1
190 150 273 186 1
189 111 270 147 1
249 18 287 99 1
252 0 288 18 1
368 185 447 223 1
454 184 531 220 1
637 183 716 219 1
723 182 799 219 1
895 265 974 300 1
894 223 975 259 1
895 186 970 222 1
893 148 968 184 1
896 110 972 146 1
724 141 804 178 1
635 142 713 181 1
456 145 536 183 1
364 148 442 184 1
373 107 438 146 1
455 105 532 142 1
639 104 717 142 1
730 104 798 139 1
724 64 801 104 1
638 62 718 102 1
638 29 714 62 1
721 26 794 63 1
722 0 795 26 1
641 0 712 28 1
461 65 541 103 1
373 68 444 108 1
373 28 448 66 1
460 26 539 64 1
463 0 541 24 1
381 0 452 27 1
889 0 968 33 1
891 32 967 70 1
894 71 972 107 1
896 590 975 623 1
901 635 981 671 1
904 672 982 711 1
