443 381 553 436 1
561 392 676 447 1
553 452 671 507 1
436 442 553 494 1
550 510 664 560 1
549 563 661 615 1
440 550 530 601 1
430 496 547 548 1
422 647 517 709 1
531 659 648 715 1
783 476 888 525 1
786 530 894 580 1
904 533 1012 586 1
892 597 986 647 1
789 584 880 631 1
780 633 873 685 1
883 680 990 719 1
762 687 877 719 1
172 399 291 456 1
727 53 785 163 1
666 56 723 162 1
607 65 664 175 1
558 70 610 171 1
503 68 556 181 1
446 73 499 186 1
342 75 401 191 1
287 80 341 195 1
232 89 285 198 1
83 147 154 263 1
31 179 90 263 1
0 164 36 284 1
31 383 159 435 1
164 460 288 518 1
166 524 286 576 1
26 569 137 621 1
157 633 274 690 1
0 692 127 719 1
