845 345 890 413 1
806 365 855 441 1
760 370 813 454 1
723 375 772 450 1
683 384 731 459 1
650 405 693 470 1
603 407 647 471 1
569 415 614 492 1
527 430 573 499 1
490 453 540 528 1
456 465 501 543 1
411 473 462 549 1
368 480 414 554 1
324 490 376 570 1
283 502 332 586 1
240 516 294 600 1
196 537 254 615 1
156 549 210 628 1
118 576 168 639 1
62 572 126 654 1
18 579 77 665 1
0 595 31 673 1
834 579 886 666 1
789 588 839 664 1
753 602 802 679 1
713 609 760 691 1
675 627 724 707 1
639 645 686 719 1
598 660 646 719 1
559 670 601 719 1
513 678 556 719 1
740 678 810 719 1
817 658 885 706 1
