813 88 931 141 1
952 92 1059 147 1
956 150 1062 204 1
965 209 1066 259 1
969 318 1070 364 1
840 266 941 316 1
1119 323 1202 427 1
832 389 945 441 1
433 333 544 381 1
442 151 556 202 1
181 268 273 312 1
175 326 282 375 1
161 449 267 499 1
165 508 274 556 1
168 682 267 719 1
572 504 681 552 1
572 155 678 203 1
463 0 515 54 1
533 0 576 40 1
593 0 635 26 1
643 0 689 24 1
1183 51 1279 104 1
1186 110 1279 155 1
1187 158 1279 207 1
1201 211 1279 254 1
1201 305 1279 352 1
1193 355 1279 401 1
1198 407 1279 453 1
1199 459 1279 508 1
1204 559 1279 609 1
1208 658 1279 713 1
