553 48 620 122 1
527 86 593 154 1
493 111 562 182 1
458 131 521 190 1
432 161 496 228 1
408 194 476 263 1
376 220 436 287 1
350 248 414 317 1
317 273 380 343 1
284 300 350 371 1
257 333 319 397 1
227 360 290 425 1
204 387 266 454 1
172 411 238 484 1
149 444 216 514 1
121 474 188 545 1
84 494 144 559 1
49 516 120 588 1
25 549 97 622 1
288 45 362 121 1
259 70 330 147 1
179 163 246 233 1
147 189 221 259 1
125 218 189 283 1
88 242 150 304 1
50 266 120 333 1
22 293 94 358 1
613 240 676 292 1
583 264 649 321 1
552 294 620 348 1
529 322 589 374 1
470 380 527 437 1
437 410 491 462 1
410 437 468 487 1
0 321 70 396 1
0 375 42 420 1
0 581 65 651 1
0 621 34 680 1
193 662 261 719 1
222 643 290 708 1
389 476 447 529 1
349 492 409 564 1
324 530 394 595 1
303 562 364 625 1
271 587 336 648 1
255 623 311 680 1
160 698 208 719 1
323 22 389 92 1
350 0 417 64 1
389 0 444 38 1
444 0 479 20 1
0 418 15 453 1
207 141 270 204 1
