697 297 742 402 1
805 524 866 623 1
867 529 927 627 1
1111 311 1160 407 1
1061 312 1131 424 1
1007 310 1054 409 1
959 304 1008 402 1
907 299 955 399 1
857 314 902 414 1
804 295 851 398 1
756 302 799 401 1
796 87 891 139 1
614 78 707 127 1
490 74 591 125 1
347 75 455 126 1
1156 314 1208 406 1
647 300 693 404 1
593 292 635 398 1
537 297 581 406 1
477 290 524 395 1
419 287 465 380 1
364 291 413 398 1
299 302 348 401 1
297 409 347 517 1
110 79 215 127 1
4 75 112 123 1
1253 107 1279 152 1
1206 306 1255 414 1
1259 323 1279 422 1
1215 526 1279 630 1
381 527 433 613 1
432 533 491 632 1
483 527 536 617 1
703 528 761 624 1
760 527 814 628 1
1116 528 1180 626 1
