880 208 926 308 1
927 218 972 311 1
974 212 1014 312 1
340 5 434 49 1
780 211 823 304 1
727 206 766 293 1
675 207 718 309 1
1019 220 1061 308 1
1062 215 1107 310 1
434 7 526 55 1
618 214 660 308 1
618 315 663 420 1
1116 427 1175 515 1
1063 420 1117 509 1
1243 232 1279 321 1
1199 226 1248 315 1
1153 221 1203 312 1
1108 234 1155 324 1
1058 26 1144 75 1
899 17 983 66 1
786 10 878 59 1
661 8 756 57 1
838 214 877 312 1
1026 424 1078 510 1
979 423 1034 511 1
786 424 837 506 1
737 429 790 520 1
692 423 742 503 1
1175 601 1241 694 1
1125 606 1190 691 1
963 599 1035 698 1
910 615 970 703 1
863 611 917 696 1
799 615 864 705 1
695 615 755 698 1
648 602 704 698 1
589 615 646 703 1
538 607 594 690 1
488 593 545 681 1
