471 410 531 525 1
863 216 929 324 1
806 225 867 331 1
741 232 805 339 1
685 245 744 350 1
651 573 746 618 1
925 209 986 313 1
982 201 1038 307 1
453 253 511 362 1
339 292 397 404 1
884 45 982 132 1
396 285 456 396 1
418 406 473 525 1
355 415 418 530 1
286 308 342 414 1
224 307 282 421 1
247 447 306 539 1
298 428 360 528 1
171 316 235 430 1
118 336 178 437 1
66 338 124 443 1
187 455 252 560 1
138 486 193 574 1
705 19 817 76 1
578 0 634 90 1
637 0 696 76 1
516 0 572 91 1
414 12 470 100 1
356 14 418 129 1
306 34 363 120 1
250 40 306 132 1
140 60 204 164 1
78 66 145 170 1
27 80 92 182 1
1075 186 1188 283 1
1226 308 1279 418 1
0 83 36 197 1
707 371 760 481 1
770 364 831 482 1
831 347 886 455 1
893 339 946 439 1
947 332 1001 440 1
999 329 1062 435 1
1053 319 1120 433 1
1109 304 1178 421 1
1163 300 1230 407 1
0 351 63 456 1
75 460 144 577 1
15 470 84 576 1
0 486 28 577 1
519 676 575 719 1
455 689 504 719 1
1209 551 1279 655 1
1149 579 1217 696 1
1090 575 1161 704 1
1036 597 1101 713 1
979 601 1046 719 1
928 613 988 717 1
870 617 929 719 1
806 641 868 719 1
