903 324 962 438 1
847 322 897 441 1
778 315 839 442 1
718 328 767 441 1
652 318 709 445 1
588 326 639 453 1
520 327 579 450 1
460 312 518 437 1
395 321 451 441 1
966 334 1015 447 1
1022 338 1076 450 1
1084 345 1140 459 1
1138 349 1198 465 1
1193 348 1257 467 1
1246 348 1279 469 1
534 0 586 104 1
606 0 653 90 1
664 0 714 85 1
726 0 777 95 1
785 0 841 108 1
849 9 902 130 1
908 4 960 123 1
1024 8 1082 132 1
1084 11 1142 115 1
1193 20 1265 120 1
0 173 63 226 1
0 231 61 284 1
0 296 56 346 1
0 358 49 408 1
0 419 47 469 1
0 482 43 538 1
0 548 51 600 1
0 612 41 674 1
261 646 321 719 1
329 649 389 719 1
391 637 442 719 1
455 660 506 719 1
517 674 569 719 1
576 659 633 719 1
646 666 695 719 1
705 667 755 719 1
764 665 815 719 1
828 669 887 719 1
895 656 948 719 1
952 667 1009 719 1
1012 664 1065 719 1
1068 662 1129 719 1
1134 657 1187 719 1
1192 671 1255 719 1
1249 671 1279 719 1
