930 23 975 93 1
891 47 941 120 1
851 52 903 132 1
811 52 861 126 1
774 63 824 135 1
740 84 787 148 1
698 86 740 152 1
661 94 710 171 1
621 109 669 176 1
590 129 638 204 1
552 144 602 216 1
509 148 559 225 1
469 160 515 229 1
429 167 477 245 1
387 181 435 260 1
346 194 398 276 1
304 211 359 292 1
263 226 318 304 1
224 253 276 315 1
174 246 238 331 1
133 256 193 339 1
88 270 147 348 1
44 293 107 369 1
0 299 63 376 1
925 256 982 329 1
883 261 932 336 1
851 278 898 347 1
810 285 858 360 1
772 302 824 375 1
736 324 785 398 1
700 333 749 404 1
660 341 708 413 1
619 352 668 429 1
582 365 633 443 1
543 382 595 464 1
501 392 551 470 1
459 401 513 479 1
416 419 472 499 1
373 431 432 514 1
337 438 391 522 1
294 449 350 535 1
248 465 298 542 1
204 481 262 566 1
164 502 223 583 1
127 520 181 602 1
85 534 144 619 1
41 545 99 628 1
0 548 53 636 1
1046 400 1101 478 1
1006 425 1062 500 1
976 442 1029 519 1
942 457 991 531 1
905 469 955 549 1
871 479 919 551 1
835 486 884 559 1
804 525 854 602 1
760 511 809 584 1
724 544 775 626 1
683 555 735 634 1
646 567 691 636 1
607 573 652 644 1
566 589 619 670 1
530 603 578 677 1
489 619 540 698 1
449 635 503 716 1
413 660 460 719 1
367 666 417 719 1
327 679 371 719 1
909 333 979 376 1
838 352 905 399 1
760 387 836 437 1
680 413 758 464 1
597 441 671 491 1
528 470 592 515 1
445 490 525 545 1
364 521 443 572 1
279 547 360 604 1
183 577 272 639 1
100 605 183 664 1
3 635 95 694 1
