552 377 632 410 1
561 418 637 455 1
573 457 638 494 1
564 495 643 534 1
556 334 635 369 1
554 293 630 332 1
544 252 623 287 1
543 213 619 247 1
462 458 545 492 1
457 496 537 537 1
472 419 551 452 1
461 381 542 417 1
460 337 537 375 1
458 296 541 335 1
274 464 358 500 1
259 421 343 460 1
177 429 256 462 1
462 257 527 292 1
448 216 523 253 1
444 175 524 211 1
451 137 523 174 1
546 136 617 170 1
541 173 617 209 1
544 93 620 131 1
449 101 525 135 1
535 55 613 90 1
446 60 519 98 1
443 19 514 58 1
441 0 514 19 1
533 0 610 18 1
534 20 610 53 1
187 471 265 506 1
190 512 266 548 1
307 650 385 688 1
350 685 430 719 1
267 689 342 719 1
542 680 620 715 1
634 671 700 708 1
571 636 652 674 1
794 697 871 719 1
803 657 880 696 1
885 637 920 714 1
921 638 960 706 1
964 640 999 706 1
1000 638 1037 712 1
1031 585 1102 624 1
1033 548 1104 585 1
272 382 350 417 1
172 388 253 424 1
172 350 243 384 1
272 343 344 379 1
270 301 337 336 1
176 307 252 341 1
171 267 249 304 1
267 262 340 299 1
258 222 337 260 1
173 223 249 262 1
167 188 238 221 1
257 177 343 219 1
253 143 324 175 1
261 103 337 139 1
168 147 248 184 1
170 110 245 145 1
260 62 331 102 1
166 69 240 107 1
255 22 332 61 1
170 25 248 65 1
169 0 246 28 1
257 0 332 23 1
1029 509 1102 545 1
1033 472 1106 504 1
1028 435 1112 470 1
1028 398 1103 429 1
1016 358 1089 392 1
1017 318 1089 352 1
1011 277 1088 313 1
758 493 836 525 1
841 483 917 522 1
840 443 915 480 1
747 448 823 487 1
745 407 823 443 1
839 401 917 437 1
836 360 916 396 1
747 368 826 402 1
743 326 824 361 1
836 322 907 360 1
743 286 822 322 1
828 281 909 319 1
827 243 890 278 1
741 245 822 285 1
823 206 900 240 1
740 207 819 244 1
727 170 807 207 1
728 128 803 164 1
823 127 893 164 1
823 167 888 203 1
817 87 891 123 1
726 86 803 123 1
726 52 796 84 1
812 50 881 86 1
806 12 881 47 1
722 10 796 51 1
722 0 793 14 1
803 0 874 13 1
993 0 1060 14 1
998 15 1068 48 1
997 50 1073 89 1
1004 92 1081 128 1
1013 128 1085 164 1
1018 167 1080 200 1
1013 202 1092 238 1
1017 244 1095 275 1
9 61 53 140 1
9 0 56 45 1
13 151 58 229 1
18 248 59 320 1
17 338 60 409 1
