411 41 530 97 1
675 60 784 109 1
685 111 779 157 1
678 211 774 259 1
668 265 787 315 1
16 42 133 96 1
0 391 107 440 1
0 623 89 673 1
258 286 376 333 1
281 160 384 211 1
275 0 395 39 1
412 0 530 43 1
413 104 529 155 1
410 219 522 266 1
536 183 646 273 1
677 7 785 56 1
790 12 901 64 1
789 69 899 119 1
798 274 899 322 1
785 218 899 266 1
795 121 901 170 1
1003 25 1107 74 1
1012 76 1120 129 1
1125 77 1234 129 1
1122 140 1218 188 1
1020 131 1115 176 1
1014 181 1112 229 1
1012 234 1123 282 1
1126 221 1228 275 1
1126 275 1231 322 1
1124 327 1230 376 1
1014 332 1117 380 1
1123 381 1231 430 1
1122 432 1230 483 1
1010 441 1120 490 1
1009 496 1129 546 1
1134 488 1224 533 1
1124 539 1224 586 1
1106 591 1218 641 1
1118 643 1229 697 1
668 322 780 370 1
662 380 779 429 1
780 384 898 431 1
791 437 895 486 1
784 492 894 538 1
663 490 773 537 1
780 546 889 593 1
660 594 774 649 1
759 651 880 706 1
773 704 880 719 1
1005 699 1114 719 1
1123 699 1228 719 1
