787 395 833 495 1
736 402 781 505 1
683 397 725 495 1
627 393 669 482 1
575 396 619 498 1
517 403 561 501 1
519 506 564 604 1
559 194 662 238 1
329 193 426 237 1
235 189 333 233 1
691 197 783 239 1
805 200 891 245 1
964 213 1052 256 1
834 405 879 498 1
881 399 921 499 1
924 403 969 491 1
972 400 1012 493 1
1015 414 1059 503 1
1061 400 1104 492 1
1106 406 1151 493 1
1149 412 1191 500 1
1193 413 1262 519 1
1239 412 1279 500 1
1241 606 1279 693 1
1022 604 1077 690 1
962 599 1022 686 1
929 604 982 690 1
883 604 935 691 1
685 606 737 690 1
639 614 692 702 1
594 609 642 687 1
