844 0 882 19 1
838 30 876 113 1
843 134 880 223 1
838 247 876 333 1
836 349 873 432 1
828 464 863 546 1
1033 446 1108 484 1
642 74 709 111 1
632 197 709 237 1
628 320 701 351 1
630 364 704 396 1
630 404 707 437 1
630 446 705 478 1
628 486 702 520 1
624 528 702 559 1
617 568 699 603 1
618 610 697 646 1
615 651 695 686 1
615 691 691 719 1
454 31 533 86 1
451 118 534 169 1
445 411 522 464 1
443 625 515 675 1
439 667 517 717 1
307 0 374 32 1
297 26 376 78 1
298 73 374 130 1
289 129 372 177 1
287 170 371 225 1
288 223 371 278 1
281 261 364 324 1
279 307 361 367 1
291 359 368 417 1
291 416 358 462 1
276 459 354 508 1
277 508 348 555 1
275 553 354 607 1
276 604 355 652 1
277 645 346 698 1
276 695 350 719 1
