651 266 684 343 1
695 270 724 344 1
733 265 766 344 1
771 266 807 346 1
810 262 844 341 1
915 458 951 531 1
876 470 912 539 1
841 463 877 534 1
805 456 840 530 1
724 467 758 546 1
762 463 798 540 1
682 456 720 535 1
640 453 678 535 1
630 553 708 588 1
631 592 709 627 1
634 630 714 666 1
634 669 715 703 1
360 454 394 531 1
486 277 519 354 1
446 275 480 358 1
406 280 440 354 1
587 69 624 155 1
547 74 581 157 1
513 77 545 155 1
472 76 508 155 1
631 706 706 719 1
953 465 989 537 1
851 266 883 337 1
886 279 925 355 1
926 279 962 355 1
965 273 998 350 1
1001 278 1035 346 1
631 82 663 149 1
675 85 710 160 1
714 88 750 165 1
788 82 822 160 1
827 94 862 164 1
867 91 902 167 1
903 84 941 167 1
942 91 975 165 1
978 93 1013 166 1
1018 101 1051 167 1
1059 110 1094 178 1
1094 110 1132 184 1
1131 113 1165 185 1
1166 115 1202 179 1
1243 103 1279 182 1
1042 277 1076 349 1
1078 279 1113 350 1
1114 274 1150 351 1
1150 278 1187 351 1
1187 287 1229 359 1
1228 282 1263 356 1
1262 291 1279 363 1
992 457 1030 534 1
1033 447 1072 525 1
1072 464 1105 541 1
1103 452 1142 532 1
1141 453 1178 523 1
1181 457 1222 526 1
1222 458 1255 527 1
1256 454 1279 529 1
534 233 585 308 1
441 464 476 541 1
480 459 515 534 1
479 551 513 630 1
437 548 472 624 1
401 461 436 537 1
401 549 433 628 1
361 545 395 618 1
320 545 358 623 1
323 458 359 535 1
283 457 321 530 1
245 454 281 531 1
206 457 243 528 1
243 536 279 615 1
282 547 313 618 1
170 450 206 523 1
206 531 240 606 1
165 536 205 612 1
133 451 171 523 1
128 541 166 612 1
91 540 128 612 1
88 452 131 525 1
49 450 93 533 1
15 453 56 529 1
0 451 19 527 1
49 536 92 614 1
10 536 52 613 1
0 535 13 607 1
368 280 403 354 1
330 269 364 345 1
293 264 329 343 1
252 272 290 343 1
213 281 249 353 1
175 276 214 349 1
138 277 174 349 1
97 279 136 353 1
54 275 97 351 1
22 277 62 351 1
0 278 23 354 1
0 78 15 144 1
11 93 48 163 1
48 79 90 154 1
90 98 128 164 1
131 78 166 152 1
166 76 200 146 1
202 73 236 143 1
239 71 276 144 1
279 73 318 151 1
318 79 351 153 1
356 71 392 147 1
391 86 430 159 1
435 82 470 159 1
