825 9 864 91 1
826 112 859 197 1
820 211 857 291 1
823 318 861 401 1
818 428 857 511 1
817 530 852 614 1
809 652 846 719 1
1018 624 1094 666 1
617 43 691 86 1
602 90 681 130 1
620 258 686 296 1
609 380 686 419 1
607 506 681 540 1
607 551 684 585 1
611 588 687 624 1
609 631 684 666 1
606 670 684 709 1
430 220 511 270 1
428 300 512 358 1
425 598 502 654 1
269 607 335 658 1
256 651 331 706 1
265 551 344 608 1
249 499 338 558 1
255 451 341 517 1
260 411 344 468 1
263 359 347 415 1
267 320 345 366 1
266 261 350 316 1
264 215 349 266 1
263 160 344 219 1
268 121 348 173 1
269 71 353 127 1
270 29 352 78 1
278 0 350 27 1
