711 192 769 252 1
558 215 623 280 1
651 249 717 319 1
622 275 691 346 1
503 271 565 338 1
540 360 606 428 1
570 340 634 404 1
313 191 384 261 1
513 393 579 460 1
365 417 432 487 1
290 224 355 290 1
483 421 551 491 1
471 295 541 365 1
530 242 595 312 1
598 310 667 381 1
460 455 528 521 1
318 478 385 547 1
282 497 354 570 1
762 413 827 475 1
787 380 858 449 1
705 468 771 532 1
672 496 741 565 1
239 284 300 346 1
205 313 279 375 1
165 212 229 277 1
194 189 263 257 1
255 130 319 196 1
280 99 340 162 1
428 83 495 143 1
169 331 243 399 1
267 254 323 316 1
343 159 417 238 1
368 128 431 195 1
222 159 289 225 1
681 217 748 284 1
402 508 470 578 1
434 483 502 554 1
423 363 483 425 1
392 388 459 457 1
443 327 507 393 1
816 354 886 419 1
799 503 865 569 1
826 471 887 534 1
246 523 320 596 1
375 542 444 611 1
486 24 552 90 1
586 183 649 246 1
611 152 678 216 1
653 533 718 602 1
623 557 695 631 1
597 584 663 654 1
716 589 780 657 1
743 562 800 622 1
772 534 833 597 1
732 439 802 508 1
878 411 942 479 1
851 443 918 508 1
355 578 418 637 1
334 447 403 520 1
86 307 155 375 1
110 271 179 342 1
135 241 205 311 1
174 0 246 39 1
108 39 176 102 1
512 0 575 56 1
396 0 463 59 1
363 21 427 81 1
337 48 399 114 1
306 72 375 139 1
544 0 600 28 1
455 52 523 116 1
403 109 465 171 1
638 124 705 188 1
672 105 728 159 1
698 74 767 139 1
727 47 792 114 1
756 27 822 90 1
772 0 844 49 1
817 0 866 25 1
865 0 901 10 1
961 0 1005 17 1
920 0 984 49 1
893 5 955 67 1
867 26 931 94 1
838 54 899 115 1
815 78 881 146 1
793 112 846 168 1
765 137 833 205 1
737 165 800 226 1
319 598 392 668 1
409 631 476 707 1
221 700 267 719 1
175 705 212 719 1
102 641 170 719 1
51 465 126 529 1
0 401 26 442 1
57 337 125 408 1
148 369 219 436 1
41 99 115 164 1
430 0 488 28 1
30 519 104 582 1
0 518 43 583 1
0 574 19 610 1
32 574 106 644 1
2 608 81 676 1
0 638 47 705 1
0 695 19 719 1
568 614 639 687 1
543 647 608 715 1
660 647 731 715 1
691 620 746 677 1
634 680 697 719 1
609 706 647 719 1
479 701 519 719 1
509 671 579 719 1
885 701 923 719 1
910 671 977 719 1
933 640 1000 703 1
955 608 1025 672 1
988 580 1051 641 1
1012 549 1076 613 1
1037 525 1102 585 1
1063 494 1136 564 1
1087 468 1147 528 1
1110 442 1172 501 1
1138 413 1205 479 1
1163 385 1238 453 1
1181 354 1255 425 1
1208 328 1279 399 1
1237 306 1279 368 1
1254 276 1279 322 1
903 380 968 448 1
843 320 907 384 1
869 294 928 352 1
930 357 992 417 1
958 330 1021 394 1
982 301 1037 359 1
893 267 958 330 1
923 240 989 307 1
946 215 1011 280 1
1004 273 1067 338 1
1031 250 1092 311 1
976 196 1032 251 1
993 161 1056 224 1
1014 132 1086 198 1
1040 103 1105 163 1
1071 86 1132 147 1
1096 58 1162 123 1
1116 32 1187 92 1
1141 5 1212 70 1
1205 62 1264 124 1
1179 86 1241 149 1
1154 118 1216 185 1
1122 139 1184 201 1
1106 167 1164 232 1
1081 190 1143 256 1
