647 144 765 195 1
643 209 759 267 1
653 270 747 321 1
514 273 640 328 1
508 331 630 386 1
634 337 760 390 1
518 139 638 193 1
647 86 762 142 1
634 32 753 90 1
655 0 759 32 1
291 0 406 32 1
172 24 290 81 1
267 81 393 133 1
273 137 394 189 1
272 251 399 307 1
162 247 274 298 1
132 313 262 364 1
275 318 391 367 1
904 0 1007 27 1
900 19 1009 78 1
1017 64 1132 119 1
887 77 1001 128 1
894 126 1008 181 1
1026 134 1126 189 1
1018 189 1125 244 1
883 178 997 229 1
890 229 993 280 1
906 288 992 333 1
882 339 992 388 1
1002 353 1112 402 1
1067 605 1174 704 1
869 638 982 693 1
866 696 975 719 1
631 633 750 689 1
499 631 618 682 1
245 617 373 677 1
113 610 252 666 1
113 677 243 719 1
242 680 371 719 1
491 689 620 719 1
633 697 743 719 1
