670 340 708 413 1
624 240 663 320 1
630 339 665 414 1
422 538 461 620 1
465 537 498 609 1
507 539 542 618 1
550 541 585 616 1
587 538 624 616 1
547 344 582 422 1
506 344 543 423 1
466 346 501 422 1
497 71 534 137 1
619 55 652 130 1
581 53 613 127 1
537 59 572 136 1
455 68 488 137 1
413 60 452 138 1
375 60 410 138 1
434 13 512 48 1
348 22 422 54 1
659 52 693 128 1
702 51 735 132 1
739 56 773 131 1
779 68 815 135 1
815 58 852 141 1
858 49 894 122 1
895 64 928 135 1
931 64 969 129 1
335 74 369 153 1
294 65 328 142 1
293 0 330 47 1
251 0 288 62 1
250 68 289 146 1
211 67 251 142 1
207 0 246 53 1
165 0 209 56 1
171 64 207 141 1
128 0 163 50 1
85 0 127 54 1
35 0 79 57 1
0 0 36 54 1
129 67 169 138 1
86 74 126 154 1
37 64 85 143 1
0 74 46 150 1
261 342 299 423 1
302 347 340 423 1
341 351 376 420 1
297 257 330 331 1
333 253 373 342 1
379 252 418 334 1
379 338 416 421 1
423 341 463 425 1
420 247 454 326 1
463 260 495 328 1
501 246 537 329 1
542 258 575 332 1
584 249 620 322 1
970 63 1008 136 1
1011 61 1045 140 1
1048 64 1082 135 1
1232 53 1268 127 1
1266 58 1279 131 1
706 240 741 310 1
667 239 703 317 1
748 238 781 316 1
790 241 823 321 1
828 238 862 316 1
866 227 904 305 1
906 245 942 321 1
944 234 981 310 1
983 235 1017 311 1
1017 238 1052 307 1
1054 233 1087 305 1
1092 232 1129 309 1
712 333 749 407 1
753 322 789 405 1
793 329 831 405 1
833 326 870 407 1
874 333 908 404 1
912 333 946 405 1
947 324 982 402 1
984 325 1020 400 1
1023 326 1059 400 1
1060 326 1095 402 1
1095 331 1129 400 1
1128 323 1168 395 1
1165 315 1208 388 1
1199 311 1237 383 1
1237 318 1275 394 1
593 624 627 702 1
634 621 667 701 1
552 627 588 707 1
628 531 665 614 1
667 520 705 595 1
710 522 747 597 1
749 517 785 588 1
788 520 824 586 1
831 514 864 585 1
869 507 903 590 1
906 504 943 585 1
945 510 982 590 1
983 513 1020 576 1
1022 505 1058 582 1
1060 501 1097 576 1
1096 500 1132 574 1
1134 498 1169 573 1
1167 497 1205 574 1
1205 503 1244 576 1
1241 500 1279 577 1
256 255 295 334 1
218 262 254 339 1
180 258 216 333 1
135 261 173 338 1
95 265 133 340 1
52 269 94 349 1
7 270 51 345 1
0 273 11 342 1
222 349 261 427 1
182 350 221 426 1
138 352 182 429 1
98 360 139 436 1
60 368 98 441 1
14 367 60 438 1
0 363 18 435 1
675 615 710 693 1
714 614 749 676 1
754 605 794 688 1
794 603 831 678 1
836 597 870 669 1
873 593 909 673 1
911 597 947 679 1
949 595 984 666 1
987 595 1022 665 1
1024 597 1059 659 1
1057 584 1094 659 1
1098 599 1133 673 1
1138 590 1173 663 1
1173 595 1208 665 1
1210 587 1244 656 1
1242 583 1279 658 1
468 635 503 713 1
430 632 466 712 1
387 632 422 702 1
380 546 416 622 1
330 538 370 612 1
340 625 379 700 1
227 544 265 621 1
184 539 219 623 1
186 636 225 710 1
142 543 181 625 1
144 639 186 719 1
107 641 145 719 1
102 543 140 620 1
57 551 98 632 1
11 554 56 638 1
0 554 15 628 1
63 646 107 719 1
16 647 60 719 1
0 644 18 719 1
