847 0 883 31 1
840 39 880 124 1
848 143 885 230 1
843 254 881 338 1
835 354 876 439 1
829 469 866 552 1
1034 449 1107 488 1
646 83 713 120 1
637 205 715 244 1
631 326 706 360 1
635 370 712 404 1
635 407 712 445 1
637 449 711 483 1
629 490 706 523 1
628 531 707 566 1
622 570 704 607 1
622 611 701 650 1
621 653 700 688 1
620 693 696 719 1
453 413 531 470 1
457 120 540 178 1
460 40 538 94 1
305 0 380 37 1
303 34 383 85 1
306 83 382 135 1
300 134 380 184 1
296 176 382 233 1
297 226 376 284 1
290 269 372 329 1
282 313 368 372 1
296 366 374 423 1
298 424 365 466 1
283 464 362 518 1
284 514 352 559 1
284 558 360 612 1
292 613 362 658 1
285 658 354 700 1
448 629 518 679 1
446 669 525 719 1
