1015 119 1055 196 1
1057 113 1094 187 1
710 98 782 137 1
541 50 614 87 1
451 54 526 92 1
366 58 442 94 1
269 58 344 96 1
176 60 254 97 1
94 67 171 103 1
100 136 180 173 1
0 207 19 280 1
0 292 13 370 1
133 201 170 279 1
170 192 210 267 1
210 192 248 267 1
250 191 287 268 1
285 193 323 268 1
1242 293 1279 365 1
1201 290 1242 360 1
1158 289 1199 353 1
1121 292 1157 362 1
1084 275 1123 350 1
1042 287 1080 367 1
1005 294 1044 361 1
966 282 1002 359 1
664 234 743 269 1
580 241 655 273 1
527 192 561 267 1
482 193 520 277 1
443 197 477 266 1
404 192 440 272 1
365 188 399 259 1
327 194 364 265 1
929 279 966 362 1
887 276 923 356 1
849 281 884 358 1
810 280 844 352 1
768 280 801 361 1
726 288 760 363 1
682 287 719 359 1
646 282 683 359 1
606 279 641 359 1
562 293 597 371 1
522 281 558 359 1
481 284 515 362 1
442 280 475 359 1
401 278 437 356 1
362 279 399 352 1
324 286 360 365 1
281 278 319 356 1
244 286 282 362 1
206 289 244 365 1
170 283 204 359 1
127 291 165 369 1
1244 471 1279 539 1
1206 464 1247 542 1
1168 463 1208 540 1
1125 475 1165 551 1
1087 457 1123 534 1
1047 470 1086 546 1
1009 471 1045 551 1
969 468 1003 544 1
927 470 962 539 1
887 468 924 545 1
845 472 885 549 1
809 476 844 551 1
764 484 798 557 1
724 471 761 556 1
682 486 718 555 1
644 470 678 546 1
603 475 639 558 1
556 475 596 564 1
520 475 552 552 1
479 471 515 552 1
439 476 475 556 1
403 472 436 548 1
359 473 395 552 1
320 473 355 554 1
281 477 318 557 1
240 475 278 553 1
204 478 241 549 1
165 474 205 552 1
123 476 166 553 1
122 568 164 646 1
166 580 203 651 1
206 567 241 637 1
242 573 280 642 1
283 578 318 648 1
319 568 357 649 1
358 564 397 643 1
402 562 439 643 1
441 563 478 643 1
480 561 515 641 1
520 568 557 644 1
560 571 596 641 1
601 561 637 643 1
645 567 681 648 1
686 572 719 647 1
724 571 761 648 1
764 572 802 649 1
849 569 886 640 1
888 570 925 641 1
929 562 967 635 1
968 551 1007 635 1
1011 557 1049 637 1
1051 555 1089 638 1
1089 565 1129 637 1
1131 566 1168 637 1
1168 556 1206 635 1
1206 558 1250 637 1
1250 558 1279 638 1
