720 195 761 291 1
622 203 666 297 1
571 206 616 300 1
833 436 875 529 1
784 445 827 536 1
734 452 775 544 1
678 425 731 568 1
543 462 589 553 1
497 447 541 535 1
765 194 805 273 1
816 187 856 272 1
860 188 905 276 1
909 177 952 268 1
955 179 1005 269 1
1003 183 1052 272 1
348 474 396 571 1
257 458 305 558 1
169 463 213 557 1
121 473 169 561 1
77 475 123 564 1
28 468 75 548 1
0 474 32 565 1
525 188 566 280 1
476 196 517 287 1
430 195 472 285 1
338 203 382 291 1
291 207 334 304 1
248 216 290 293 1
203 224 246 314 1
156 222 198 307 1
104 221 154 316 1
63 229 108 320 1
19 235 65 321 1
0 235 19 322 1
750 64 844 110 1
988 0 1025 22 1
934 0 979 28 1
891 0 932 23 1
846 0 886 26 1
798 0 836 35 1
751 0 788 29 1
709 0 745 31 1
662 0 702 30 1
619 0 656 25 1
571 0 611 23 1
519 0 559 43 1
471 0 515 41 1
427 0 467 40 1
288 0 328 41 1
244 0 287 49 1
190 0 236 54 1
146 0 191 58 1
50 0 107 56 1
0 0 20 60 1
878 439 921 529 1
969 439 1013 512 1
1012 426 1061 515 1
1073 417 1119 502 1
921 416 972 512 1
