1041 416 1116 455 1
835 433 871 519 1
842 319 880 404 1
844 219 886 302 1
850 105 891 191 1
844 3 884 84 1
650 45 713 90 1
638 166 719 209 1
636 291 711 329 1
640 335 713 369 1
639 374 717 411 1
639 416 715 452 1
635 457 712 491 1
630 499 714 535 1
626 538 708 574 1
627 578 708 618 1
627 620 705 654 1
625 663 703 696 1
623 697 705 719 1
456 380 534 433 1
460 87 540 145 1
464 7 541 61 1
454 595 527 648 1
451 636 531 687 1
453 680 525 719 1
289 665 367 718 1
292 621 361 670 1
302 575 369 626 1
300 528 366 579 1
289 484 359 528 1
293 435 368 486 1
308 391 370 436 1
298 333 379 391 1
289 280 373 342 1
297 237 377 298 1
300 197 382 252 1
298 147 382 202 1
297 104 380 154 1
307 56 383 106 1
304 6 386 51 1
