847 659 921 696 1
930 658 1006 696 1
847 621 913 657 1
843 582 919 619 1
843 540 924 576 1
932 540 994 576 1
288 675 357 706 1
285 632 361 667 1
280 591 346 624 1
280 551 359 586 1
651 347 731 383 1
378 310 456 348 1
144 578 185 658 1
371 593 451 629 1
371 634 443 666 1
374 670 448 705 1
285 435 354 469 1
283 476 353 510 1
283 514 346 546 1
369 512 442 548 1
364 551 437 586 1
367 470 444 506 1
374 429 448 465 1
1120 574 1197 608 1
1119 538 1193 572 1
1121 497 1200 532 1
1118 458 1202 491 1
1113 417 1193 453 1
1112 378 1191 414 1
1114 341 1189 375 1
1107 305 1182 338 1
1107 268 1185 303 1
923 378 1000 414 1
925 344 997 378 1
830 342 906 377 1
835 382 914 420 1
283 194 363 231 1
643 227 717 264 1
648 306 720 345 1
646 268 710 304 1
935 577 1010 614 1
934 620 1008 656 1
931 462 1002 495 1
931 499 1004 533 1
144 290 185 367 1
143 381 181 458 1
147 484 183 561 1
372 191 449 230 1
279 232 356 269 1
279 273 351 309 1
378 271 452 305 1
379 232 454 267 1
377 354 457 386 1
374 391 453 426 1
278 314 355 349 1
283 354 355 388 1
287 391 360 428 1
570 637 634 672 1
566 674 639 711 1
661 552 724 583 1
654 508 731 542 1
649 469 722 503 1
652 428 729 461 1
652 386 727 421 1
852 468 917 503 1
842 506 921 542 1
543 190 621 228 1
664 671 727 705 1
650 189 717 225 1
543 231 625 265 1
541 270 619 306 1
550 310 622 346 1
557 352 636 386 1
561 389 640 424 1
565 430 630 463 1
553 469 635 505 1
571 514 648 548 1
566 551 643 586 1
569 594 651 629 1
463 479 499 559 1
493 260 533 340 1
839 309 912 342 1
916 305 988 339 1
925 265 1000 299 1
836 262 917 301 1
920 223 990 259 1
921 182 989 222 1
832 186 908 220 1
834 228 912 261 1
1104 225 1178 265 1
1104 189 1174 224 1
381 710 457 719 1
295 709 370 719 1
144 680 186 719 1
840 428 915 461 1
660 631 733 666 1
659 590 741 628 1
659 709 740 719 1
570 711 641 719 1
848 701 926 719 1
934 697 1007 719 1
1127 690 1210 719 1
1128 653 1205 690 1
1125 612 1215 650 1
1086 59 1167 94 1
1100 97 1172 131 1
1088 20 1164 57 1
1079 0 1156 18 1
902 0 979 25 1
899 26 980 66 1
823 0 898 28 1
825 27 894 64 1
643 19 717 59 1
651 0 723 17 1
550 0 624 19 1
554 21 629 60 1
364 0 437 26 1
274 0 346 31 1
284 33 359 73 1
373 32 450 70 1
143 0 183 36 1
146 44 186 121 1
