326 85 454 139 1
479 85 601 138 1
467 149 592 206 1
321 150 451 203 1
460 332 588 389 1
452 396 579 447 1
732 214 846 267 1
852 274 975 324 1
854 332 971 382 1
860 382 971 432 1
849 437 970 490 1
835 492 957 546 1
844 550 965 602 1
711 545 835 605 1
721 611 835 660 1
847 607 961 659 1
470 212 596 268 1
318 336 432 380 1
316 453 437 507 1
469 518 591 574 1
464 583 581 636 1
461 640 571 693 1
313 584 422 632 1
729 97 853 150 1
854 101 968 157 1
854 162 969 215 1
732 156 848 208 1
844 225 954 273 1
803 665 921 719 1
0 0 118 31 1
0 86 33 137 1
0 141 29 195 1
51 210 172 260 1
51 264 163 314 1
21 448 167 501 1
24 512 156 561 1
25 638 165 698 1
1084 116 1187 169 1
1196 119 1279 178 1
1088 171 1192 221 1
1202 182 1279 233 1
1196 235 1279 282 1
1089 229 1191 277 1
1097 284 1194 336 1
1210 285 1279 334 1
1205 336 1279 383 1
1191 390 1279 440 1
1204 447 1279 493 1
1068 440 1191 493 1
1078 498 1193 551 1
1198 499 1279 550 1
1192 553 1279 605 1
1074 553 1192 603 1
1194 608 1279 665 1
1190 663 1279 719 1
1085 663 1191 719 1
