790 319 904 372 1
794 268 901 315 1
658 267 771 329 1
407 262 522 317 1
786 188 896 244 1
648 217 764 267 1
655 158 771 216 1
389 206 511 260 1
405 153 514 206 1
918 528 985 643 1
798 487 912 550 1
668 491 783 551 1
687 439 779 491 1
665 376 774 433 1
649 332 774 380 1
653 105 765 157 1
780 71 880 120 1
775 15 873 67 1
637 1 742 58 1
649 55 761 111 1
409 101 501 153 1
395 48 508 104 1
393 0 510 44 1
279 0 383 22 1
278 65 387 122 1
281 119 394 181 1
283 331 401 393 1
408 322 526 377 1
406 392 525 446 1
429 455 525 507 1
414 513 543 577 1
298 468 414 523 1
295 525 415 580 1
37 32 158 88 1
0 39 39 95 1
41 92 158 138 1
46 143 164 192 1
0 145 36 199 1
41 188 160 244 1
0 255 48 308 1
25 298 159 350 1
46 356 167 410 1
56 471 188 534 1
0 479 59 534 1
0 546 57 605 1
71 536 186 591 1
0 0 36 41 1
