979 596 1045 689 1
867 595 936 686 1
817 598 882 687 1
645 588 717 696 1
591 605 649 697 1
539 603 598 688 1
478 606 540 697 1
370 602 430 685 1
322 588 376 685 1
263 597 322 688 1
216 589 277 675 1
169 579 226 667 1
1255 593 1279 671 1
1178 423 1234 508 1
1130 413 1184 506 1
1040 418 1094 502 1
807 415 863 505 1
749 410 805 500 1
707 411 761 505 1
658 411 715 503 1
455 410 506 494 1
406 416 460 507 1
361 413 409 492 1
285 304 335 404 1
287 207 334 296 1
347 198 393 295 1
400 194 439 278 1
451 198 493 291 1
504 203 545 301 1
553 196 592 292 1
604 204 649 297 1
653 202 694 295 1
704 204 745 296 1
748 198 790 294 1
798 217 837 310 1
846 201 889 296 1
896 209 936 298 1
940 212 980 301 1
987 217 1043 319 1
1036 215 1074 305 1
1076 222 1116 301 1
1118 213 1161 311 1
1167 229 1215 319 1
1212 218 1256 303 1
1256 220 1279 306 1
1160 32 1244 80 1
1256 39 1279 85 1
743 11 832 59 1
574 4 659 49 1
461 4 555 46 1
337 5 433 49 1
112 5 212 53 1
14 2 119 49 1
