415 259 480 324 1
516 419 589 492 1
295 118 365 186 1
385 290 452 360 1
174 530 241 598 1
140 555 212 625 1
116 591 187 654 1
581 468 644 536 1
612 499 676 556 1
646 513 719 582 1
677 552 741 605 1
705 571 776 637 1
231 179 297 240 1
192 200 273 276 1
170 234 243 306 1
147 264 221 329 1
117 291 194 361 1
98 325 169 392 1
266 147 333 212 1
343 59 412 126 1
376 37 443 100 1
734 603 798 664 1
768 630 830 693 1
789 655 851 715 1
824 667 890 719 1
859 700 903 719 1
487 606 555 675 1
416 544 482 610 1
396 579 461 645 1
453 637 522 702 1
432 666 497 719 1
402 693 458 719 1
367 604 433 672 1
331 629 401 697 1
313 661 380 719 1
287 688 337 719 1
205 507 270 571 1
232 478 297 542 1
253 445 325 517 1
279 418 351 487 1
69 356 138 425 1
28 375 103 444 1
4 408 83 476 1
0 432 52 503 1
0 482 20 531 1
96 625 165 691 1
65 652 138 719 1
37 685 101 719 1
548 393 620 465 1
582 369 651 443 1
608 338 675 409 1
635 301 699 365 1
666 282 727 342 1
697 256 757 316 1
713 221 780 281 1
744 194 808 256 1
765 162 834 229 1
784 123 851 191 1
824 111 887 174 1
840 76 910 136 1
865 50 934 108 1
892 20 961 84 1
916 0 989 48 1
683 0 755 43 1
662 2 726 70 1
636 33 704 98 1
440 226 506 296 1
466 196 537 268 1
488 164 562 235 1
521 138 585 202 1
556 119 625 184 1
586 88 653 158 1
607 57 675 127 1
476 0 520 16 1
428 0 495 46 1
403 2 468 72 1
