847 470 906 554 1
798 485 836 568 1
785 692 826 719 1
795 378 832 456 1
803 282 842 362 1
808 178 846 258 1
820 0 857 32 1
598 420 663 457 1
584 541 663 584 1
578 664 651 703 1
587 252 663 292 1
603 210 676 247 1
611 128 681 168 1
626 93 681 125 1
603 47 672 84 1
593 3 669 42 1
429 79 502 129 1
431 121 507 176 1
411 381 489 428 1
404 460 491 514 1
246 411 332 473 1
250 471 327 520 1
246 515 327 569 1
239 565 324 622 1
235 606 316 670 1
230 651 313 708 1
250 369 332 420 1
246 311 328 373 1
252 275 331 329 1
259 232 338 282 1
254 185 338 236 1
262 127 337 181 1
259 84 341 137 1
264 40 350 95 1
261 0 343 41 1
