852 0 890 30 1
852 42 887 123 1
854 143 894 228 1
852 254 888 339 1
850 357 887 440 1
842 473 876 556 1
1050 449 1120 489 1
655 84 719 121 1
644 205 723 245 1
644 328 717 366 1
647 373 719 407 1
646 413 722 447 1
645 454 722 488 1
642 494 719 528 1
641 534 720 572 1
635 576 716 613 1
635 617 712 655 1
632 659 711 695 1
632 699 711 719 1
465 45 544 95 1
463 124 547 184 1
460 420 540 477 1
460 636 532 685 1
456 678 536 719 1
306 0 383 45 1
306 41 387 88 1
308 86 386 140 1
305 140 385 189 1
301 184 386 241 1
304 233 384 291 1
294 275 379 333 1
289 320 377 376 1
300 373 383 429 1
307 430 374 473 1
294 476 371 525 1
292 527 362 569 1
296 571 369 620 1
302 623 373 666 1
294 662 364 713 1
