756 652 862 719 1
775 608 843 670 1
744 531 834 604 1
707 458 812 535 1
688 379 793 465 1
702 324 794 396 1
688 254 795 338 1
696 201 783 274 1
540 671 642 718 1
522 570 624 618 1
514 465 622 513 1
504 417 618 464 1
499 356 610 407 1
493 308 606 354 1
500 254 608 305 1
493 203 601 250 1
489 149 591 196 1
288 631 400 691 1
175 642 289 694 1
231 690 333 719 1
0 653 69 706 1
0 498 57 550 1
173 535 282 590 1
282 537 395 582 1
280 475 383 529 1
166 485 269 539 1
161 441 264 484 1
281 433 370 474 1
258 374 373 430 1
270 321 366 372 1
157 330 265 374 1
149 384 253 433 1
266 282 356 321 1
252 226 370 273 1
257 167 375 217 1
142 172 250 227 1
102 87 231 141 1
140 229 252 288 1
157 280 266 328 1
0 300 50 346 1
0 449 57 495 1
0 402 51 446 1
0 239 48 292 1
0 188 47 234 1
