642 338 720 374 1
928 493 993 526 1
928 453 995 485 1
924 412 999 446 1
917 370 989 407 1
833 373 906 409 1
915 334 990 365 1
827 331 904 369 1
372 584 448 619 1
365 542 444 578 1
833 414 912 454 1
836 457 910 492 1
833 498 915 534 1
844 538 923 572 1
927 533 1004 568 1
929 571 993 605 1
843 575 926 612 1
929 610 1010 647 1
843 615 924 651 1
843 653 924 691 1
937 651 1005 688 1
641 379 721 414 1
552 380 627 419 1
552 422 632 457 1
650 419 729 456 1
555 464 630 498 1
649 462 727 496 1
646 500 724 537 1
549 501 630 537 1
648 541 723 576 1
552 545 628 580 1
650 582 729 619 1
657 623 735 659 1
660 662 738 696 1
567 586 634 621 1
563 622 641 662 1
565 667 643 701 1
359 258 429 296 1
365 300 439 338 1
361 340 439 377 1
367 380 439 418 1
367 421 443 456 1
357 462 430 495 1
363 500 449 536 1
376 623 443 657 1
378 664 450 700 1
273 464 352 500 1
273 504 344 538 1
277 545 353 580 1
276 586 352 620 1
280 628 358 660 1
276 666 348 701 1
829 293 907 331 1
910 292 985 330 1
1116 645 1195 680 1
1120 523 1201 561 1
1120 566 1203 602 1
1118 682 1195 719 1
1117 604 1197 637 1
1125 489 1187 520 1
1119 449 1196 482 1
1112 410 1191 448 1
1105 368 1185 406 1
1107 329 1182 364 1
1103 289 1180 326 1
1104 252 1177 288 1
1100 210 1185 249 1
1098 177 1168 211 1
1093 141 1166 174 1
1091 99 1173 137 1
1089 60 1175 100 1
1084 26 1164 60 1
1084 0 1164 25 1
548 340 621 373 1
640 295 718 333 1
545 299 621 334 1
642 257 709 291 1
826 251 900 288 1
909 250 985 288 1
910 213 983 249 1
826 213 892 249 1
544 258 618 294 1
275 423 349 459 1
272 382 344 416 1
277 340 354 379 1
275 297 349 337 1
272 263 340 299 1
268 223 343 260 1
353 222 427 257 1
377 700 457 719 1
278 704 356 719 1
562 703 650 719 1
656 701 736 719 1
846 693 927 719 1
934 689 1017 719 1
551 220 612 256 1
641 214 713 254 1
822 174 898 211 1
910 172 986 210 1
640 176 720 215 1
550 176 628 212 1
546 138 624 177 1
640 137 704 173 1
634 97 711 132 1
552 101 627 136 1
538 59 615 97 1
629 60 699 98 1
631 24 708 60 1
631 0 704 22 1
543 0 623 24 1
548 25 614 57 1
448 70 482 149 1
353 180 434 219 1
351 142 423 179 1
263 183 331 221 1
265 144 344 182 1
268 107 335 143 1
354 105 427 142 1
356 67 429 102 1
272 73 343 106 1
362 28 435 66 1
272 32 344 71 1
276 0 352 32 1
366 0 441 27 1
126 646 169 719 1
129 557 169 633 1
128 460 169 538 1
127 369 168 450 1
133 273 171 356 1
129 174 170 252 1
137 83 176 158 1
134 0 173 63 1
907 135 970 170 1
903 96 976 135 1
821 135 900 173 1
819 100 897 133 1
827 64 889 98 1
905 60 975 96 1
814 25 885 64 1
809 0 886 25 1
894 0 971 23 1
