657 425 694 505 1
615 425 650 511 1
527 435 565 517 1
572 427 606 502 1
743 159 779 239 1
705 246 741 330 1
658 154 696 236 1
617 159 651 236 1
529 148 564 236 1
616 247 655 327 1
576 251 612 327 1
532 247 571 332 1
489 239 525 327 1
450 240 487 315 1
665 243 700 326 1
704 154 738 238 1
446 152 483 232 1
403 151 439 221 1
361 151 396 230 1
486 156 522 225 1
574 148 612 236 1
790 68 869 105 1
151 10 235 52 1
154 130 238 170 1
155 189 242 228 1
147 249 231 288 1
869 428 904 509 1
828 425 865 502 1
784 433 821 509 1
745 435 780 509 1
702 430 737 513 1
787 164 822 240 1
826 159 865 242 1
868 160 904 235 1
745 243 782 329 1
790 256 827 333 1
831 255 864 325 1
868 250 904 327 1
906 161 944 238 1
947 158 982 232 1
984 170 1020 238 1
1021 171 1061 249 1
1061 168 1098 244 1
1099 168 1135 248 1
1138 173 1174 253 1
1176 173 1214 251 1
1213 179 1249 249 1
1249 178 1279 251 1
1245 262 1279 331 1
1211 256 1248 332 1
1174 257 1213 335 1
1139 259 1177 331 1
1101 261 1138 340 1
1063 253 1102 334 1
1022 257 1061 332 1
985 254 1022 327 1
947 251 981 330 1
909 250 948 329 1
363 0 400 51 1
408 0 446 46 1
449 0 484 50 1
495 0 527 55 1
535 0 567 52 1
578 0 612 55 1
620 0 654 53 1
662 0 697 50 1
703 0 739 53 1
743 0 776 53 1
781 0 821 61 1
825 0 861 60 1
864 0 904 61 1
904 0 944 64 1
946 0 978 58 1
980 0 1016 70 1
1019 0 1054 72 1
1057 0 1097 76 1
1097 0 1136 70 1
1136 0 1174 70 1
1174 0 1213 71 1
1214 0 1248 78 1
1249 0 1279 78 1
908 425 945 502 1
945 428 981 508 1
983 433 1018 507 1
1022 429 1056 508 1
1062 422 1100 499 1
1099 430 1130 505 1
1133 431 1173 507 1
1174 429 1210 508 1
1210 430 1253 508 1
1250 429 1279 503 1
