487 182 542 300 1
550 188 602 302 1
621 192 677 314 1
681 194 738 316 1
682 523 734 634 1
617 528 671 659 1
553 532 604 654 1
487 533 540 657 1
422 526 477 651 1
749 533 805 659 1
813 531 865 657 1
877 524 932 650 1
1002 517 1061 651 1
1120 541 1188 673 1
358 535 416 659 1
291 530 347 661 1
232 530 286 646 1
173 535 229 648 1
100 524 168 649 1
44 546 107 648 1
0 531 50 652 1
1118 188 1180 299 1
1233 185 1279 302 1
1056 184 1117 312 1
1000 193 1056 294 1
940 198 996 321 1
873 192 929 305 1
805 182 861 316 1
746 188 799 315 1
425 181 482 297 1
364 180 415 300 1
293 174 358 302 1
237 194 291 304 1
175 186 237 310 1
110 197 173 318 1
51 201 115 319 1
0 191 59 310 1
