571 294 631 389 1
675 289 738 395 1
737 296 792 396 1
612 75 653 167 1
661 67 707 174 1
719 80 765 181 1
773 70 813 164 1
941 302 1004 396 1
993 295 1055 394 1
1094 311 1151 401 1
1146 305 1203 399 1
1191 295 1253 388 1
1236 289 1275 390 1
1069 82 1114 175 1
1020 75 1066 174 1
821 70 862 165 1
562 73 606 170 1
503 73 552 186 1
454 73 497 173 1
408 69 447 166 1
352 65 398 165 1
302 84 346 180 1
251 66 298 168 1
203 75 248 170 1
146 72 199 174 1
96 74 149 175 1
43 69 99 169 1
808 483 890 587 1
868 495 933 587 1
989 490 1061 583 1
1041 490 1115 585 1
1102 480 1182 576 1
1150 498 1221 584 1
1212 492 1275 586 1
872 92 915 150 1
0 78 47 181 1
306 295 371 391 1
247 288 312 385 1
206 293 265 389 1
153 291 219 388 1
39 493 100 585 1
0 498 39 601 1
145 483 221 585 1
93 495 152 585 1
327 491 392 585 1
382 488 452 588 1
506 495 572 592 1
1117 100 1162 175 1
1167 88 1217 174 1
1214 89 1267 184 1
1269 84 1279 183 1
921 75 967 165 1
970 86 1016 170 1
