981 660 1072 717 1
964 621 1051 671 1
952 581 1035 628 1
949 534 1027 585 1
924 499 1009 550 1
911 459 992 512 1
895 422 969 470 1
882 381 961 430 1
868 345 940 389 1
860 308 931 352 1
848 262 928 317 1
837 222 922 272 1
806 193 881 240 1
822 142 900 192 1
784 113 857 160 1
779 74 852 125 1
768 39 849 90 1
756 3 833 51 1
556 9 624 69 1
561 61 633 109 1
575 93 645 145 1
583 133 657 182 1
598 167 671 218 1
615 207 691 256 1
627 245 699 293 1
637 286 709 332 1
645 325 718 374 1
657 361 736 412 1
674 401 753 451 1
679 444 758 494 1
688 480 768 533 1
704 521 783 573 1
717 562 798 618 1
723 605 811 656 1
734 646 822 699 1
747 697 823 719 1
321 13 393 60 1
343 47 416 96 1
349 86 429 138 1
353 124 423 177 1
360 165 433 215 1
379 201 442 244 1
381 248 445 288 1
387 279 462 325 1
403 320 469 367 1
420 351 494 396 1
434 388 510 431 1
438 430 513 479 1
451 474 520 516 1
455 510 534 558 1
467 554 546 598 1
481 591 561 639 1
497 629 577 682 1
510 670 589 719 1
632 14 674 83 1
651 85 696 156 1
683 156 729 235 1
708 235 755 319 1
733 322 780 401 1
759 403 802 465 1
783 470 829 551 1
808 552 858 630 1
837 634 887 717 1
