850 0 887 27 1
847 39 884 120 1
851 140 889 228 1
847 253 882 338 1
840 356 878 439 1
833 469 868 551 1
1038 450 1111 488 1
650 82 716 120 1
640 204 717 244 1
634 326 709 362 1
642 367 714 404 1
641 409 716 441 1
640 448 715 484 1
635 490 713 524 1
633 530 712 566 1
626 573 708 608 1
626 614 706 650 1
623 653 704 690 1
623 695 701 719 1
463 40 542 94 1
462 121 546 179 1
457 416 535 469 1
453 631 527 680 1
451 671 527 719 1
286 654 358 706 1
298 610 367 656 1
296 558 363 613 1
287 515 359 563 1
290 464 365 520 1
305 420 368 471 1
299 367 377 421 1
288 311 371 374 1
293 269 374 327 1
299 224 380 286 1
296 176 385 234 1
302 134 381 182 1
313 79 387 137 1
304 33 384 86 1
300 0 382 35 1
