211 114 277 147 1
275 115 342 147 1
427 112 499 143 1
515 111 584 144 1
597 113 659 145 1
711 118 778 150 1
1007 129 1069 161 1
1076 135 1138 164 1
1249 136 1279 168 1
397 254 430 320 1
395 321 430 394 1
439 248 470 317 1
475 248 504 303 1
510 248 541 312 1
548 251 578 318 1
583 247 613 315 1
617 253 649 318 1
653 250 679 318 1
687 251 716 318 1
721 249 747 316 1
752 260 781 324 1
786 252 817 317 1
821 254 851 321 1
852 258 882 323 1
887 261 926 331 1
922 257 949 323 1
950 261 979 318 1
982 254 1010 329 1
1015 267 1047 334 1
1047 261 1074 321 1
1077 261 1106 323 1
1109 273 1139 310 1
1139 260 1169 322 1
1171 269 1202 325 1
1198 262 1233 326 1
1234 266 1264 328 1
1263 276 1279 326 1
1241 412 1279 472 1
1177 403 1222 467 1
1148 409 1188 467 1
1023 403 1061 464 1
989 398 1028 463 1
923 401 965 463 1
760 400 800 463 1
720 395 761 460 1
691 397 729 463 1
655 396 694 460 1
514 397 551 457 1
480 400 521 466 1
450 397 482 454 1
1250 522 1279 583 1
1208 525 1260 592 1
1171 528 1229 591 1
1100 528 1146 585 1
1067 519 1124 587 1
880 529 930 590 1
803 525 852 591 1
768 529 813 589 1
648 520 699 597 1
612 530 651 594 1
573 530 614 593 1
530 532 574 597 1
454 532 499 591 1
419 520 459 591 1
380 529 421 590 1
345 522 389 586 1
313 514 355 575 1
