778 373 816 455 1
827 190 861 266 1
785 188 819 263 1
620 382 653 459 1
621 475 656 554 1
581 389 612 466 1
578 474 612 549 1
540 476 573 552 1
539 387 575 462 1
621 196 656 275 1
820 375 857 453 1
858 385 895 466 1
771 471 849 506 1
772 510 852 546 1
776 551 856 585 1
778 589 860 624 1
773 626 850 665 1
771 669 853 705 1
774 709 857 719 1
897 380 934 455 1
938 374 973 450 1
973 383 1008 451 1
1008 388 1041 462 1
1043 375 1077 454 1
1079 381 1112 453 1
1112 374 1150 449 1
1151 363 1191 435 1
1189 379 1223 451 1
1220 369 1257 449 1
1257 369 1279 444 1
863 187 896 263 1
902 186 938 267 1
938 183 974 263 1
976 189 1008 259 1
1010 201 1047 274 1
1045 201 1083 274 1
1081 196 1117 270 1
1118 199 1154 270 1
1156 199 1192 269 1
1192 200 1225 271 1
1224 196 1262 270 1
1260 200 1279 272 1
1239 35 1279 110 1
1203 33 1244 111 1
1169 37 1209 104 1
1128 27 1166 92 1
1092 19 1129 91 1
1060 16 1092 90 1
1022 9 1063 94 1
987 17 1022 93 1
949 19 984 91 1
910 8 947 85 1
802 11 837 83 1
842 14 876 90 1
759 3 792 73 1
719 0 755 78 1
679 0 715 76 1
642 0 677 75 1
604 0 639 74 1
564 0 597 79 1
518 3 553 78 1
481 0 515 66 1
441 0 475 72 1
401 0 436 70 1
358 0 395 63 1
316 0 349 63 1
279 0 311 66 1
240 0 276 72 1
200 10 238 81 1
156 0 195 74 1
116 6 155 81 1
74 0 115 72 1
582 195 616 277 1
540 199 576 272 1
498 200 534 276 1
459 190 495 268 1
420 186 457 264 1
377 194 412 265 1
335 202 371 277 1
297 198 332 275 1
214 201 251 280 1
256 200 291 276 1
171 196 211 279 1
133 201 172 277 1
97 204 133 280 1
53 200 95 281 1
12 196 53 278 1
495 378 529 456 1
499 473 532 547 1
457 385 491 462 1
415 384 450 461 1
458 473 493 551 1
415 476 447 550 1
374 382 410 462 1
375 467 410 547 1
335 385 369 457 1
333 463 369 540 1
295 380 329 452 1
294 469 332 547 1
256 382 291 455 1
255 474 292 547 1
212 380 249 458 1
171 381 211 465 1
136 385 172 462 1
93 383 133 462 1
55 384 94 460 1
218 472 252 547 1
174 471 214 550 1
133 470 171 550 1
90 470 130 550 1
49 472 89 547 1
617 665 650 719 1
574 670 609 719 1
534 671 568 719 1
492 667 529 719 1
453 661 490 719 1
414 658 449 719 1
369 674 406 719 1
329 664 365 719 1
294 667 327 719 1
249 658 287 719 1
209 652 247 719 1
169 659 206 719 1
127 658 168 719 1
84 664 124 719 1
0 203 14 280 1
9 385 54 466 1
0 393 8 466 1
0 480 9 553 1
9 475 48 556 1
0 669 38 719 1
38 660 83 719 1
