753 247 824 317 1
414 206 472 267 1
695 305 762 375 1
759 365 829 433 1
662 333 734 406 1
730 396 802 465 1
632 364 704 434 1
607 396 680 468 1
316 290 385 358 1
292 321 363 395 1
698 423 772 494 1
674 457 741 521 1
383 355 456 419 1
643 487 709 551 1
613 515 682 582 1
480 269 540 333 1
441 173 509 243 1
504 236 574 307 1
530 202 601 275 1
561 173 629 240 1
584 140 655 211 1
470 140 541 210 1
505 117 564 178 1
522 84 589 151 1
648 83 724 158 1
252 96 324 162 1
226 128 295 193 1
192 156 267 225 1
158 182 233 250 1
98 247 182 319 1
114 500 180 568 1
409 318 478 386 1
442 291 514 364 1
824 540 893 611 1
812 306 878 374 1
787 333 855 404 1
725 273 796 345 1
585 540 650 610 1
515 480 584 549 1
541 447 610 516 1
580 426 639 485 1
281 64 359 139 1
363 0 434 57 1
399 0 465 34 1
61 284 141 355 1
128 206 200 279 1
621 115 692 185 1
555 57 631 128 1
582 29 657 98 1
357 386 428 455 1
320 408 391 478 1
291 437 367 512 1
267 475 334 540 1
236 498 307 567 1
143 473 212 542 1
173 442 238 505 1
196 409 270 478 1
229 378 297 447 1
260 351 326 418 1
346 262 418 333 1
379 231 442 300 1
76 526 152 597 1
209 532 279 598 1
176 557 253 632 1
152 592 225 661 1
116 619 196 690 1
86 652 170 719 1
43 680 127 719 1
0 657 37 719 1
0 617 63 696 1
0 529 35 586 1
29 590 104 664 1
49 554 121 628 1
509 327 583 404 1
21 332 100 399 1
613 6 676 69 1
638 0 705 41 1
681 60 749 133 1
704 36 774 104 1
723 0 799 70 1
759 0 828 47 1
810 0 855 23 1
486 511 555 580 1
554 573 622 640 1
529 607 594 668 1
504 634 568 700 1
457 542 530 617 1
434 576 498 640 1
464 660 537 719 1
436 691 492 719 1
401 602 472 673 1
369 627 444 701 1
342 657 414 719 1
315 693 365 719 1
283 712 313 719 1
680 692 733 719 1
708 663 775 719 1
739 637 808 707 1
771 610 838 678 1
794 578 865 651 1
855 519 920 588 1
884 490 953 562 1
911 460 980 529 1
938 429 1011 501 1
964 402 1029 468 1
995 380 1054 438 1
1012 343 1083 412 1
781 218 851 286 1
846 281 908 342 1
805 188 876 256 1
831 162 898 229 1
869 245 934 312 1
898 223 959 284 1
922 191 989 263 1
862 131 930 200 1
889 107 955 173 1
946 164 1019 237 1
915 78 981 147 1
973 136 1038 201 1
1003 111 1069 180 1
1028 90 1092 149 1
939 51 1008 119 1
966 29 1034 96 1
1055 63 1117 123 1
1077 28 1138 95 1
1101 6 1162 71 1
1124 0 1192 48 1
1173 0 1224 26 1
1016 0 1083 42 1
994 2 1067 69 1
1039 314 1106 380 1
1064 286 1133 353 1
1094 262 1157 326 1
1114 234 1180 299 1
1141 210 1210 277 1
1164 183 1237 247 1
1191 153 1263 218 1
1213 124 1279 197 1
1239 101 1279 153 1
1262 73 1279 115 1
