609 366 650 461 1
654 362 699 459 1
840 113 887 203 1
794 101 841 195 1
749 94 789 181 1
702 84 742 177 1
658 94 697 185 1
605 98 645 199 1
560 359 605 453 1
509 367 554 460 1
151 267 247 308 1
891 103 931 191 1
759 616 797 702 1
615 631 654 706 1
473 619 515 706 1
423 618 464 706 1
149 410 246 448 1
166 604 253 646 1
150 219 244 263 1
164 316 247 354 1
155 364 247 404 1
149 457 246 499 1
162 507 248 543 1
160 554 254 596 1
980 101 1023 196 1
1024 100 1071 180 1
1106 101 1160 182 1
1196 93 1245 182 1
1212 355 1259 438 1
1165 350 1214 447 1
1121 355 1167 447 1
1080 359 1123 448 1
1036 358 1084 446 1
990 356 1031 441 1
943 353 986 443 1
895 351 945 440 1
854 351 893 442 1
803 347 848 443 1
756 360 797 448 1
709 355 750 452 1
1130 603 1177 701 1
1175 599 1223 696 1
1223 594 1272 694 1
1039 602 1082 699 1
1085 598 1127 681 1
995 606 1035 697 1
950 610 992 699 1
903 605 945 697 1
857 615 898 708 1
805 615 846 712 1
570 621 609 713 1
520 611 562 699 1
664 617 705 710 1
714 621 753 712 1
1242 100 1279 189 1
1019 249 1113 294 1
