629 476 700 512 1
627 522 701 553 1
815 689 891 718 1
907 644 981 680 1
820 647 883 680 1
909 603 980 639 1
814 568 884 600 1
815 606 896 640 1
822 444 884 476 1
913 687 984 718 1
904 526 976 561 1
913 563 987 598 1
808 528 890 563 1
816 484 887 520 1
621 434 698 473 1
617 396 692 431 1
622 356 698 392 1
631 316 703 350 1
626 273 703 311 1
627 234 699 270 1
630 194 704 229 1
542 190 617 228 1
532 233 607 269 1
539 271 616 309 1
538 313 609 350 1
534 354 611 389 1
538 394 611 428 1
531 434 607 470 1
535 475 606 509 1
534 518 609 552 1
533 558 616 594 1
625 559 703 593 1
625 602 703 635 1
539 597 616 634 1
624 643 702 678 1
535 638 613 677 1
623 684 699 717 1
536 678 611 711 1
923 448 990 483 1
921 408 999 445 1
822 408 896 442 1
919 370 993 403 1
829 366 902 399 1
813 320 888 354 1
353 674 432 710 1
355 634 433 670 1
353 594 430 633 1
350 554 430 593 1
354 516 431 547 1
353 475 429 508 1
351 433 428 468 1
356 393 430 427 1
349 349 419 385 1
342 308 420 343 1
348 268 423 304 1
358 230 432 266 1
360 190 432 228 1
356 148 435 189 1
161 131 239 169 1
166 172 242 207 1
166 213 241 251 1
149 252 227 286 1
154 292 232 328 1
148 329 229 366 1
144 374 223 407 1
145 414 220 449 1
151 491 227 523 1
171 530 239 563 1
147 571 230 605 1
162 613 236 646 1
142 652 223 688 1
137 691 233 719 1
357 109 434 149 1
536 112 611 149 1
544 153 618 187 1
627 154 702 190 1
629 113 705 150 1
919 283 990 319 1
914 244 990 282 1
817 279 897 314 1
823 238 903 275 1
908 204 982 239 1
824 200 901 235 1
824 160 898 195 1
906 159 973 196 1
903 123 967 156 1
818 123 896 157 1
1086 525 1169 559 1
1087 485 1162 521 1
1097 443 1177 478 1
1099 404 1177 436 1
1100 364 1171 399 1
1089 325 1167 361 1
1083 289 1160 321 1
1084 247 1158 282 1
1083 211 1158 247 1
1090 172 1166 210 1
1081 131 1157 170 1
1090 92 1167 131 1
1090 54 1161 93 1
1087 13 1170 52 1
352 712 432 719 1
162 94 240 130 1
160 55 241 91 1
154 18 241 55 1
169 0 239 19 1
