646 329 726 366 1
656 370 731 408 1
656 409 737 445 1
563 409 640 447 1
561 368 638 406 1
566 332 631 367 1
377 371 443 407 1
377 411 449 448 1
284 374 357 411 1
653 451 733 487 1
659 495 738 531 1
563 454 644 489 1
573 492 648 526 1
561 531 645 567 1
675 533 739 568 1
662 572 741 611 1
555 570 637 612 1
277 417 349 453 1
276 456 356 491 1
374 452 452 486 1
362 491 441 531 1
374 533 455 569 1
287 538 366 574 1
277 497 358 530 1
288 582 365 614 1
842 489 921 524 1
843 529 921 569 1
853 574 932 610 1
933 529 1012 564 1
936 568 1014 606 1
1126 599 1200 635 1
1129 641 1202 676 1
1126 680 1201 715 1
847 448 927 482 1
936 484 1014 516 1
935 442 1015 480 1
935 403 1005 441 1
842 403 923 441 1
926 362 1009 399 1
843 366 922 401 1
840 326 924 365 1
925 324 989 357 1
925 288 1001 323 1
842 287 920 325 1
829 251 909 286 1
923 249 989 284 1
1124 522 1213 557 1
1128 561 1207 592 1
647 290 723 325 1
646 248 723 286 1
554 290 627 326 1
549 247 629 289 1
651 211 725 246 1
557 212 630 247 1
555 172 632 209 1
371 334 448 369 1
278 335 357 371 1
366 292 443 329 1
281 293 356 330 1
275 257 346 290 1
365 247 451 289 1
360 213 433 246 1
278 215 356 254 1
280 178 356 215 1
699 654 777 695 1
1125 481 1204 516 1
1116 442 1189 477 1
1115 401 1191 435 1
1112 363 1191 396 1
1116 323 1196 360 1
1113 284 1195 319 1
1117 248 1183 282 1
1114 208 1189 243 1
1106 172 1185 208 1
1099 131 1179 169 1
1100 90 1174 129 1
1095 54 1175 90 1
1096 17 1169 55 1
1090 0 1174 15 1
925 209 993 245 1
832 206 907 242 1
918 164 993 205 1
828 167 908 205 1
648 168 726 206 1
368 172 442 208 1
129 400 170 474 1
133 314 172 384 1
131 215 174 293 1
132 129 173 206 1
140 38 180 117 1
139 0 177 17 1
912 128 983 164 1
830 128 900 162 1
823 87 901 126 1
910 89 986 127 1
907 52 981 86 1
902 14 976 51 1
903 0 976 16 1
819 0 883 14 1
820 16 891 51 1
640 129 720 167 1
554 131 627 169 1
551 92 623 130 1
641 92 719 128 1
639 52 715 89 1
547 54 621 92 1
546 18 619 54 1
641 17 706 52 1
640 0 710 15 1
552 0 615 18 1
370 131 440 170 1
279 136 350 174 1
283 96 359 137 1
365 93 442 130 1
368 56 443 92 1
365 18 434 55 1
362 0 429 18 1
277 0 349 25 1
278 24 344 60 1
280 57 354 95 1
