650 301 686 378 1
609 299 646 380 1
605 494 640 567 1
564 490 599 567 1
646 484 679 561 1
643 579 678 658 1
599 576 634 651 1
561 577 595 655 1
522 478 556 557 1
569 302 605 378 1
529 302 563 379 1
482 572 514 650 1
523 575 555 646 1
485 486 517 564 1
798 655 875 691 1
794 615 870 650 1
794 577 872 613 1
490 291 525 370 1
449 287 487 369 1
408 295 445 367 1
328 297 365 377 1
291 298 324 376 1
250 299 287 377 1
208 295 247 373 1
173 300 213 375 1
137 301 176 376 1
101 297 138 376 1
61 293 101 371 1
26 299 65 372 1
1 297 28 362 1
442 484 478 558 1
401 480 437 558 1
363 483 396 556 1
323 474 358 550 1
439 574 471 649 1
399 564 435 643 1
360 558 392 635 1
319 565 358 641 1
285 477 322 550 1
283 569 318 641 1
244 565 278 639 1
243 475 280 552 1
203 474 243 558 1
169 477 204 556 1
128 476 168 554 1
95 474 131 547 1
50 473 94 553 1
16 481 54 554 1
205 560 241 639 1
165 561 204 640 1
123 559 163 639 1
85 557 124 636 1
9 567 46 640 1
128 98 171 166 1
166 109 202 183 1
202 99 240 175 1
244 119 279 185 1
281 99 316 170 1
317 107 350 176 1
354 91 390 164 1
393 90 429 165 1
435 93 474 169 1
475 98 508 174 1
513 93 551 167 1
553 106 588 180 1
596 105 632 181 1
635 99 670 178 1
676 100 710 177 1
710 100 749 180 1
752 96 788 179 1
791 107 825 176 1
982 122 1019 194 1
1022 119 1058 195 1
1060 110 1097 194 1
1096 118 1129 191 1
1146 483 1188 558 1
1072 483 1110 561 1
1107 488 1147 564 1
1033 497 1073 566 1
998 490 1037 570 1
965 481 1001 562 1
924 487 958 563 1
883 492 921 568 1
844 481 882 560 1
802 478 842 559 1
931 291 968 372 1
892 291 929 366 1
857 294 890 369 1
813 293 849 366 1
0 100 14 169 1
72 0 162 31 1
14 104 47 177 1
47 93 85 170 1
87 94 125 177 1
947 112 981 187 1
835 112 870 185 1
875 115 910 194 1
1129 120 1169 192 1
1171 130 1206 195 1
1211 138 1252 206 1
1247 137 1279 214 1
368 303 405 377 1
969 288 1007 367 1
1009 293 1044 362 1
1045 307 1079 381 1
1081 306 1117 381 1
1119 298 1156 373 1
1155 304 1192 377 1
1195 303 1235 372 1
1231 305 1270 376 1
1271 302 1279 378 1
1191 472 1233 553 1
1230 490 1267 559 1
1258 480 1279 556 1
796 695 879 719 1
0 470 17 547 1
0 563 11 635 1
45 563 85 642 1
