847 344 893 411 1
807 364 856 437 1
768 368 816 453 1
727 370 776 450 1
687 378 735 458 1
655 400 697 468 1
606 404 649 469 1
569 410 618 491 1
532 431 579 496 1
495 449 544 525 1
456 465 506 540 1
415 466 463 545 1
373 478 420 552 1
329 490 380 569 1
287 500 337 582 1
246 517 298 598 1
199 534 258 613 1
161 547 214 627 1
120 573 171 641 1
66 568 132 654 1
21 579 83 665 1
0 594 35 674 1
838 579 890 660 1
791 581 843 662 1
757 597 805 674 1
718 606 765 687 1
681 624 726 704 1
642 642 690 719 1
602 654 648 719 1
562 665 607 719 1
518 676 561 719 1
744 675 814 719 1
820 655 887 701 1
