397 185 434 256 1
357 179 396 255 1
446 180 484 259 1
340 354 380 436 1
297 362 334 438 1
319 177 356 255 1
283 175 318 252 1
243 174 280 254 1
202 179 240 253 1
167 175 204 253 1
128 172 167 252 1
46 188 87 253 1
11 184 46 259 1
0 184 11 262 1
258 359 295 437 1
223 349 258 419 1
185 352 221 423 1
145 363 183 436 1
107 356 148 430 1
68 360 109 435 1
31 351 71 425 1
0 349 30 430 1
259 527 294 602 1
219 527 256 601 1
180 527 217 605 1
146 528 180 603 1
108 533 141 599 1
64 530 105 607 1
23 529 63 607 1
0 526 24 606 1
