1179 97 1267 211 1
1170 304 1262 405 1
1161 398 1274 491 1
1015 535 1113 625 1
909 449 1013 543 1
877 402 979 504 1
847 359 933 466 1
812 313 902 413 1
762 272 853 362 1
728 235 809 330 1
680 192 782 278 1
1120 261 1223 363 1
704 672 799 719 1
580 606 689 661 1
581 666 684 719 1
330 646 446 713 1
212 618 335 674 1
316 491 436 544 1
315 410 421 466 1
299 357 421 408 1
193 306 297 358 1
188 410 300 458 1
0 320 79 370 1
0 265 77 313 1
0 422 84 479 1
0 479 95 528 1
0 577 96 634 1
0 628 95 688 1
1049 171 1151 270 1
1003 136 1114 233 1
954 91 1062 195 1
922 48 1021 138 1
892 0 984 89 1
841 0 915 57 1
1024 0 1111 49 1
