808 471 864 583 1
872 473 927 590 1
921 479 976 596 1
395 426 449 539 1
752 461 808 576 1
1253 249 1279 362 1
1142 487 1198 593 1
1083 502 1139 615 1
1031 494 1087 604 1
979 494 1034 603 1
1124 640 1185 719 1
1068 623 1132 719 1
1014 617 1079 719 1
963 613 1020 714 1
907 618 962 713 1
849 613 906 719 1
788 630 842 719 1
734 589 794 707 1
679 585 736 693 1
625 585 676 681 1
564 575 618 683 1
508 567 557 677 1
443 565 496 668 1
387 569 440 669 1
323 539 379 646 1
213 534 273 651 1
692 464 746 571 1
636 464 691 573 1
573 454 633 566 1
513 442 566 558 1
454 435 510 549 1
338 412 396 535 1
1165 247 1220 340 1
1110 238 1168 351 1
1060 236 1114 325 1
1004 227 1057 318 1
896 209 954 318 1
840 196 892 308 1
783 197 835 300 1
724 184 780 302 1
