848 247 909 374 1
788 260 837 373 1
722 250 779 377 1
658 258 709 385 1
590 259 649 382 1
530 244 588 369 1
465 253 521 373 1
912 257 963 376 1
969 264 1026 375 1
1028 269 1082 383 1
1083 277 1141 385 1
1147 284 1207 396 1
1201 290 1265 402 1
1257 289 1279 405 1
1145 0 1208 51 1
1085 0 1144 71 1
971 0 1024 60 1
908 0 967 66 1
849 0 905 49 1
790 0 842 33 1
729 0 780 20 1
670 0 721 29 1
601 0 652 37 1
0 102 127 159 1
0 163 125 217 1
0 227 120 280 1
0 290 110 339 1
0 349 108 400 1
0 413 105 468 1
0 480 110 534 1
0 547 105 604 1
329 580 387 696 1
394 585 449 702 1
457 574 508 691 1
521 596 571 711 1
586 612 634 710 1
646 590 698 716 1
713 602 764 714 1
774 600 825 709 1
832 601 883 719 1
897 603 957 719 1
962 594 1016 715 1
1020 603 1076 716 1
1078 601 1133 719 1
1136 602 1199 719 1
1195 595 1256 705 1
1255 609 1279 719 1
1259 0 1279 66 1
