773 12 847 48 1
652 0 684 45 1
659 51 695 133 1
564 15 641 48 1
569 54 645 92 1
576 95 653 133 1
574 139 648 175 1
574 180 647 215 1
572 259 655 297 1
336 20 407 55 1
325 67 396 99 1
325 105 407 140 1
330 146 399 185 1
341 185 421 223 1
345 225 422 265 1
342 270 419 305 1
339 312 415 348 1
671 386 704 465 1
665 139 698 222 1
665 229 698 310 1
670 317 700 381 1
582 305 662 339 1
573 224 652 257 1
789 339 865 372 1
791 418 868 456 1
794 460 871 494 1
342 399 420 436 1
342 441 425 476 1
350 480 433 520 1
352 524 431 561 1
368 562 434 598 1
675 468 709 547 1
575 385 655 425 1
576 346 657 384 1
581 428 657 470 1
581 468 664 509 1
580 509 663 548 1
577 550 660 589 1
799 578 879 614 1
807 497 881 533 1
801 537 877 576 1
789 177 872 213 1
791 218 867 254 1
791 261 858 294 1
786 301 856 332 1
792 379 862 413 1
770 50 844 86 1
349 601 436 648 1
579 599 655 634 1
798 94 878 129 1
772 133 842 170 1
679 553 716 634 1
583 639 660 676 1
347 647 436 687 1
802 621 885 660 1
337 355 419 390 1
802 663 879 699 1
681 643 720 719 1
589 676 667 719 1
352 689 430 719 1
798 698 879 719 1
773 0 855 15 1
323 0 403 16 1
