643 242 680 326 1
596 416 629 497 1
677 413 713 496 1
718 423 752 487 1
725 237 759 316 1
682 238 716 317 1
642 155 675 225 1
680 149 715 223 1
722 155 753 226 1
601 246 632 316 1
601 150 634 227 1
559 239 594 316 1
515 230 550 314 1
561 144 594 223 1
516 143 552 222 1
476 140 512 210 1
434 140 469 222 1
477 239 510 319 1
432 234 469 316 1
554 413 590 495 1
636 415 672 498 1
760 428 792 493 1
798 418 833 487 1
834 417 869 496 1
870 415 907 488 1
908 422 948 499 1
761 153 794 232 1
762 235 794 314 1
801 235 839 316 1
798 158 836 233 1
840 152 879 233 1
841 239 875 316 1
879 248 916 316 1
880 156 915 232 1
917 167 953 240 1
916 244 953 320 1
954 247 990 324 1
957 161 993 237 1
992 168 1031 246 1
991 253 1029 328 1
1030 247 1067 322 1
1068 262 1102 326 1
1032 172 1062 239 1
1063 176 1099 250 1
1100 207 1137 282 1
953 425 988 498 1
987 427 1025 499 1
1026 418 1064 493 1
1066 428 1103 500 1
1042 510 1111 541 1
1047 546 1107 584 1
1045 589 1102 623 1
1034 623 1099 652 1
1258 471 1279 543 1
511 419 544 492 1
472 412 507 494 1
428 405 464 488 1
388 406 423 489 1
348 411 385 490 1
394 139 431 216 1
393 232 427 312 1
347 131 387 211 1
350 234 388 315 1
311 233 348 314 1
312 139 346 214 1
271 136 307 218 1
267 229 306 301 1
229 143 264 218 1
227 225 265 302 1
186 141 225 218 1
186 223 226 301 1
146 139 188 221 1
146 227 185 305 1
108 140 147 219 1
105 230 146 300 1
64 224 109 306 1
65 138 107 212 1
26 136 65 214 1
21 220 63 296 1
0 221 21 305 1
107 0 149 33 1
151 0 190 43 1
192 0 232 39 1
233 0 269 43 1
271 0 313 44 1
317 0 352 34 1
355 0 389 41 1
398 0 432 42 1
437 0 474 34 1
480 0 514 41 1
520 0 554 32 1
560 0 596 47 1
602 0 635 49 1
641 0 677 50 1
684 0 717 48 1
720 0 754 53 1
763 0 798 53 1
802 0 836 50 1
840 0 874 51 1
882 0 916 58 1
918 0 951 60 1
955 0 988 62 1
990 0 1027 65 1
1030 0 1067 72 1
1069 0 1104 67 1
1104 0 1137 28 1
1232 109 1279 185 1
1228 212 1268 283 1
1266 224 1279 286 1
1260 383 1279 458 1
1221 393 1258 465 1
305 405 344 485 1
226 403 266 486 1
269 406 304 484 1
186 403 226 482 1
140 403 185 482 1
101 403 141 481 1
66 398 104 475 1
0 396 24 476 1
18 400 64 476 1
1111 657 1149 719 1
1151 661 1187 719 1
1186 659 1225 719 1
1223 662 1258 719 1
1257 660 1279 719 1
18 400 64 476 1
