374 265 419 374 1
429 276 470 375 1
441 520 501 614 1
500 511 557 612 1
552 503 614 604 1
605 501 667 609 1
664 508 727 609 1
805 295 850 395 1
751 289 797 384 1
700 273 744 379 1
713 65 812 115 1
484 290 524 371 1
538 279 579 376 1
589 282 635 386 1
648 275 692 382 1
279 504 343 600 1
328 498 396 603 1
466 63 565 111 1
184 65 286 114 1
68 58 174 109 1
324 279 367 370 1
271 268 320 363 1
220 284 267 346 1
168 264 218 363 1
119 266 170 360 1
62 274 122 379 1
9 259 70 368 1
0 268 17 360 1
76 493 139 589 1
18 481 86 584 1
157 675 226 719 1
228 695 272 719 1
352 696 397 719 1
411 700 458 719 1
478 696 524 719 1
898 704 948 719 1
887 425 933 529 1
903 153 1011 203 1
