532 349 613 382 1
538 392 616 428 1
530 155 606 193 1
537 195 613 231 1
532 235 618 271 1
546 275 622 308 1
539 311 613 345 1
347 510 420 546 1
350 468 419 502 1
343 428 420 464 1
342 386 423 425 1
336 347 416 383 1
342 311 413 344 1
355 270 427 307 1
353 229 429 266 1
349 192 423 227 1
351 152 424 189 1
349 114 422 149 1
518 115 593 152 1
538 79 611 115 1
526 42 608 76 1
348 40 425 75 1
352 76 425 111 1
170 336 243 371 1
160 374 240 408 1
544 433 613 468 1
535 473 611 508 1
547 672 620 707 1
640 670 717 704 1
917 703 987 719 1
916 667 982 699 1
829 669 911 705 1
1095 665 1173 704 1
1108 623 1185 659 1
1106 585 1179 618 1
631 477 666 557 1
672 472 704 556 1
712 464 745 550 1
754 464 785 548 1
790 470 827 552 1
832 471 868 549 1
876 470 909 546 1
911 468 944 548 1
365 713 447 719 1
1106 705 1184 719 1
835 706 911 719 1
641 708 715 719 1
557 710 628 719 1
349 1 420 38 1
525 4 607 41 1
1062 454 1103 535 1
1105 538 1186 574 1
1018 461 1058 539 1
987 473 1021 550 1
946 473 983 551 1
533 515 614 552 1
170 453 248 487 1
169 495 246 527 1
166 540 238 570 1
151 576 245 613 1
162 620 243 652 1
163 654 245 689 1
162 693 246 719 1
365 672 445 711 1
155 258 243 296 1
163 298 242 333 1
163 221 241 255 1
163 183 240 220 1
172 145 243 177 1
180 102 254 140 1
177 65 259 103 1
180 31 257 66 1
183 0 251 33 1
