1111 159 1184 196 1
908 170 947 253 1
918 55 953 146 1
916 0 957 44 1
715 25 784 65 1
716 67 788 104 1
720 107 794 145 1
716 149 791 184 1
714 187 784 224 1
714 229 788 268 1
703 269 787 308 1
703 315 787 351 1
707 351 784 388 1
706 396 782 430 1
704 432 785 471 1
698 478 775 510 1
533 412 607 464 1
533 369 607 420 1
536 327 605 368 1
536 112 610 166 1
389 0 455 30 1
389 21 449 73 1
385 61 460 124 1
385 113 451 170 1
379 167 445 217 1
372 211 438 261 1
376 261 442 311 1
379 308 447 356 1
367 351 439 403 1
365 400 443 453 1
367 440 440 496 1
380 499 447 545 1
370 541 436 590 1
368 596 452 646 1
1 184 46 267 1
