567 180 603 261 1
568 268 606 347 1
527 274 562 352 1
483 272 518 347 1
397 464 432 543 1
441 456 478 538 1
483 461 520 545 1
521 468 559 539 1
567 465 602 547 1
568 560 603 631 1
436 550 474 630 1
443 272 478 345 1
443 184 482 258 1
487 182 524 263 1
526 189 561 262 1
401 269 435 348 1
400 184 437 262 1
365 189 397 264 1
365 264 401 347 1
323 181 363 254 1
606 500 641 583 1
608 224 644 303 1
356 453 392 530 1
398 545 432 626 1
479 551 515 632 1
520 546 557 627 1
358 549 396 620 1
316 540 355 620 1
274 541 313 623 1
235 538 269 617 1
197 541 235 618 1
157 541 196 619 1
118 549 156 629 1
69 550 113 623 1
34 546 75 618 1
0 536 34 625 1
315 452 355 535 1
274 456 311 536 1
234 455 273 535 1
195 456 231 531 1
154 450 194 527 1
118 458 156 529 1
75 454 116 533 1
39 449 78 528 1
0 449 39 529 1
115 374 189 412 1
320 266 359 345 1
282 267 320 343 1
242 274 279 349 1
198 272 239 351 1
160 268 201 349 1
124 270 165 344 1
84 274 123 347 1
46 264 85 348 1
0 261 44 340 1
281 182 321 259 1
244 193 281 261 1
201 189 243 267 1
165 182 202 251 1
123 185 165 262 1
81 186 126 263 1
48 190 88 260 1
7 178 47 258 1
0 188 9 262 1
364 55 441 91 1
277 49 351 86 1
203 51 275 88 1
100 51 187 91 1
17 56 94 93 1
0 61 7 100 1
758 112 791 189 1
800 113 836 192 1
803 204 840 286 1
841 189 881 277 1
884 205 921 284 1
841 105 878 188 1
817 39 896 77 1
1225 46 1279 84 1
881 103 918 186 1
920 103 958 177 1
961 112 999 190 1
1000 109 1038 185 1
1041 113 1080 188 1
1082 106 1116 178 1
1119 109 1157 189 1
1158 113 1195 189 1
1195 112 1236 184 1
1233 116 1279 193 1
1241 200 1279 279 1
1198 205 1242 280 1
1161 205 1200 277 1
1123 193 1162 268 1
1080 198 1129 283 1
1039 198 1082 279 1
1001 203 1040 282 1
965 207 1003 276 1
923 206 962 280 1
1241 391 1279 464 1
1198 394 1242 466 1
1159 395 1204 471 1
1119 395 1159 467 1
1080 388 1123 467 1
1041 390 1080 467 1
1002 404 1039 470 1
961 397 1002 479 1
920 399 961 478 1
879 395 917 483 1
844 407 878 487 1
802 393 840 480 1
759 388 798 470 1
1241 483 1279 569 1
1198 482 1244 565 1
1163 490 1204 570 1
1121 492 1161 567 1
1082 485 1120 563 1
1042 487 1080 564 1
999 487 1040 569 1
962 494 998 574 1
880 491 915 573 1
835 495 874 577 1
796 512 835 577 1
757 498 793 579 1
958 582 1029 644 1
1246 679 1279 719 1
1206 684 1250 719 1
1165 677 1210 719 1
1121 681 1161 719 1
1075 677 1118 719 1
1039 689 1076 719 1
998 686 1040 719 1
960 686 996 719 1
918 688 957 719 1
874 692 912 719 1
837 688 870 719 1
792 687 828 719 1
749 697 784 719 1
