577 638 654 670 1
574 597 653 633 1
298 683 375 719 1
856 638 933 671 1
768 601 840 637 1
297 565 372 602 1
295 525 364 561 1
297 489 367 522 1
474 439 549 477 1
573 438 644 474 1
572 478 641 510 1
476 479 552 519 1
483 520 552 554 1
570 514 651 551 1
763 521 837 557 1
766 558 837 592 1
479 601 561 636 1
572 676 654 713 1
481 682 557 716 1
493 639 560 675 1
575 559 652 594 1
492 565 562 598 1
848 480 923 515 1
846 521 925 557 1
851 560 930 591 1
856 598 933 634 1
762 645 835 676 1
475 403 543 438 1
835 356 914 392 1
747 362 815 395 1
564 394 639 432 1
555 357 637 391 1
471 362 550 396 1
477 321 553 354 1
561 315 639 350 1
139 316 213 350 1
296 368 371 401 1
308 324 372 360 1
292 406 376 439 1
292 445 367 480 1
760 483 840 517 1
846 437 920 476 1
842 398 904 434 1
1027 313 1089 347 1
1023 354 1100 386 1
1033 391 1111 425 1
1037 428 1108 464 1
1031 466 1110 500 1
1033 504 1114 542 1
1035 546 1113 582 1
1036 584 1114 622 1
1037 624 1111 660 1
1034 662 1110 696 1
752 400 825 438 1
310 603 378 638 1
308 644 375 678 1
833 317 912 353 1
1010 233 1081 268 1
1013 269 1088 304 1
1005 194 1089 233 1
1015 159 1094 194 1
1014 118 1093 155 1
1018 79 1076 114 1
1012 44 1087 80 1
829 276 899 312 1
753 321 816 358 1
746 281 818 314 1
827 236 907 272 1
741 241 823 277 1
831 198 910 234 1
737 201 817 236 1
829 161 902 195 1
745 162 823 201 1
828 119 900 156 1
747 125 810 159 1
831 84 893 117 1
819 46 893 83 1
743 85 815 123 1
738 48 811 83 1
836 11 906 43 1
559 274 640 312 1
475 283 546 316 1
465 238 537 276 1
566 237 639 268 1
736 11 811 46 1
737 0 811 9 1
482 199 555 235 1
567 197 638 235 1
558 158 635 194 1
469 160 545 197 1
562 120 637 156 1
470 123 544 158 1
475 87 543 120 1
561 80 637 118 1
562 44 640 80 1
470 50 541 87 1
468 8 548 46 1
567 7 638 44 1
123 0 185 10 1
109 9 194 46 1
112 46 196 83 1
119 85 201 120 1
133 277 206 310 1
308 94 379 126 1
302 131 374 170 1
302 172 362 207 1
303 211 377 244 1
289 245 361 281 1
297 288 380 323 1
253 620 292 698 1
262 706 295 719 1
1031 699 1114 719 1
764 679 843 716 1
855 674 934 711 1
749 442 823 479 1
