681 564 760 637 1
675 622 769 698 1
690 688 757 719 1
458 0 567 40 1
585 69 677 112 1
583 121 678 167 1
576 183 681 227 1
580 239 681 284 1
465 240 566 289 1
466 192 572 235 1
473 146 573 184 1
474 80 579 133 1
260 0 358 22 1
234 22 352 68 1
133 33 234 77 1
142 83 241 127 1
251 82 343 123 1
240 144 346 185 1
243 190 351 234 1
245 247 357 290 1
137 195 240 239 1
128 136 238 185 1
0 253 34 302 1
0 0 25 36 1
0 38 21 80 1
0 96 27 139 1
0 149 29 189 1
0 198 32 243 1
484 512 582 553 1
487 560 589 604 1
485 608 593 660 1
477 661 587 710 1
254 515 365 560 1
258 571 363 612 1
261 622 349 667 1
262 665 355 710 1
151 664 258 709 1
150 618 258 662 1
132 570 248 621 1
142 510 250 559 1
0 517 42 564 1
0 568 47 619 1
0 624 46 676 1
