818 0 855 35 1
808 179 848 260 1
805 285 840 363 1
794 380 834 458 1
798 488 838 567 1
827 526 884 607 1
593 4 671 43 1
602 48 674 81 1
621 90 681 125 1
610 130 680 163 1
597 212 674 249 1
590 255 663 293 1
600 421 663 456 1
584 543 662 581 1
577 663 651 703 1
405 460 490 518 1
413 380 488 428 1
429 125 505 175 1
428 83 500 134 1
262 0 344 44 1
267 38 346 94 1
265 84 342 142 1
259 126 335 182 1
259 188 338 237 1
260 231 339 287 1
254 275 332 334 1
247 314 327 374 1
251 370 331 418 1
250 414 332 472 1
249 469 327 520 1
243 513 325 569 1
242 565 322 623 1
235 604 319 672 1
231 648 313 710 1
787 697 824 719 1
