823 10 861 91 1
928 472 996 557 1
809 235 850 316 1
803 341 841 423 1
797 438 833 514 1
798 545 835 626 1
599 477 660 516 1
582 601 662 641 1
587 310 661 349 1
602 268 673 305 1
609 190 685 222 1
624 147 683 185 1
606 106 675 140 1
595 56 668 100 1
600 20 674 52 1
607 0 679 24 1
427 0 510 30 1
428 19 508 71 1
426 140 500 188 1
428 182 502 235 1
410 435 487 488 1
403 521 486 572 1
270 0 354 55 1
263 46 342 98 1
264 89 348 151 1
260 137 340 201 1
254 181 334 240 1
255 241 334 295 1
252 289 336 340 1
249 332 331 389 1
243 371 325 431 1
243 425 331 478 1
245 468 328 527 1
244 527 324 580 1
236 571 326 632 1
235 617 320 677 1
232 664 313 719 1
