721 254 756 331 1
677 245 712 329 1
678 158 714 237 1
594 249 631 331 1
716 428 752 510 1
555 247 589 327 1
638 254 672 333 1
762 261 794 331 1
757 428 791 510 1
675 433 707 507 1
636 427 669 510 1
590 421 627 503 1
550 422 583 504 1
510 427 544 505 1
510 252 547 329 1
509 145 545 225 1
556 154 590 229 1
594 153 630 236 1
638 154 673 225 1
721 160 753 237 1
760 165 793 242 1
802 258 838 338 1
838 252 875 331 1
799 169 834 241 1
837 163 872 239 1
874 170 909 243 1
913 170 949 245 1
472 247 506 328 1
468 152 503 231 1
428 149 463 231 1
427 244 463 319 1
385 158 418 235 1
383 239 422 320 1
343 156 379 233 1
344 238 383 317 1
304 152 344 238 1
302 242 341 321 1
264 155 302 234 1
262 246 301 318 1
221 149 263 233 1
220 240 259 324 1
182 152 221 230 1
182 237 220 318 1
140 154 179 230 1
140 238 179 322 1
96 149 137 227 1
96 237 139 319 1
54 151 90 225 1
14 150 54 228 1
0 154 12 230 1
57 240 95 312 1
13 237 56 313 1
0 241 13 315 1
42 333 123 366 1
0 414 16 488 1
16 425 56 493 1
57 415 99 496 1
101 415 141 495 1
143 415 180 496 1
180 418 219 497 1
224 418 264 494 1
258 420 295 500 1
298 421 339 503 1
343 421 380 501 1
385 420 422 505 1
427 424 461 502 1
466 422 503 502 1
798 427 835 509 1
836 427 872 509 1
877 435 910 499 1
912 439 948 502 1
949 427 986 499 1
988 428 1022 504 1
1022 424 1059 499 1
1059 430 1097 506 1
1097 433 1137 504 1
1137 436 1172 504 1
1173 427 1211 500 1
1211 437 1252 508 1
1192 519 1260 549 1
1185 554 1255 589 1
1194 596 1253 629 1
1182 630 1250 668 1
1262 664 1279 719 1
879 252 916 329 1
917 248 950 327 1
952 252 991 331 1
950 174 987 246 1
1029 173 1063 244 1
989 168 1029 248 1
1064 182 1101 253 1
1102 174 1140 250 1
1142 181 1176 258 1
1176 184 1210 252 1
1212 188 1246 259 1
1245 216 1279 294 1
1212 274 1247 335 1
1173 260 1214 334 1
1133 264 1174 341 1
1099 262 1135 334 1
1064 258 1098 333 1
1029 261 1066 327 1
992 251 1028 328 1
143 0 183 49 1
186 0 220 46 1
223 0 263 49 1
267 0 303 47 1
308 0 345 57 1
350 0 385 55 1
389 0 424 57 1
428 0 468 53 1
472 0 507 48 1
512 0 545 51 1
554 0 590 53 1
597 0 630 49 1
636 0 673 57 1
677 0 709 48 1
717 0 754 59 1
757 0 793 62 1
796 0 832 63 1
833 0 873 67 1
876 0 910 71 1
914 0 949 68 1
951 0 987 68 1
987 0 1023 69 1
1026 0 1065 77 1
1065 0 1098 78 1
1098 6 1138 78 1
1135 8 1174 78 1
1174 9 1215 85 1
1215 5 1254 79 1
1249 0 1279 39 1
