1065 378 1138 417 1
860 392 898 476 1
868 280 907 364 1
873 179 914 266 1
878 67 918 154 1
875 0 917 44 1
679 5 747 44 1
665 125 747 165 1
663 248 736 283 1
667 290 739 325 1
666 329 741 367 1
665 372 738 405 1
659 412 736 449 1
655 451 736 490 1
648 494 732 530 1
648 538 729 574 1
648 577 726 613 1
647 618 723 658 1
642 657 726 695 1
632 697 714 719 1
482 333 557 389 1
490 43 573 98 1
473 548 546 598 1
470 587 551 643 1
470 635 546 689 1
301 659 379 712 1
301 615 381 669 1
312 570 381 622 1
325 531 388 575 1
321 478 387 529 1
305 432 382 480 1
323 382 390 437 1
332 337 395 387 1
323 278 406 341 1
319 231 399 291 1
321 185 403 247 1
327 142 408 204 1
326 92 411 153 1
328 50 410 105 1
356 2 415 53 1
