462 168 530 235 1
422 68 490 135 1
579 289 650 364 1
622 391 679 452 1
595 421 660 484 1
685 334 746 398 1
393 91 459 161 1
435 192 500 262 1
609 260 678 330 1
502 385 569 452 1
569 450 639 519 1
524 350 588 414 1
552 316 617 383 1
651 359 716 424 1
820 467 885 533 1
734 557 797 622 1
363 121 428 188 1
153 101 229 170 1
333 149 399 220 1
401 220 470 287 1
308 182 372 249 1
370 252 443 325 1
280 213 347 282 1
344 279 412 348 1
318 304 379 372 1
252 241 311 307 1
222 269 282 333 1
283 329 347 397 1
255 359 315 426 1
193 296 252 354 1
161 321 232 393 1
223 386 288 450 1
170 443 236 510 1
478 414 545 485 1
449 444 509 503 1
542 480 605 540 1
511 505 579 574 1
481 532 545 598 1
413 462 483 537 1
395 507 461 575 1
456 563 525 629 1
430 596 489 655 1
367 529 429 598 1
338 559 407 629 1
306 591 365 652 1
274 613 338 683 1
790 611 854 676 1
225 37 298 103 1
85 175 158 243 1
8 241 88 312 1
0 317 17 355 1
604 18 672 88 1
559 0 610 21 1
630 0 695 47 1
671 0 724 27 1
551 84 621 157 1
484 133 555 199 1
134 348 192 409 1
108 382 174 447 1
198 417 265 486 1
673 607 743 677 1
299 445 366 508 1
403 621 473 695 1
825 587 892 654 1
852 554 915 619 1
883 527 940 591 1
787 496 858 562 1
766 524 834 594 1
700 573 768 641 1
769 641 831 706 1
742 667 807 719 1
646 639 709 702 1
624 675 685 719 1
592 694 638 719 1
374 652 439 713 1
347 680 404 719 1
316 703 351 719 1
247 640 315 709 1
225 671 286 719 1
193 700 236 719 1
82 414 142 474 1
146 474 211 536 1
119 506 188 575 1
53 442 128 508 1
25 474 100 541 1
88 537 160 604 1
62 567 130 629 1
34 592 102 663 1
0 614 66 684 1
0 532 38 598 1
0 499 62 564 1
0 654 50 719 1
983 690 1030 719 1
1010 663 1071 719 1
771 247 831 310 1
739 145 810 211 1
805 208 873 278 1
842 189 902 253 1
766 118 833 180 1
799 91 859 155 1
821 65 888 129 1
851 42 916 104 1
871 12 937 75 1
895 0 961 49 1
936 0 986 19 1
1040 0 1092 36 1
1006 0 1068 59 1
981 17 1049 78 1
958 44 1025 112 1
937 77 1002 142 1
917 106 977 164 1
889 132 948 190 1
974 184 1041 234 1
1247 1 1279 52 1
1229 30 1279 95 1
1191 54 1273 129 1
1254 109 1279 170 1
1200 186 1256 247 1
1131 126 1191 184 1
1100 150 1168 220 1
1167 212 1222 279 1
1139 242 1203 308 1
1080 177 1143 240 1
1050 203 1116 268 1
1116 267 1179 334 1
1094 297 1154 359 1
1030 236 1098 299 1
1007 263 1075 327 1
1067 326 1137 392 1
1036 347 1100 412 1
957 319 1026 386 1
1016 376 1083 441 1
983 401 1056 472 1
932 345 993 403 1
1076 593 1139 657 1
1093 559 1163 629 1
1120 536 1191 597 1
1146 501 1213 565 1
1165 477 1234 537 1
1194 452 1268 517 1
1221 425 1279 494 1
1238 392 1279 459 1
1268 372 1279 405 1
