641 459 718 497 1
642 420 714 456 1
645 380 719 415 1
557 376 632 414 1
554 457 631 495 1
553 499 624 536 1
371 579 445 613 1
364 535 434 571 1
357 494 435 529 1
551 298 626 335 1
559 339 633 373 1
642 340 717 376 1
644 299 720 336 1
551 544 627 575 1
645 505 718 538 1
552 582 624 616 1
546 422 624 456 1
368 138 440 176 1
928 434 1004 471 1
836 430 918 465 1
933 555 1005 590 1
934 594 1011 631 1
936 633 999 668 1
835 630 901 662 1
828 670 897 707 1
1096 673 1172 710 1
549 622 621 656 1
643 662 714 698 1
548 659 620 695 1
642 704 713 719 1
549 703 625 719 1
164 510 245 547 1
161 554 239 590 1
161 599 237 630 1
369 618 444 653 1
370 658 445 693 1
370 699 448 719 1
168 671 243 706 1
832 593 909 627 1
635 545 713 578 1
631 586 705 619 1
633 622 711 660 1
373 376 446 409 1
371 416 443 451 1
359 454 436 489 1
933 474 1003 507 1
833 468 914 505 1
828 507 903 543 1
844 552 915 588 1
917 708 983 719 1
821 710 896 719 1
1093 711 1177 719 1
165 473 247 506 1
184 709 255 719 1
162 429 239 467 1
177 392 254 429 1
176 350 254 384 1
170 309 250 345 1
172 271 252 307 1
173 233 256 270 1
165 195 256 233 1
180 156 252 193 1
189 112 263 151 1
192 73 269 112 1
188 2 266 42 1
370 91 439 128 1
365 55 438 91 1
367 16 444 56 1
362 0 440 15 1
550 0 627 20 1
555 23 629 60 1
560 62 634 97 1
551 99 625 134 1
546 138 626 177 1
643 105 676 190 1
682 105 717 183 1
722 112 754 181 1
762 103 796 180 1
800 108 836 185 1
841 103 878 186 1
884 106 918 184 1
919 108 953 187 1
956 123 989 198 1
993 123 1026 198 1
1028 116 1063 194 1
1069 111 1109 187 1
924 394 999 424 1
842 389 918 422 1
923 347 992 381 1
842 348 917 383 1
837 308 915 343 1
923 309 987 342 1
368 330 446 368 1
370 293 448 328 1
1110 194 1190 233 1
1110 241 1183 274 1
1112 275 1188 315 1
1100 318 1176 353 1
1107 358 1186 394 1
1101 396 1176 432 1
1099 433 1174 470 1
1099 476 1176 510 1
1104 514 1181 547 1
1112 551 1187 586 1
1112 591 1192 628 1
1111 629 1192 668 1
