698 183 734 261 1
742 365 775 440 1
822 452 856 533 1
700 462 737 535 1
658 184 692 264 1
742 455 777 532 1
783 449 815 525 1
659 368 693 446 1
659 461 693 536 1
616 369 651 454 1
577 372 614 454 1
619 459 654 538 1
577 462 611 540 1
497 371 533 450 1
614 181 650 263 1
573 186 609 267 1
536 188 571 266 1
493 185 531 268 1
781 370 817 440 1
819 366 856 442 1
859 368 895 441 1
898 368 935 442 1
936 358 971 435 1
973 366 1012 441 1
1014 369 1046 442 1
1047 361 1082 433 1
738 182 774 259 1
779 187 814 260 1
820 179 854 251 1
860 171 895 250 1
897 177 934 253 1
935 185 970 261 1
971 186 1009 259 1
1010 182 1047 260 1
1047 184 1085 257 1
1193 174 1233 245 1
1232 175 1267 244 1
1266 172 1279 241 1
1264 362 1279 438 1
1226 352 1268 428 1
1188 351 1230 428 1
1180 445 1263 478 1
1183 481 1264 515 1
1189 519 1265 557 1
1188 560 1271 591 1
1188 593 1269 629 1
1187 635 1279 671 1
1193 674 1279 709 1
1046 451 1084 527 1
1009 452 1045 524 1
974 455 1008 528 1
937 453 972 524 1
900 454 933 528 1
861 458 892 529 1
535 373 570 452 1
703 368 739 442 1
536 462 568 542 1
495 462 527 540 1
452 466 486 549 1
415 472 449 548 1
451 374 489 458 1
413 382 447 459 1
366 372 402 449 1
371 469 410 547 1
326 378 364 455 1
331 475 367 551 1
273 374 310 453 1
287 460 325 540 1
246 462 286 546 1
207 471 245 544 1
170 371 211 451 1
128 373 164 450 1
163 655 203 719 1
121 656 163 719 1
77 658 119 719 1
33 663 78 719 1
0 658 36 719 1
410 659 445 719 1
450 661 487 719 1
492 651 527 719 1
576 651 612 719 1
616 649 650 719 1
534 655 570 719 1
654 643 689 719 1
697 648 733 717 1
741 653 772 715 1
775 649 808 719 1
814 658 849 719 1
855 637 893 714 1
895 639 930 719 1
931 643 969 719 1
971 643 1007 719 1
1008 642 1044 718 1
1044 636 1079 711 1
1241 0 1279 76 1
1202 0 1247 72 1
1164 0 1201 61 1
1134 0 1171 65 1
1097 0 1136 64 1
1060 0 1094 68 1
1020 0 1059 65 1
984 0 1019 68 1
944 0 979 69 1
910 0 944 55 1
870 0 905 60 1
829 0 866 59 1
790 0 823 50 1
750 0 783 48 1
710 0 742 47 1
675 0 707 52 1
633 0 668 67 1
591 0 627 58 1
553 0 586 66 1
511 0 548 52 1
469 0 504 62 1
424 0 464 56 1
390 0 424 62 1
348 0 386 58 1
304 0 343 57 1
263 0 301 57 1
222 0 263 66 1
179 0 222 72 1
141 0 178 74 1
95 0 140 81 1
57 0 95 83 1
12 4 57 85 1
0 6 12 83 1
452 182 486 265 1
413 190 449 264 1
371 189 407 259 1
328 182 366 257 1
290 171 329 243 1
246 179 285 256 1
206 186 247 266 1
163 183 202 262 1
120 187 163 268 1
82 193 120 275 1
37 195 82 268 1
0 193 37 260 1
