228 262 295 328 1
655 242 713 301 1
627 269 696 341 1
598 298 661 361 1
572 326 630 386 1
789 370 857 438 1
814 343 883 411 1
683 206 750 275 1
542 354 608 422 1
419 349 484 414 1
512 383 578 453 1
483 409 552 480 1
265 240 328 306 1
373 120 434 186 1
200 292 281 371 1
364 405 426 472 1
401 494 467 562 1
431 474 495 538 1
286 494 346 556 1
705 455 772 521 1
129 387 190 449 1
396 93 461 156 1
345 154 411 223 1
316 182 382 249 1
290 214 355 278 1
174 325 245 395 1
678 489 747 557 1
797 490 861 556 1
761 398 828 467 1
255 522 322 592 1
374 527 440 594 1
226 551 293 621 1
83 292 152 360 1
115 263 184 333 1
140 230 201 300 1
169 205 238 275 1
200 178 263 247 1
225 148 288 215 1
255 124 324 188 1
283 93 350 161 1
309 66 369 125 1
95 37 176 105 1
336 34 400 98 1
32 99 110 169 1
172 0 241 42 1
0 171 39 232 1
151 358 216 424 1
677 90 734 148 1
708 177 769 241 1
739 148 802 217 1
471 283 539 352 1
501 255 565 322 1
532 235 589 294 1
561 201 631 271 1
592 172 656 240 1
643 107 711 176 1
622 151 685 216 1
344 555 412 625 1
306 460 369 529 1
332 429 402 499 1
391 376 456 446 1
448 315 509 380 1
459 444 528 515 1
321 589 389 655 1
296 618 365 686 1
264 642 332 712 1
236 676 304 719 1
197 579 266 651 1
179 612 246 681 1
143 631 215 704 1
106 657 182 719 1
0 706 39 719 1
590 575 662 644 1
623 547 688 609 1
648 514 719 583 1
713 576 781 644 1
741 544 806 615 1
769 515 835 584 1
738 426 796 486 1
826 460 892 527 1
908 375 967 440 1
879 402 941 467 1
853 430 908 487 1
847 321 906 381 1
869 287 931 349 1
958 315 1022 381 1
892 256 962 323 1
915 224 984 289 1
947 208 1010 271 1
976 178 1043 247 1
996 153 1063 216 1
1022 123 1088 187 1
1086 183 1142 247 1
1059 208 1117 270 1
1034 238 1098 305 1
1004 264 1064 328 1
983 291 1044 356 1
1211 324 1275 381 1
1186 346 1252 407 1
1161 378 1230 440 1
1134 401 1203 465 1
1117 430 1182 493 1
1087 454 1156 523 1
1061 483 1130 547 1
1039 512 1112 583 1
1012 542 1080 609 1
985 572 1046 632 1
960 596 1020 660 1
933 624 1007 697 1
907 658 971 717 1
566 602 632 666 1
659 638 728 701 1
686 604 749 668 1
632 667 695 719 1
605 693 650 719 1
533 630 602 699 1
514 664 583 719 1
484 689 533 719 1
879 680 938 719 1
100 418 161 480 1
66 447 140 509 1
29 464 105 533 1
5 500 86 572 1
0 468 16 506 1
0 408 43 476 1
0 373 70 443 1
26 346 90 411 1
55 323 124 391 1
427 67 492 132 1
361 3 418 63 1
394 0 457 42 1
452 35 513 99 1
480 14 542 75 1
509 0 575 50 1
553 0 607 26 1
686 0 729 19 1
702 64 768 129 1
726 38 792 101 1
748 6 809 67 1
772 0 834 42 1
823 0 865 25 1
897 0 954 60 1
865 18 927 82 1
840 48 900 101 1
815 72 878 133 1
793 99 859 167 1
765 125 828 186 1
1125 17 1188 73 1
1148 0 1221 57 1
1258 0 1279 37 1
1231 17 1279 77 1
1207 45 1279 110 1
1176 69 1254 139 1
856 712 883 719 1
