836 350 880 419 1
794 367 843 446 1
752 370 803 462 1
709 376 761 455 1
673 387 720 462 1
641 407 684 475 1
593 412 637 475 1
558 418 606 498 1
514 434 563 502 1
479 454 527 530 1
440 467 491 543 1
398 469 447 549 1
354 482 403 557 1
313 493 363 572 1
272 503 320 585 1
227 516 281 600 1
184 534 241 617 1
141 549 195 627 1
103 572 152 644 1
46 567 111 655 1
1 580 63 665 1
820 584 875 668 1
775 588 824 666 1
741 604 787 680 1
705 612 746 691 1
664 629 709 708 1
627 648 674 719 1
586 659 630 719 1
547 670 589 719 1
502 679 543 719 1
803 661 871 709 1
725 680 795 719 1
