513 383 551 462 1
555 378 599 475 1
609 378 649 467 1
702 374 744 464 1
746 378 788 468 1
796 374 837 462 1
561 120 598 203 1
515 121 554 209 1
464 386 507 480 1
414 383 454 471 1
363 377 406 476 1
322 382 362 477 1
276 385 316 476 1
234 382 275 472 1
182 379 227 464 1
141 379 185 463 1
96 372 140 458 1
50 372 97 460 1
0 367 54 463 1
845 394 885 488 1
893 393 936 489 1
985 389 1026 485 1
1027 389 1068 469 1
1072 385 1119 469 1
1117 388 1161 476 1
1164 381 1211 467 1
1212 385 1263 472 1
1258 387 1279 475 1
1257 628 1279 714 1
1212 637 1262 714 1
1164 613 1219 708 1
1121 634 1165 719 1
1075 627 1121 719 1
1028 632 1072 719 1
981 636 1024 719 1
933 612 986 719 1
803 561 857 651 1
756 626 796 719 1
603 646 646 719 1
512 626 554 719 1
416 629 460 719 1
369 632 410 719 1
321 633 366 719 1
275 622 318 707 1
229 626 275 719 1
185 625 231 716 1
134 625 185 719 1
88 620 140 714 1
40 627 92 719 1
0 625 40 719 1
1252 141 1279 224 1
1202 136 1251 226 1
1160 122 1203 221 1
1112 136 1159 220 1
1066 142 1107 229 1
1022 138 1065 223 1
982 138 1023 219 1
938 129 979 219 1
893 126 935 210 1
845 107 889 202 1
798 127 840 222 1
748 121 794 215 1
707 116 745 209 1
463 123 503 210 1
417 115 460 208 1
327 125 370 204 1
242 123 283 205 1
196 127 240 221 1
107 128 153 220 1
55 139 106 229 1
7 130 60 217 1
0 121 19 206 1
