1091 235 1163 271 1
896 33 939 117 1
898 133 934 216 1
886 251 923 331 1
688 104 766 139 1
695 0 773 26 1
698 145 766 182 1
694 185 770 221 1
696 227 767 260 1
688 267 765 300 1
685 306 765 344 1
679 347 760 383 1
680 392 756 427 1
678 430 757 464 1
678 471 753 508 1
676 511 757 546 1
668 554 747 588 1
507 402 578 448 1
502 445 578 496 1
503 485 575 538 1
512 186 585 242 1
358 3 440 56 1
356 38 430 102 1
354 88 428 144 1
358 134 433 195 1
358 189 422 239 1
350 238 422 290 1
342 284 410 331 1
351 334 417 384 1
349 384 418 429 1
341 426 413 476 1
335 469 412 520 1
332 514 409 568 1
347 573 418 618 1
333 606 406 665 1
334 669 420 716 1
