725 0 835 29 1
721 26 830 81 1
835 33 945 87 1
842 86 943 137 1
836 134 944 187 1
721 126 826 179 1
831 187 938 235 1
714 229 826 282 1
812 289 929 340 1
821 347 932 399 1
825 458 941 514 1
710 455 824 508 1
683 517 811 571 1
820 521 932 571 1
436 498 564 553 1
306 497 410 543 1
19 484 143 533 1
0 356 22 403 1
40 240 157 290 1
64 16 184 71 1
1055 0 1156 58 1
1165 0 1274 50 1
1163 51 1273 103 1
1161 101 1270 152 1
1052 102 1159 152 1
1053 155 1168 207 1
1172 154 1262 195 1
1163 202 1263 248 1
1147 250 1255 301 1
1157 304 1263 352 1
1161 360 1269 410 1
1044 355 1158 405 1
1151 418 1258 474 1
1162 480 1253 526 1
1040 474 1158 526 1
1029 532 1149 583 1
1148 537 1259 589 1
