782 275 895 346 1
799 334 914 405 1
820 390 930 455 1
851 497 959 566 1
711 487 809 550 1
731 601 844 673 1
122 0 190 80 1
174 0 237 52 1
236 0 283 29 1
643 307 764 376 1
938 211 991 325 1
251 262 331 376 1
310 234 387 343 1
362 210 439 316 1
409 188 490 298 1
521 145 597 258 1
581 135 649 224 1
613 92 694 202 1
721 0 793 100 1
769 0 846 84 1
827 0 893 63 1
920 0 979 30 1
0 292 87 363 1
64 636 158 701 1
96 693 181 719 1
327 644 436 708 1
289 464 399 533 1
415 437 522 502 1
1006 180 1105 236 1
1106 152 1210 213 1
1025 229 1132 290 1
1126 204 1227 261 1
1037 281 1146 340 1
1140 258 1249 314 1
1155 302 1256 363 1
1059 335 1153 385 1
1174 394 1279 455 1
1079 432 1180 482 1
1199 447 1279 508 1
1088 475 1204 535 1
1101 523 1210 587 1
1110 577 1225 639 1
1215 550 1279 609 1
1241 609 1279 661 1
1250 664 1279 710 1
1141 675 1256 719 1
