526 334 566 428 1
573 331 618 426 1
672 328 712 424 1
479 316 517 406 1
431 319 471 409 1
387 318 428 407 1
445 566 487 656 1
620 552 671 700 1
676 575 718 669 1
725 572 766 668 1
773 565 813 659 1
29 581 77 673 1
0 574 28 659 1
301 587 347 682 1
213 567 256 669 1
122 571 167 666 1
74 580 120 671 1
718 325 756 404 1
820 570 863 656 1
866 550 910 642 1
913 569 954 646 1
958 558 1000 648 1
1015 551 1059 635 1
455 473 546 543 1
298 323 339 409 1
765 317 806 406 1
809 321 854 411 1
861 312 903 403 1
907 315 953 402 1
954 315 1000 407 1
251 323 293 420 1
206 331 247 408 1
161 338 205 429 1
117 336 158 420 1
65 332 112 428 1
25 336 69 429 1
0 341 25 431 1
24 92 80 168 1
115 80 162 168 1
159 86 203 171 1
210 84 253 166 1
253 79 295 158 1
389 68 431 161 1
434 72 475 165 1
480 72 520 169 1
529 54 571 147 1
577 68 617 152 1
624 67 663 160 1
667 73 704 157 1
710 73 749 162 1
757 74 795 165 1
804 66 846 155 1
847 56 891 154 1
893 68 935 158 1
940 71 982 152 1
980 47 1028 134 1
