515 45 549 131 1
638 36 675 117 1
882 230 921 306 1
841 224 881 300 1
801 223 835 307 1
762 234 797 315 1
719 224 753 312 1
676 226 713 309 1
632 235 668 316 1
719 315 755 401 1
678 318 716 400 1
633 321 667 399 1
415 486 502 526 1
702 44 734 128 1
580 40 614 126 1
431 46 485 127 1
760 327 797 407 1
803 320 839 403 1
797 507 834 592 1
757 514 790 582 1
716 513 752 593 1
673 510 707 580 1
628 511 663 591 1
418 546 506 584 1
411 605 496 645 1
721 598 756 671 1
757 596 793 681 1
800 603 838 684 1
840 607 879 679 1
420 365 499 405 1
413 251 494 286 1
420 188 503 224 1
924 234 963 312 1
766 46 801 126 1
434 668 512 706 1
844 504 879 591 1
883 601 920 679 1
884 513 918 594 1
922 508 962 591 1
963 505 1003 591 1
926 597 964 681 1
965 601 1001 678 1
1004 596 1043 679 1
1049 605 1086 681 1
1004 512 1041 590 1
1045 515 1083 591 1
1083 506 1127 592 1
1126 507 1164 584 1
1162 507 1205 583 1
1204 503 1248 579 1
1248 513 1279 579 1
1087 604 1123 673 1
1125 596 1163 675 1
1165 598 1212 674 1
1209 598 1247 675 1
1247 599 1279 674 1
824 46 857 120 1
937 56 975 134 1
999 55 1038 132 1
1049 57 1090 135 1
1093 50 1127 127 1
1128 53 1166 132 1
1167 58 1205 140 1
1208 64 1249 140 1
1246 59 1279 139 1
1238 242 1279 317 1
1198 240 1239 316 1
1242 329 1279 406 1
1205 323 1243 398 1
1162 329 1206 405 1
1121 239 1164 317 1
1159 235 1197 312 1
1083 238 1125 311 1
1044 233 1081 311 1
1003 231 1045 310 1
1124 331 1165 407 1
1086 323 1123 400 1
1046 321 1086 402 1
1005 328 1043 401 1
969 323 1006 403 1
928 325 965 401 1
888 320 925 405 1
847 326 882 406 1
