1033 0 1111 31 1
1044 31 1120 71 1
1044 72 1123 108 1
1055 111 1129 146 1
851 0 931 38 1
849 40 933 80 1
770 2 847 41 1
771 42 843 83 1
1063 206 1132 241 1
1063 243 1137 280 1
1067 283 1144 322 1
1067 322 1144 358 1
1076 358 1151 393 1
1073 398 1155 432 1
1075 439 1156 475 1
295 0 374 16 1
44 0 87 62 1
195 0 268 15 1
193 18 263 54 1
292 19 362 50 1
203 63 282 94 1
296 57 377 99 1
51 73 95 157 1
62 426 104 509 1
68 536 111 619 1
64 632 116 719 1
147 474 188 557 1
581 40 660 77 1
488 44 565 80 1
486 3 567 35 1
591 3 665 33 1
58 331 104 413 1
206 229 289 264 1
299 223 376 260 1
306 268 390 299 1
205 271 279 302 1
207 315 278 343 1
305 309 390 344 1
205 354 283 387 1
305 350 389 381 1
210 399 289 429 1
306 399 396 427 1
216 439 295 471 1
311 435 387 468 1
217 479 287 516 1
313 472 381 511 1
216 523 289 560 1
305 519 382 552 1
216 564 281 596 1
308 561 380 592 1
309 601 379 633 1
211 607 297 641 1
215 642 284 681 1
223 682 298 719 1
309 638 390 680 1
314 682 393 719 1
440 358 478 438 1
482 219 563 258 1
481 261 565 301 1
585 258 664 295 1
593 218 661 253 1
589 301 656 337 1
482 304 563 338 1
490 347 563 381 1
595 341 669 380 1
598 380 679 418 1
503 387 580 426 1
504 424 586 463 1
600 421 677 457 1
599 463 679 498 1
509 470 578 503 1
597 507 671 543 1
604 543 683 580 1
498 508 581 545 1
518 553 598 589 1
611 587 676 623 1
514 592 594 629 1
612 627 696 665 1
615 668 687 705 1
498 640 579 677 1
521 677 586 716 1
617 709 683 719 1
782 209 858 246 1
872 205 944 245 1
873 246 948 284 1
784 252 866 288 1
879 288 956 325 1
790 290 872 326 1
873 332 948 368 1
792 335 867 370 1
782 370 861 408 1
882 369 956 404 1
880 406 960 443 1
788 412 871 453 1
793 455 869 493 1
807 499 874 535 1
889 488 962 527 1
887 527 964 566 1
799 537 879 573 1
803 574 883 611 1
890 570 955 605 1
893 607 972 648 1
801 615 879 652 1
804 653 872 689 1
893 650 969 687 1
889 691 968 719 1
804 694 881 719 1
1080 477 1164 515 1
1081 519 1163 554 1
1082 560 1165 597 1
1085 596 1159 631 1
1085 632 1175 673 1
1091 675 1165 714 1
