658 483 724 550 1
690 456 753 518 1
714 426 779 493 1
738 394 809 462 1
756 360 822 421 1
802 452 870 520 1
775 484 844 549 1
417 462 476 519 1
385 483 453 548 1
118 231 186 298 1
93 258 166 330 1
67 292 129 352 1
750 511 817 582 1
828 422 894 487 1
399 335 464 403 1
318 425 382 489 1
342 397 418 469 1
372 365 444 433 1
238 234 306 299 1
218 270 286 337 1
186 291 251 357 1
151 323 225 387 1
127 350 194 412 1
97 376 165 444 1
290 451 359 516 1
352 510 423 577 1
330 538 399 603 1
302 568 371 631 1
267 480 333 546 1
237 505 304 570 1
210 536 279 602 1
183 566 252 634 1
575 571 638 637 1
598 538 666 608 1
625 509 686 574 1
696 572 761 642 1
853 395 909 448 1
789 332 855 394 1
724 547 790 611 1
813 303 875 361 1
876 360 946 428 1
900 333 967 397 1
843 279 900 335 1
868 247 928 309 1
890 216 960 286 1
915 189 984 254 1
942 167 1014 236 1
971 145 1030 201 1
995 114 1063 177 1
534 599 602 666 1
667 598 736 667 1
637 631 696 688 1
598 653 665 718 1
467 673 528 719 1
433 699 468 719 1
325 678 388 719 1
831 688 885 719 1
857 663 924 719 1
882 636 950 698 1
910 603 980 671 1
935 576 1003 640 1
966 553 1029 617 1
989 527 1056 590 1
1009 492 1076 557 1
1037 468 1093 523 1
1056 429 1123 492 1
1080 404 1142 463 1
1099 375 1173 443 1
1135 357 1201 420 1
1159 330 1228 392 1
1190 306 1244 359 1
1211 279 1278 340 1
1244 222 1279 277 1
926 302 989 363 1
952 274 1019 340 1
982 253 1048 319 1
1005 224 1064 288 1
1030 197 1092 259 1
1057 175 1112 230 1
1073 145 1138 209 1
1113 128 1174 190 1
1019 87 1082 144 1
1044 60 1106 121 1
1135 94 1193 160 1
1160 75 1219 139 1
1180 48 1239 108 1
1203 19 1265 80 1
1231 0 1279 55 1
1160 0 1224 24 1
1118 0 1192 51 1
1090 13 1159 75 1
1069 32 1134 98 1
527 343 592 408 1
466 397 538 465 1
430 424 502 496 1
276 595 341 664 1
254 629 319 698 1
233 660 295 719 1
199 688 258 719 1
161 595 229 668 1
128 625 197 694 1
101 650 165 719 1
70 678 135 719 1
0 681 34 719 1
72 403 136 465 1
35 313 110 383 1
4 340 72 405 1
0 369 48 432 1
0 429 19 464 1
4 461 82 525 1
47 435 115 504 1
0 492 59 558 1
0 539 30 593 1
26 89 98 157 1
0 155 34 215 1
193 194 261 260 1
248 130 319 195 1
268 205 337 271 1
555 314 620 382 1
438 314 498 373 1
454 277 527 347 1
498 370 563 437 1
491 259 555 323 1
514 223 579 284 1
539 190 608 257 1
569 160 634 227 1
596 137 657 196 1
623 109 688 172 1
610 257 673 316 1
639 232 701 292 1
662 198 726 257 1
682 161 753 231 1
715 139 783 204 1
741 109 811 180 1
774 90 837 152 1
803 65 862 123 1
821 35 885 100 1
849 9 913 77 1
873 0 939 49 1
917 0 967 26 1
652 83 721 146 1
680 56 741 118 1
698 21 766 85 1
739 5 804 68 1
757 0 823 39 1
533 0 591 26 1
494 0 559 50 1
466 6 533 75 1
434 37 502 100 1
410 67 471 128 1
381 91 440 154 1
353 121 418 186 1
329 153 392 218 1
300 183 364 245 1
