1059 390 1135 430 1
851 408 891 491 1
859 292 899 378 1
862 192 904 277 1
867 81 908 167 1
862 0 902 60 1
669 19 732 59 1
654 141 735 184 1
654 264 727 303 1
659 307 730 343 1
657 347 734 385 1
655 388 731 425 1
653 432 729 467 1
651 470 729 506 1
644 513 728 549 1
643 553 724 592 1
645 597 723 631 1
643 638 720 671 1
640 675 724 710 1
474 356 549 411 1
470 570 542 621 1
468 613 543 663 1
466 655 542 707 1
477 60 562 116 1
479 0 558 32 1
324 0 404 25 1
326 20 402 79 1
315 76 398 126 1
316 116 398 175 1
315 167 395 227 1
311 209 391 272 1
308 255 389 314 1
318 305 395 366 1
317 363 388 412 1
315 407 385 461 1
302 459 377 502 1
312 505 383 555 1
314 553 384 602 1
309 593 375 645 1
304 639 378 691 1
297 684 376 719 1
