263 360 368 401 1
751 355 853 400 1
869 358 973 400 1
1142 348 1243 393 1
1178 570 1229 649 1
1126 557 1174 656 1
1074 551 1124 655 1
1027 564 1071 659 1
974 558 1019 655 1
927 578 968 643 1
871 559 916 664 1
822 564 863 659 1
768 581 814 686 1
706 565 753 678 1
658 577 700 670 1
606 575 649 681 1
493 576 540 678 1
443 573 487 673 1
384 570 434 674 1
334 586 378 686 1
280 565 328 673 1
232 574 280 675 1
177 568 225 680 1
120 578 175 684 1
65 567 122 679 1
81 357 184 399 1
547 581 597 709 1
1229 558 1279 651 1
0 358 74 400 1
9 582 65 692 1
