824 13 866 97 1
822 119 858 206 1
815 217 855 297 1
823 321 859 409 1
819 456 876 540 1
815 539 851 622 1
1013 628 1091 672 1
807 654 843 719 1
615 49 689 88 1
603 92 678 136 1
618 262 683 299 1
604 387 684 427 1
601 510 677 548 1
607 554 679 589 1
604 594 682 631 1
607 637 683 673 1
599 677 678 715 1
428 223 505 275 1
423 303 505 362 1
418 599 497 657 1
262 609 333 659 1
252 655 328 708 1
260 553 340 610 1
247 498 332 560 1
252 455 337 521 1
256 413 342 471 1
257 358 342 419 1
267 317 343 370 1
260 263 347 321 1
265 215 346 269 1
264 159 341 218 1
261 118 344 174 1
268 73 354 129 1
265 27 348 83 1
277 0 348 28 1
