516 163 558 263 1
465 167 512 263 1
523 379 578 475 1
570 167 610 258 1
619 161 659 258 1
669 177 705 275 1
675 385 736 479 1
615 377 677 474 1
574 383 629 478 1
506 568 582 677 1
449 583 511 681 1
398 578 457 669 1
334 582 397 675 1
222 581 287 663 1
172 564 232 660 1
112 574 173 669 1
63 566 127 653 1
12 549 79 643 1
412 159 458 256 1
362 166 407 266 1
311 161 355 258 1
257 157 301 241 1
205 161 250 263 1
143 172 193 260 1
134 269 192 368 1
311 380 365 466 1
261 385 321 480 1
215 381 266 462 1
1052 0 1142 39 1
1157 0 1251 44 1
611 0 707 17 1
1247 187 1279 273 1
1260 405 1279 481 1
1192 585 1262 668 1
1142 568 1225 669 1
859 584 927 675 1
741 575 809 673 1
687 581 753 669 1
929 388 984 483 1
1022 386 1079 484 1
1077 397 1129 486 1
719 163 764 260 1
771 170 815 264 1
818 176 863 271 1
872 178 927 282 1
921 177 963 275 1
967 183 1008 268 1
1011 176 1054 280 1
1060 191 1111 287 1
1110 182 1152 269 1
1156 184 1200 271 1
1202 203 1247 258 1
