803 451 882 485 1
889 451 950 483 1
890 489 953 524 1
808 490 881 527 1
809 531 882 565 1
888 531 964 566 1
894 573 971 611 1
898 613 969 647 1
804 571 886 608 1
799 610 878 645 1
796 648 869 683 1
811 691 880 719 1
899 690 972 719 1
1076 683 1147 719 1
1066 645 1143 681 1
1062 610 1138 643 1
1063 568 1136 604 1
1064 531 1138 567 1
1070 494 1147 529 1
1063 454 1136 489 1
1073 412 1149 447 1
1073 373 1144 407 1
1072 330 1152 366 1
1032 245 1072 325 1
989 250 1026 332 1
956 262 991 336 1
922 261 956 338 1
883 251 917 327 1
847 250 881 326 1
805 251 843 330 1
768 250 802 327 1
730 252 760 323 1
689 255 721 327 1
650 256 681 328 1
609 250 640 335 1
512 284 592 323 1
614 446 690 482 1
612 487 688 524 1
616 528 687 562 1
611 567 684 600 1
611 605 687 642 1
615 649 688 682 1
607 685 682 719 1
521 447 595 481 1
528 487 606 523 1
527 525 602 563 1
517 568 594 603 1
527 606 602 641 1
526 644 598 682 1
523 685 600 719 1
516 243 592 279 1
525 206 598 243 1
520 165 601 202 1
514 125 598 161 1
525 89 594 125 1
531 55 599 88 1
518 17 595 55 1
341 444 418 479 1
341 483 419 518 1
343 523 418 560 1
345 563 420 598 1
337 603 411 637 1
332 639 410 676 1
342 681 411 717 1
524 0 593 17 1
342 0 411 12 1
345 13 419 50 1
345 51 418 86 1
333 88 401 122 1
327 124 406 160 1
329 162 409 198 1
330 202 404 235 1
333 241 404 273 1
330 281 404 316 1
132 701 215 719 1
135 659 219 696 1
141 621 222 657 1
158 0 236 37 1
149 35 237 73 1
158 74 237 110 1
161 111 236 147 1
153 149 231 185 1
157 222 235 258 1
155 262 231 295 1
149 307 220 340 1
135 346 224 379 1
143 384 227 417 1
144 421 223 454 1
142 461 223 496 1
149 501 228 534 1
152 541 228 578 1
135 582 214 616 1
