321 4 408 46 1
320 51 407 86 1
326 94 402 129 1
332 137 416 173 1
330 178 411 216 1
329 219 407 256 1
321 264 404 301 1
321 303 408 340 1
347 388 426 424 1
340 468 430 509 1
551 7 627 44 1
554 48 634 85 1
561 88 643 124 1
571 130 651 165 1
573 169 654 206 1
572 209 649 244 1
564 250 650 290 1
565 294 644 331 1
568 333 647 373 1
581 371 658 412 1
579 416 653 456 1
585 500 648 537 1
653 0 689 43 1
655 52 693 134 1
660 139 694 214 1
659 224 695 303 1
662 311 698 388 1
667 394 698 469 1
773 0 854 32 1
776 35 862 75 1
775 79 856 118 1
775 118 860 155 1
779 160 861 195 1
781 201 861 234 1
781 241 857 278 1
789 283 869 319 1
800 322 881 360 1
802 363 868 399 1
352 511 435 549 1
329 339 426 380 1
671 477 706 564 1
583 536 670 585 1
356 550 425 591 1
586 459 651 494 1
594 582 665 625 1
352 592 434 632 1
791 524 872 565 1
793 566 871 608 1
801 402 878 441 1
783 446 861 485 1
788 490 869 524 1
358 431 424 464 1
675 571 712 650 1
807 604 884 647 1
804 644 882 686 1
586 625 666 666 1
337 635 413 673 1
584 665 678 715 1
330 678 421 719 1
806 688 886 719 1
