341 279 388 380 1
397 286 440 386 1
446 291 491 392 1
558 292 601 396 1
611 297 653 389 1
661 288 707 403 1
563 519 621 618 1
669 517 728 622 1
731 527 784 623 1
292 508 360 606 1
137 500 204 598 1
190 502 253 601 1
236 501 298 599 1
721 305 768 413 1
778 294 818 391 1
828 295 869 398 1
881 317 921 381 1
932 302 974 396 1
981 311 1023 403 1
1029 302 1076 402 1
1083 312 1124 407 1
1131 329 1177 407 1
1182 318 1228 409 1
1232 320 1279 421 1
1112 103 1205 152 1
833 94 934 144 1
716 82 815 136 1
241 70 345 119 1
66 63 169 110 1
0 59 56 107 1
291 293 338 391 1
240 272 288 376 1
192 279 240 377 1
137 274 189 375 1
87 277 140 378 1
35 270 92 374 1
0 277 41 380 1
939 539 999 630 1
989 533 1052 634 1
1091 548 1152 640 1
1145 540 1203 638 1
1197 532 1258 627 1
1246 528 1279 636 1
149 690 208 719 1
86 701 132 719 1
35 695 79 719 1
496 293 550 410 1
