646 438 722 478 1
641 484 721 522 1
637 386 724 430 1
638 518 737 565 1
643 356 703 392 1
727 337 761 424 1
731 430 769 508 1
642 317 707 352 1
844 385 925 424 1
841 348 922 382 1
835 306 913 342 1
851 261 932 301 1
855 221 919 256 1
853 181 933 223 1
718 165 754 246 1
723 250 754 326 1
624 186 703 225 1
635 268 707 308 1
375 648 467 694 1
260 667 339 719 1
390 535 480 580 1
395 493 470 530 1
409 449 493 484 1
415 406 483 440 1
411 365 494 402 1
400 321 487 359 1
413 282 483 316 1
406 240 485 275 1
387 191 480 235 1
379 153 464 190 1
377 114 459 151 1
386 71 461 108 1
388 30 464 70 1
387 0 470 26 1
625 0 703 21 1
628 23 708 63 1
625 61 703 100 1
616 102 702 144 1
621 148 700 183 1
635 221 715 261 1
712 0 748 66 1
713 78 749 159 1
844 426 925 464 1
859 462 938 503 1
856 504 935 542 1
860 543 936 579 1
857 582 939 619 1
855 623 940 661 1
839 139 919 177 1
834 98 908 137 1
831 58 910 96 1
829 17 909 55 1
825 0 907 14 1
