664 504 733 539 1
654 466 731 503 1
833 428 908 462 1
833 468 907 504 1
840 508 919 543 1
844 550 923 587 1
563 509 644 545 1
671 629 742 661 1
562 630 641 665 1
844 591 923 626 1
847 631 926 665 1
926 587 999 621 1
931 546 1012 580 1
933 504 1004 538 1
829 391 907 426 1
1110 578 1186 612 1
647 423 724 460 1
643 380 718 419 1
644 344 720 378 1
639 307 718 342 1
558 348 634 382 1
555 387 628 421 1
276 436 349 471 1
281 473 351 508 1
280 516 355 550 1
363 515 440 548 1
370 552 448 588 1
276 554 356 589 1
276 599 355 633 1
377 596 453 632 1
368 637 444 669 1
276 638 354 674 1
562 551 638 589 1
564 592 636 627 1
370 475 446 510 1
363 433 437 468 1
363 393 438 427 1
279 392 358 428 1
287 354 352 390 1
366 352 441 388 1
369 313 447 349 1
554 307 631 342 1
555 269 626 306 1
643 264 720 301 1
554 227 638 269 1
1116 539 1195 574 1
139 597 180 673 1
142 497 181 580 1
143 398 180 472 1
144 310 180 389 1
141 226 177 298 1
144 683 184 719 1
1116 499 1190 531 1
1116 612 1193 645 1
1122 653 1202 690 1
1120 693 1203 719 1
837 347 904 379 1
927 344 1003 380 1
925 388 997 422 1
926 429 1002 461 1
928 464 1006 499 1
659 546 732 583 1
557 429 633 466 1
559 470 638 503 1
648 226 712 260 1
281 313 359 348 1
282 272 353 307 1
367 273 440 306 1
379 233 455 266 1
366 192 442 227 1
368 153 444 189 1
376 117 444 153 1
376 78 449 112 1
370 39 447 77 1
369 3 436 40 1
329 180 362 253 1
324 98 360 175 1
377 676 457 716 1
286 676 366 712 1
827 242 910 278 1
925 233 984 268 1
918 196 985 233 1
915 153 993 191 1
564 670 642 708 1
657 669 737 708 1
836 197 909 235 1
828 156 905 194 1
634 188 716 222 1
551 185 630 224 1
550 149 624 186 1
640 145 720 184 1
644 109 717 143 1
563 110 625 148 1
551 74 628 110 1
645 71 718 108 1
644 35 717 70 1
562 35 631 74 1
552 0 622 33 1
639 0 718 34 1
824 118 894 151 1
917 114 993 151 1
915 77 991 113 1
826 79 900 116 1
909 39 986 76 1
828 38 900 76 1
906 3 982 39 1
826 2 899 40 1
1082 0 1166 36 1
1086 35 1163 70 1
1087 70 1167 108 1
1091 109 1163 144 1
1090 148 1165 183 1
1090 184 1170 220 1
1092 223 1171 259 1
1098 268 1173 299 1
1101 303 1168 339 1
1109 378 1181 413 1
1108 419 1191 452 1
1106 459 1189 493 1
930 625 1009 661 1
923 667 1008 705 1
846 670 915 705 1
