629 429 692 503 1
669 451 728 518 1
702 477 764 552 1
737 501 791 564 1
767 515 830 594 1
800 538 868 617 1
836 565 892 640 1
869 584 929 660 1
897 604 962 681 1
927 628 989 700 1
960 654 1021 719 1
993 665 1054 719 1
1038 686 1085 719 1
1077 705 1114 719 1
901 695 946 719 1
857 676 911 719 1
816 656 888 719 1
787 635 847 707 1
755 618 812 686 1
723 596 782 669 1
685 569 751 643 1
662 547 719 614 1
681 359 765 413 1
733 272 795 347 1
772 294 835 372 1
804 313 874 392 1
833 346 899 423 1
872 363 937 441 1
903 391 968 466 1
939 409 1002 486 1
973 438 1032 504 1
1001 454 1067 527 1
1035 479 1094 545 1
1063 496 1128 572 1
1097 516 1158 592 1
1125 545 1182 619 1
1159 566 1220 638 1
1193 583 1249 654 1
1211 606 1279 681 1
1246 640 1279 697 1
1256 693 1279 719 1
784 202 840 277 1
821 218 880 296 1
850 240 915 325 1
885 272 947 348 1
923 285 984 365 1
958 309 1016 381 1
989 337 1045 405 1
1016 360 1074 432 1
1058 371 1112 439 1
1080 399 1142 476 1
1114 424 1170 497 1
1144 449 1199 517 1
1175 471 1231 545 1
1203 488 1264 561 1
1230 513 1279 589 1
1257 566 1279 596 1
1246 311 1279 369 1
1212 276 1279 355 1
1171 252 1242 326 1
1126 219 1184 291 1
1039 146 1094 217 1
988 116 1051 190 1
936 79 1001 153 1
890 37 952 115 1
837 6 901 89 1
785 0 836 56 1
727 0 761 18 1
649 46 729 109 1
609 94 688 157 1
556 197 632 257 1
486 298 572 359 1
454 348 538 412 1
421 393 498 456 1
404 458 481 516 1
