898 186 999 236 1
108 231 197 277 1
94 294 203 341 1
81 417 188 463 1
84 478 193 524 1
72 652 175 702 1
489 481 602 532 1
356 304 467 353 1
374 121 487 172 1
502 129 608 180 1
407 0 456 27 1
772 250 875 299 1
753 72 874 125 1
895 78 1005 138 1
896 139 1006 189 1
905 309 1010 359 1
758 378 875 425 1
1058 317 1141 422 1
1138 354 1255 402 1
1252 363 1279 408 1
1241 460 1279 510 1
1250 517 1279 563 1
1248 566 1279 613 1
1244 616 1279 665 1
1139 563 1250 612 1
1138 664 1255 719 1
1142 302 1244 345 1
1241 305 1279 352 1
1247 207 1279 255 1
1145 211 1243 250 1
1135 156 1250 199 1
1241 163 1279 202 1
1244 102 1279 155 1
1133 104 1246 151 1
1133 48 1237 97 1
1236 53 1279 100 1
