668 117 784 173 1
553 114 667 167 1
526 176 654 230 1
663 180 775 230 1
1001 84 1108 136 1
997 202 1109 250 1
892 140 1005 189 1
881 195 998 242 1
1006 26 1111 79 1
1015 145 1098 192 1
888 19 999 78 1
661 14 773 66 1
654 0 768 13 1
286 164 411 217 1
161 168 261 215 1
1228 5 1279 61 1
1227 104 1279 152 1
1238 162 1279 202 1
1220 207 1279 255 1
1215 57 1279 102 1
1001 0 1105 28 1
1217 489 1279 537 1
1215 542 1279 588 1
1213 596 1279 646 1
1202 646 1279 697 1
1210 699 1279 719 1
1002 479 1113 531 1
886 479 991 524 1
888 536 993 582 1
1004 539 1107 589 1
994 591 1103 641 1
1007 642 1095 689 1
999 690 1110 719 1
881 593 987 645 1
891 648 991 696 1
645 470 764 525 1
646 534 762 584 1
635 591 745 640 1
640 644 757 693 1
640 694 749 719 1
518 468 644 521 1
522 527 638 578 1
522 587 632 637 1
276 457 394 509 1
268 520 391 572 1
270 580 391 635 1
261 691 385 719 1
130 454 252 503 1
126 514 251 570 1
121 690 235 719 1
