1082 195 1193 290 1
1231 319 1279 430 1
1167 309 1235 417 1
1113 310 1183 426 1
1058 326 1127 443 1
990 212 1046 317 1
1003 332 1068 445 1
951 342 1008 446 1
933 216 994 322 1
875 223 939 332 1
816 228 874 340 1
754 237 813 346 1
696 245 751 355 1
897 53 995 144 1
716 25 833 82 1
643 0 706 81 1
590 0 649 94 1
530 0 587 97 1
425 11 485 105 1
370 14 428 129 1
316 33 375 122 1
259 40 315 130 1
895 344 954 446 1
836 353 896 463 1
778 368 839 490 1
715 377 770 488 1
1213 559 1279 664 1
1155 584 1219 702 1
1096 584 1161 713 1
1038 606 1103 719 1
982 607 1060 719 1
932 619 990 719 1
874 623 934 719 1
810 646 872 719 1
661 577 761 625 1
526 677 578 719 1
460 688 511 719 1
147 58 215 163 1
86 60 153 167 1
35 77 98 178 1
0 82 46 193 1
461 253 518 364 1
483 413 540 527 1
422 412 483 531 1
404 288 461 399 1
347 289 405 402 1
293 309 352 416 1
233 305 288 421 1
176 316 237 428 1
124 334 183 437 1
71 337 129 443 1
7 354 72 455 1
361 417 424 533 1
306 429 365 530 1
255 449 311 541 1
191 455 259 562 1
142 488 201 575 1
83 460 148 575 1
25 473 92 577 1
0 484 36 581 1
