975 258 1006 329 1
846 259 876 324 1
816 254 844 322 1
780 252 812 318 1
710 251 740 315 1
679 251 707 318 1
643 248 673 319 1
608 253 641 321 1
540 252 569 322 1
502 249 534 316 1
647 399 687 463 1
683 399 721 464 1
713 398 753 462 1
753 402 792 465 1
708 119 771 150 1
943 263 972 321 1
1070 263 1099 324 1
1102 275 1131 313 1
1168 530 1220 593 1
1202 530 1254 593 1
1095 532 1140 590 1
1064 523 1116 589 1
797 526 845 591 1
761 529 805 589 1
522 533 566 598 1
566 532 606 596 1
644 523 692 598 1
602 533 642 597 1
412 520 451 592 1
372 531 412 594 1
338 524 378 589 1
305 515 347 577 1
746 260 774 329 1
1132 263 1159 324 1
1159 272 1193 328 1
1224 269 1255 331 1
1070 137 1129 170 1
421 113 493 144 1
513 112 577 144 1
592 115 652 146 1
269 116 336 147 1
469 246 497 303 1
433 250 463 319 1
391 255 423 318 1
390 323 423 393 1
1254 279 1279 329 1
1267 411 1279 468 1
1239 521 1279 584 1
981 399 1019 464 1
1169 407 1211 467 1
1139 410 1180 466 1
914 261 944 327 1
881 263 916 334 1
1008 268 1038 333 1
1038 262 1066 321 1
447 532 492 595 1
874 529 921 591 1
507 397 544 457 1
475 402 514 466 1
444 399 479 456 1
999 132 1059 163 1
578 249 605 319 1
208 116 271 146 1
1239 140 1279 173 1
918 403 958 463 1
1022 404 1053 466 1
1232 414 1274 473 1
1192 263 1223 328 1
