525 341 601 377 1
524 300 601 340 1
528 263 605 299 1
523 384 603 422 1
529 427 610 464 1
531 466 611 504 1
529 219 609 258 1
523 179 600 217 1
522 141 602 177 1
525 99 602 136 1
529 62 595 98 1
527 22 599 60 1
527 0 610 19 1
386 0 466 24 1
440 25 503 62 1
430 62 504 99 1
429 100 504 137 1
431 139 504 176 1
433 181 506 218 1
430 221 512 258 1
433 263 507 300 1
424 301 506 338 1
427 342 503 380 1
439 386 507 421 1
434 425 516 465 1
434 466 514 506 1
433 510 517 547 1
525 510 607 545 1
530 550 610 589 1
443 548 522 582 1
542 592 610 627 1
433 585 515 624 1
531 630 612 667 1
425 627 506 666 1
728 633 804 669 1
811 631 888 666 1
810 587 887 626 1
717 590 793 629 1
717 550 797 585 1
812 545 891 581 1
813 505 894 542 1
722 510 803 545 1
719 466 803 505 1
815 468 889 504 1
808 423 891 460 1
722 425 801 463 1
811 384 876 419 1
720 386 804 422 1
811 345 888 382 1
723 348 804 382 1
809 304 878 342 1
712 308 795 344 1
715 263 793 299 1
810 264 883 301 1
808 223 885 261 1
713 221 794 259 1
804 183 877 221 1
717 181 789 218 1
802 143 880 182 1
712 138 792 182 1
802 102 876 141 1
797 62 875 101 1
800 28 874 61 1
802 0 878 25 1
709 0 788 24 1
715 23 780 61 1
712 62 787 100 1
713 102 793 137 1
1005 700 1076 719 1
1004 659 1078 699 1
1008 623 1083 656 1
1004 586 1091 623 1
1008 546 1085 583 1
998 507 1073 544 1
1000 466 1076 505 1
999 427 1076 462 1
1005 388 1084 426 1
1004 347 1085 384 1
1011 310 1072 344 1
1009 270 1082 304 1
1000 232 1079 267 1
993 190 1074 228 1
998 150 1072 188 1
992 111 1072 148 1
995 74 1068 112 1
991 32 1076 74 1
989 0 1065 34 1
247 0 324 22 1
154 0 222 21 1
244 22 316 59 1
157 22 233 60 1
246 60 317 95 1
160 62 228 97 1
160 98 237 136 1
251 97 324 137 1
245 137 321 174 1
162 137 237 177 1
250 177 322 215 1
158 179 228 215 1
246 216 322 254 1
158 220 233 255 1
235 257 310 292 1
153 257 232 293 1
239 295 327 334 1
151 299 220 332 1
240 340 321 375 1
246 380 320 417 1
248 419 318 455 1
249 462 321 497 1
247 502 325 535 1
233 541 316 579 1
247 582 331 621 1
160 583 238 620 1
158 626 237 662 1
150 540 230 577 1
147 501 229 536 1
149 462 221 497 1
153 423 233 454 1
150 380 230 418 1
155 338 232 375 1
0 442 42 517 1
0 353 44 426 1
2 254 48 332 1
1 162 50 245 1
8 67 52 150 1
4 0 50 46 1
