534 92 599 159 1
504 118 572 186 1
482 150 550 220 1
455 184 523 251 1
532 367 597 429 1
419 202 484 268 1
389 228 461 298 1
366 259 437 333 1
338 291 406 361 1
317 324 382 389 1
505 403 575 471 1
725 169 784 221 1
482 436 550 504 1
561 63 625 129 1
418 484 491 557 1
687 182 754 254 1
447 457 519 527 1
381 0 447 46 1
316 31 395 107 1
300 67 370 134 1
275 101 343 164 1
241 124 314 190 1
197 183 267 251 1
166 214 237 279 1
287 355 354 425 1
183 483 257 550 1
159 508 227 578 1
354 10 421 77 1
422 0 476 23 1
591 38 653 99 1
613 7 683 73 1
641 0 708 48 1
689 0 740 25 1
875 0 937 46 1
849 24 910 77 1
744 133 810 186 1
772 107 834 162 1
801 75 863 130 1
826 55 889 109 1
665 223 738 288 1
645 258 710 319 1
614 284 680 340 1
597 320 663 377 1
565 344 628 402 1
136 543 203 607 1
109 573 173 639 1
76 595 143 663 1
42 620 114 690 1
18 656 89 719 1
0 694 45 719 1
320 607 387 674 1
302 641 367 707 1
271 669 340 719 1
237 690 287 719 1
359 699 403 719 1
391 670 458 719 1
483 533 546 601 1
514 564 578 621 1
548 578 621 647 1
579 617 643 670 1
607 636 678 702 1
638 668 706 719 1
133 244 199 305 1
94 265 175 341 1
72 299 145 371 1
49 329 123 394 1
19 356 96 426 1
0 390 71 457 1
0 425 42 490 1
