782 89 819 147 1
157 65 208 165 1
210 293 280 388 1
153 288 224 384 1
109 290 177 387 1
109 72 158 169 1
257 67 305 162 1
207 85 255 180 1
312 74 358 168 1
399 75 456 186 1
360 75 402 172 1
464 74 509 170 1
833 72 873 162 1
475 292 535 387 1
579 287 642 393 1
641 294 696 394 1
849 303 911 395 1
901 295 964 397 1
516 73 557 165 1
565 65 611 172 1
623 78 669 179 1
677 68 717 162 1
729 69 768 163 1
288 484 359 581 1
407 492 473 589 1
714 482 793 590 1
896 494 969 591 1
950 492 1025 589 1
1014 483 1092 580 1
233 488 299 581 1
45 479 130 584 1
0 492 60 585 1
772 495 839 588 1
1172 493 1258 588 1
1121 492 1189 582 1
1056 498 1130 581 1
1248 489 1279 581 1
1202 296 1268 391 1
1147 287 1210 391 1
1101 291 1164 389 1
1052 300 1112 398 1
1003 311 1061 400 1
58 289 127 386 1
51 69 105 171 1
0 73 54 175 1
879 81 923 170 1
930 71 973 171 1
978 81 1022 172 1
1027 97 1073 171 1
1079 86 1123 173 1
1125 88 1176 183 1
1181 81 1226 178 1
1228 77 1279 173 1
