138 342 242 391 1
141 404 248 451 1
528 646 642 699 1
544 409 659 461 1
418 235 528 284 1
162 218 269 273 1
814 310 930 360 1
132 579 230 625 1
170 161 261 210 1
956 184 1063 242 1
953 246 1059 293 1
825 188 925 232 1
434 55 544 110 1
560 64 666 113 1
808 9 927 65 1
948 19 1052 73 1
948 77 1055 132 1
953 132 1057 186 1
1183 0 1279 36 1
1188 42 1279 90 1
1186 94 1279 142 1
1198 147 1279 195 1
1192 240 1279 290 1
1185 293 1279 344 1
1184 347 1279 397 1
1184 403 1279 450 1
1185 505 1279 558 1
1185 606 1279 664 1
