711 124 763 238 1
828 472 877 592 1
759 470 813 604 1
694 478 750 583 1
632 482 688 606 1
635 120 690 240 1
573 108 630 231 1
564 473 615 590 1
493 465 550 599 1
771 125 821 233 1
956 130 1011 254 1
1014 140 1070 264 1
1072 150 1130 274 1
1132 127 1194 251 1
1198 155 1254 262 1
1250 160 1279 277 1
450 116 502 224 1
330 109 385 219 1
264 111 324 237 1
144 112 204 229 1
73 120 143 242 1
5 104 79 223 1
1182 503 1252 627 1
1121 504 1183 625 1
1064 474 1122 593 1
1000 477 1057 598 1
944 472 1000 590 1
435 468 488 596 1
375 469 427 594 1
314 465 368 585 1
242 459 301 572 1
184 453 241 568 1
123 446 183 560 1
58 439 123 559 1
0 433 63 562 1
