809 477 884 543 1
922 509 992 579 1
941 477 1005 540 1
969 448 1041 516 1
998 416 1068 482 1
1027 392 1097 462 1
1058 366 1121 429 1
1079 339 1147 401 1
1104 303 1168 368 1
1129 278 1202 347 1
1156 247 1220 313 1
1179 226 1255 296 1
1208 201 1279 268 1
1233 173 1279 239 1
1257 137 1279 192 1
1123 52 1185 116 1
1146 19 1213 93 1
1177 0 1243 67 1
1215 0 1268 39 1
1095 0 1159 29 1
1065 0 1136 59 1
1039 19 1097 78 1
1007 40 1072 100 1
1071 103 1133 170 1
1098 78 1156 140 1
981 69 1048 134 1
1046 126 1108 194 1
1017 157 1080 223 1
998 187 1055 248 1
973 213 1034 281 1
955 94 1024 161 1
929 122 1004 193 1
908 152 973 217 1
878 180 947 248 1
937 237 1004 307 1
849 205 920 275 1
914 268 979 335 1
886 291 953 362 1
823 233 893 304 1
860 325 924 390 1
834 355 896 421 1
804 383 872 450 1
770 410 839 482 1
744 435 805 501 1
797 267 866 335 1
762 285 835 361 1
733 318 806 393 1
708 356 768 415 1
678 380 749 451 1
647 410 710 472 1
616 441 686 512 1
698 196 771 272 1
895 0 930 15 1
834 0 904 39 1
803 0 872 59 1
776 16 846 86 1
753 51 815 113 1
727 0 780 24 1
681 0 752 54 1
656 15 722 80 1
724 71 789 143 1
696 103 760 171 1
630 44 697 113 1
664 126 735 202 1
638 160 707 232 1
602 185 676 258 1
599 70 666 138 1
565 94 634 164 1
534 121 608 195 1
514 156 585 228 1
479 182 552 258 1
450 213 521 282 1
578 221 650 292 1
539 243 612 317 1
514 274 586 346 1
425 249 494 319 1
484 308 552 379 1
421 0 491 47 1
385 21 452 91 1
336 66 407 140 1
286 103 360 177 1
247 150 324 224 1
206 199 282 269 1
146 263 234 317 1
244 333 316 407 1
283 384 355 454 1
371 460 440 529 1
457 537 529 614 1
499 577 572 653 1
537 626 610 697 1
598 653 665 719 1
