651 67 687 147 1
603 71 637 141 1
539 236 577 317 1
565 61 598 139 1
522 59 560 137 1
487 56 519 134 1
444 56 477 134 1
404 60 442 134 1
368 55 403 134 1
329 53 368 133 1
251 64 286 132 1
216 63 251 137 1
179 62 216 139 1
143 66 180 133 1
106 55 143 122 1
65 49 104 120 1
26 45 66 121 1
0 40 26 125 1
495 243 531 320 1
454 238 489 320 1
420 228 453 299 1
379 232 414 306 1
340 241 377 316 1
302 233 340 308 1
263 237 303 311 1
227 230 263 302 1
189 226 226 303 1
150 231 188 301 1
108 230 150 299 1
77 230 114 300 1
40 227 79 300 1
0 233 44 305 1
450 414 482 482 1
406 410 443 478 1
368 411 404 481 1
333 409 366 481 1
293 412 325 482 1
253 411 291 482 1
213 406 250 483 1
178 403 214 481 1
140 416 176 485 1
95 397 139 475 1
61 406 96 480 1
21 412 62 481 1
0 407 25 479 1
