281 379 347 450 1
258 411 319 477 1
227 440 291 508 1
498 432 554 487 1
525 397 578 453 1
551 371 609 429 1
579 339 633 398 1
609 312 665 371 1
258 696 302 719 1
276 662 341 719 1
469 458 528 515 1
438 488 495 545 1
411 515 466 565 1
392 551 450 606 1
351 568 413 640 1
329 605 398 670 1
308 637 367 703 1
475 0 529 30 1
429 0 500 55 1
402 9 469 82 1
371 37 438 109 1
338 67 409 137 1
314 98 381 164 1
281 121 352 196 1
252 149 323 223 1
200 220 264 281 1
174 247 240 313 1
143 271 217 342 1
121 302 184 364 1
86 326 148 386 1
48 351 118 415 1
19 378 92 443 1
0 402 63 477 1
0 458 36 503 1
313 352 379 422 1
347 329 412 397 1
373 297 434 366 1
405 271 471 340 1
425 239 491 305 1
454 207 517 271 1
487 186 557 260 1
521 158 586 228 1
547 120 612 195 1
203 469 266 535 1
174 493 239 564 1
150 526 218 595 1
124 558 190 626 1
86 576 150 640 1
52 601 127 673 1
27 631 101 707 1
0 664 71 719 1
0 503 12 533 1
