1040 442 1147 486 1
1034 385 1138 433 1
921 391 1026 437 1
909 331 1018 377 1
1030 333 1133 378 1
1034 267 1124 315 1
920 275 1018 321 1
908 222 1020 274 1
1021 205 1130 256 1
1036 154 1129 199 1
1016 102 1121 149 1
1008 49 1116 98 1
1240 113 1279 157 1
1246 168 1279 218 1
1239 62 1279 113 1
1239 10 1279 61 1
898 72 1008 120 1
898 121 1010 172 1
673 29 781 81 1
668 83 777 134 1
563 139 671 192 1
681 180 793 232 1
582 194 672 243 1
676 231 789 284 1
686 293 796 340 1
682 348 793 395 1
692 404 795 451 1
701 458 801 501 1
574 411 680 464 1
580 471 687 517 1
297 30 404 87 1
166 38 284 97 1
312 309 437 364 1
191 322 299 369 1
334 424 442 472 1
345 486 458 536 1
200 425 324 480 1
217 486 335 536 1
575 360 674 404 1
