819 43 856 126 1
815 150 852 234 1
808 245 848 329 1
813 353 853 438 1
831 520 892 602 1
1008 660 1083 700 1
807 569 843 652 1
797 684 832 719 1
616 0 687 34 1
611 79 684 119 1
595 123 672 166 1
611 293 680 331 1
597 418 678 456 1
596 542 669 575 1
600 585 672 617 1
599 625 674 661 1
602 667 675 700 1
594 705 670 719 1
433 0 513 45 1
420 255 497 305 1
417 333 499 394 1
413 632 490 685 1
256 640 325 689 1
243 683 320 719 1
250 582 332 640 1
240 530 326 588 1
249 484 332 548 1
254 443 336 500 1
252 391 341 449 1
266 348 338 400 1
256 294 340 351 1
258 246 342 296 1
256 189 336 252 1
258 152 340 207 1
264 104 346 163 1
261 64 343 114 1
264 0 340 58 1
