1046 453 1121 490 1
842 474 877 558 1
850 357 883 444 1
850 258 888 345 1
854 147 891 230 1
847 43 885 123 1
850 0 886 33 1
652 88 717 130 1
642 209 721 247 1
640 333 713 371 1
647 374 717 410 1
645 415 721 452 1
646 457 722 492 1
641 500 717 532 1
637 540 718 576 1
633 582 714 613 1
632 619 713 658 1
635 660 712 697 1
635 701 709 719 1
465 49 544 102 1
462 129 546 187 1
464 425 538 483 1
465 639 536 689 1
457 681 538 719 1
299 665 367 718 1
305 615 375 671 1
300 571 370 624 1
293 523 365 574 1
295 478 372 529 1
307 434 377 481 1
303 376 383 432 1
295 326 377 386 1
296 282 380 340 1
303 237 384 300 1
300 188 386 244 1
300 147 384 197 1
317 95 388 150 1
306 46 386 99 1
295 0 382 50 1
