533 389 577 482 1
583 379 629 473 1
631 389 672 484 1
676 385 721 482 1
725 379 770 474 1
777 383 815 470 1
822 373 866 469 1
869 375 913 465 1
915 377 960 461 1
962 379 1002 468 1
1006 380 1048 465 1
1049 383 1097 471 1
1098 386 1140 475 1
1137 383 1185 473 1
1179 377 1229 473 1
1228 385 1277 465 1
1232 268 1279 316 1
1211 124 1262 212 1
1260 133 1279 215 1
1128 132 1178 208 1
1041 129 1090 207 1
998 131 1042 220 1
911 129 953 219 1
862 136 909 226 1
816 124 863 218 1
771 117 811 204 1
724 107 764 200 1
680 117 719 208 1
627 121 667 222 1
1237 620 1279 719 1
1189 628 1238 719 1
1142 628 1191 719 1
1096 619 1142 704 1
1051 628 1097 719 1
1006 628 1051 719 1
962 633 1007 719 1
915 625 962 719 1
868 637 914 719 1
820 637 861 719 1
773 638 817 719 1
731 636 769 719 1
681 634 723 719 1
635 651 675 719 1
586 641 627 719 1
539 626 578 719 1
492 637 536 719 1
442 635 484 719 1
185 620 274 663 1
184 568 276 610 1
178 520 269 563 1
173 470 269 511 1
171 425 270 466 1
175 380 273 421 1
186 331 274 372 1
174 283 272 328 1
176 237 272 284 1
