774 131 813 216 1
772 231 814 310 1
763 369 803 443 1
759 476 793 545 1
764 548 804 631 1
542 393 622 431 1
554 440 629 477 1
556 483 636 520 1
545 523 622 558 1
543 562 614 603 1
533 604 606 643 1
539 646 614 680 1
560 687 622 719 1
456 334 535 373 1
332 183 421 219 1
380 422 458 474 1
380 474 455 520 1
362 516 444 565 1
366 561 446 607 1
364 678 439 719 1
205 538 290 594 1
193 585 283 641 1
204 640 287 693 1
195 682 277 719 1
212 495 283 542 1
202 445 285 494 1
213 393 289 455 1
202 347 289 403 1
220 302 298 359 1
222 255 305 310 1
224 214 303 262 1
