629 410 744 465 1
621 470 739 525 1
504 460 621 512 1
618 528 732 578 1
617 581 729 633 1
508 568 598 619 1
498 514 615 566 1
851 494 956 543 1
854 548 962 598 1
857 602 948 649 1
235 420 355 476 1
96 404 221 455 1
229 479 352 539 1
229 544 351 597 1
94 589 202 643 1
508 399 620 452 1
793 71 855 176 1
729 72 787 179 1
671 79 728 193 1
621 85 673 188 1
568 84 620 198 1
511 90 562 203 1
352 96 401 214 1
145 168 217 286 1
91 197 155 283 1
958 610 1051 660 1
969 547 1076 600 1
888 334 1000 390 1
37 184 94 302 1
291 103 344 217 1
405 89 462 209 1
846 649 941 699 1
954 692 1055 719 1
834 700 939 719 1
600 677 718 719 1
490 666 583 719 1
225 656 338 712 1
