225 312 306 423 1
282 283 359 391 1
334 258 410 364 1
380 235 463 347 1
489 191 565 305 1
547 182 617 266 1
581 135 663 248 1
91 24 161 130 1
135 0 208 99 1
184 0 256 75 1
687 35 763 141 1
740 10 816 116 1
780 0 865 98 1
266 515 377 581 1
389 485 494 550 1
613 351 734 422 1
753 318 866 389 1
770 377 885 448 1
791 433 901 498 1
822 540 930 609 1
682 530 780 593 1
1081 184 1187 246 1
980 214 1084 269 1
1099 235 1204 297 1
1113 287 1225 350 1
1132 334 1235 398 1
998 264 1108 328 1
1014 312 1120 378 1
1036 373 1128 423 1
1056 465 1153 523 1
1064 512 1179 573 1
1078 561 1187 623 1
1088 611 1203 679 1
229 0 297 53 1
293 0 346 27 1
0 343 57 405 1
32 684 125 719 1
302 685 405 719 1
702 644 815 716 1
904 190 975 305 1
1190 585 1279 650 1
1179 485 1276 551 1
1151 431 1264 497 1
1220 643 1279 703 1
877 0 953 66 1
932 0 998 45 1
995 0 1040 25 1
1228 699 1279 719 1
