293 270 338 367 1
345 272 390 372 1
400 294 441 355 1
454 278 496 374 1
506 287 549 380 1
560 276 605 385 1
615 287 656 386 1
665 304 710 385 1
461 517 524 614 1
517 511 578 616 1
721 291 766 387 1
646 71 748 125 1
685 523 739 619 1
737 513 795 612 1
788 511 849 618 1
627 531 687 625 1
846 520 908 618 1
1061 435 1112 540 1
1079 166 1189 219 1
895 77 996 128 1
985 307 1031 404 1
934 302 979 395 1
884 285 928 391 1
831 288 876 396 1
774 293 821 399 1
358 70 464 117 1
244 64 346 115 1
0 266 33 367 1
238 284 292 387 1
184 267 238 375 1
133 274 186 365 1
85 272 140 372 1
9 274 90 383 1
89 491 156 590 1
195 492 257 597 1
252 502 310 603 1
26 692 88 719 1
344 691 400 719 1
