831 650 912 693 1
826 617 906 652 1
821 576 898 612 1
837 531 915 572 1
841 493 905 530 1
837 455 919 491 1
824 413 905 453 1
820 373 892 410 1
819 334 896 369 1
817 294 894 328 1
811 253 892 290 1
810 215 889 254 1
809 171 895 212 1
809 133 887 170 1
807 92 885 131 1
815 53 889 90 1
799 13 880 51 1
587 0 666 18 1
590 17 670 60 1
353 0 438 26 1
361 27 442 67 1
366 70 443 106 1
379 112 447 145 1
362 149 449 189 1
364 194 448 229 1
369 236 443 270 1
377 278 457 313 1
376 320 454 357 1
372 361 449 395 1
367 404 447 442 1
369 445 453 480 1
376 480 473 523 1
396 527 473 562 1
404 567 471 603 1
392 607 477 648 1
403 649 484 688 1
405 687 472 719 1
589 59 673 96 1
587 101 669 139 1
588 148 664 183 1
593 187 671 226 1
601 228 681 265 1
611 267 688 304 1
613 307 691 343 1
613 347 689 381 1
604 387 690 428 1
607 431 687 466 1
611 469 689 509 1
623 507 702 546 1
623 552 696 592 1
630 595 695 630 1
632 634 693 674 1
628 671 714 718 1
684 21 719 100 1
687 105 725 181 1
691 192 731 271 1
699 277 732 349 1
701 361 734 436 1
702 446 741 524 1
710 530 742 605 1
712 613 746 697 1
831 693 909 719 1
