723 465 841 520 1
610 394 722 447 1
895 66 957 171 1
773 74 830 188 1
723 80 775 183 1
670 79 722 193 1
613 85 664 198 1
729 406 840 459 1
716 524 828 573 1
716 575 824 627 1
606 563 696 614 1
599 509 712 558 1
605 454 718 506 1
332 408 450 467 1
189 390 314 444 1
327 471 446 532 1
326 534 445 590 1
189 574 293 631 1
319 647 430 702 1
510 81 563 202 1
921 319 1035 381 1
452 87 505 203 1
246 152 308 270 1
197 182 246 268 1
17 168 82 288 1
142 169 196 288 1
833 73 885 180 1
394 93 445 205 1
0 170 24 283 1
0 433 43 483 1
166 699 281 719 1
585 661 685 719 1
695 669 810 719 1
941 488 1046 539 1
947 544 1052 592 1
1059 548 1164 600 1
1045 611 1139 661 1
1040 691 1141 719 1
947 595 1037 645 1
936 645 1031 698 1
923 697 1031 719 1
