793 181 874 216 1
803 225 883 259 1
812 267 889 298 1
812 308 888 340 1
814 349 895 383 1
810 387 886 419 1
804 423 883 457 1
829 465 910 497 1
803 506 881 539 1
820 547 908 584 1
822 589 901 629 1
818 631 890 666 1
815 667 884 703 1
816 704 895 719 1
688 265 723 337 1
690 342 723 416 1
694 424 734 506 1
698 512 735 597 1
696 602 733 690 1
702 689 732 719 1
611 259 685 292 1
600 305 681 339 1
607 344 679 378 1
602 387 679 420 1
610 427 683 461 1
612 469 692 505 1
612 511 688 547 1
610 551 684 589 1
606 593 686 632 1
610 635 689 672 1
613 673 695 715 1
372 175 449 212 1
385 223 461 258 1
378 268 465 304 1
366 309 448 347 1
365 353 444 387 1
376 392 445 429 1
366 438 436 473 1
363 478 444 510 1
365 520 440 558 1
379 560 458 597 1
381 597 460 636 1
375 641 453 679 1
374 682 449 719 1
