38 17 138 63 1
131 23 224 65 1
347 18 437 66 1
465 18 554 61 1
575 19 656 60 1
734 28 821 75 1
1133 45 1213 93 1
1228 53 1279 99 1
1224 225 1266 308 1
1268 241 1279 296 1
1186 225 1226 306 1
1140 232 1188 326 1
1094 218 1135 316 1
1052 226 1094 305 1
1015 223 1055 310 1
969 224 1023 323 1
920 220 961 308 1
880 215 919 301 1
832 209 874 299 1
788 223 824 309 1
742 205 780 300 1
699 212 734 299 1
650 207 687 299 1
600 212 646 300 1
552 204 594 297 1
506 210 546 305 1
456 206 498 294 1
403 202 444 282 1
354 205 398 300 1
298 213 344 303 1
295 307 344 402 1
368 410 416 487 1
414 414 468 505 1
460 409 510 489 1
653 409 707 497 1
703 410 754 500 1
739 407 796 494 1
798 413 850 499 1
1016 417 1072 496 1
1106 412 1159 499 1
1155 420 1204 503 1
1214 578 1279 673 1
960 588 1027 677 1
855 586 920 674 1
805 588 868 673 1
642 582 711 685 1
589 593 643 688 1
540 591 594 677 1
483 593 538 681 1
379 592 433 673 1
330 579 384 672 1
274 591 332 683 1
230 579 286 663 1
184 566 241 653 1
