777 39 817 128 1
777 138 815 227 1
764 278 807 359 1
761 387 797 456 1
762 460 801 544 1
542 302 626 341 1
552 353 635 390 1
557 398 637 430 1
545 435 623 472 1
541 477 615 513 1
529 519 610 556 1
541 560 612 599 1
560 604 621 637 1
546 643 620 678 1
454 244 534 282 1
333 91 416 134 1
220 124 299 171 1
223 165 303 221 1
220 210 294 264 1
204 253 289 312 1
210 302 285 368 1
199 354 283 409 1
211 411 282 452 1
198 448 286 505 1
195 498 277 553 1
194 549 281 603 1
190 595 274 647 1
182 638 268 696 1
361 596 435 641 1
363 636 441 686 1
366 473 439 519 1
364 425 445 475 1
382 384 451 431 1
379 333 455 383 1
