616 704 655 719 1
644 672 716 719 1
672 645 742 712 1
699 614 767 684 1
732 587 801 657 1
753 555 825 627 1
780 522 851 598 1
813 498 883 568 1
842 471 910 538 1
867 435 938 506 1
895 410 965 477 1
922 377 995 449 1
944 349 1018 419 1
977 324 1036 385 1
1005 300 1063 357 1
1023 267 1084 326 1
1047 240 1113 303 1
1068 209 1134 273 1
1098 186 1165 254 1
1125 155 1190 223 1
1152 131 1214 193 1
1171 97 1238 160 1
1202 74 1277 138 1
1244 131 1279 196 1
1100 0 1145 22 1
1048 0 1117 47 1
1028 11 1096 79 1
1004 36 1067 103 1
981 60 1041 129 1
957 89 1013 151 1
926 111 992 175 1
902 140 969 208 1
874 167 938 234 1
854 197 919 261 1
825 228 893 292 1
806 256 875 328 1
780 291 842 355 1
995 0 1040 20 1
943 0 1009 40 1
926 10 988 70 1
892 29 958 92 1
869 51 935 122 1
844 86 910 151 1
807 25 870 92 1
817 113 884 178 1
790 143 855 205 1
759 168 826 231 1
740 198 802 261 1
711 228 779 293 1
679 253 748 318 1
650 282 718 349 1
620 311 683 370 1
590 339 663 410 1
565 371 629 436 1
524 397 596 468 1
501 434 568 498 1
471 461 545 533 1
444 496 509 553 1
419 526 488 595 1
391 553 466 626 1
364 584 435 654 1
334 611 404 684 1
303 642 377 712 1
276 673 354 719 1
246 701 286 719 1
366 697 410 719 1
400 672 473 719 1
430 648 497 714 1
457 615 526 687 1
481 583 552 653 1
510 554 578 622 1
544 528 608 594 1
574 496 645 565 1
607 471 675 538 1
632 435 702 504 1
660 407 732 476 1
693 378 761 445 1
712 342 787 416 1
750 318 813 383 1
631 148 693 218 1
719 0 777 23 1
688 0 751 52 1
607 0 666 28 1
658 17 726 85 1
629 39 699 108 1
562 0 625 42 1
536 11 607 78 1
601 68 671 139 1
574 101 643 164 1
507 40 579 109 1
541 121 614 192 1
485 70 551 133 1
447 93 515 159 1
508 151 577 218 1
484 184 558 251 1
423 127 491 192 1
458 216 522 276 1
393 155 463 223 1
363 184 437 255 1
424 244 497 313 1
396 278 466 344 1
338 217 403 282 1
375 306 436 369 1
305 244 377 318 1
341 339 413 404 1
276 279 347 347 1
250 306 315 373 1
312 366 383 435 1
281 394 355 463 1
216 332 286 400 1
255 426 329 495 1
188 366 255 428 1
222 449 295 520 1
290 498 362 573 1
192 484 269 557 1
168 513 238 583 1
137 540 210 612 1
102 564 180 640 1
78 610 153 680 1
47 641 124 708 1
17 665 104 719 1
0 697 36 719 1
0 630 32 682 1
0 578 52 645 1
7 545 81 618 1
46 515 117 585 1
72 483 141 553 1
102 453 174 521 1
127 420 198 494 1
159 393 221 456 1
13 260 97 332 1
0 293 69 365 1
0 341 42 396 1
0 392 14 426 1
102 230 176 303 1
166 168 235 233 1
228 95 302 172 1
296 41 363 107 1
364 0 421 40 1
