862 425 932 505 1
796 485 838 566 1
786 692 820 719 1
796 376 833 456 1
804 282 842 361 1
808 177 847 256 1
819 0 856 30 1
592 0 668 42 1
605 48 674 81 1
622 88 682 121 1
610 127 679 167 1
600 208 674 246 1
587 253 662 290 1
598 420 662 453 1
584 543 665 581 1
577 663 654 701 1
432 81 501 128 1
430 121 507 173 1
413 378 491 428 1
405 456 491 513 1
227 648 312 706 1
234 698 300 719 1
236 604 318 668 1
237 560 323 621 1
242 511 326 567 1
248 468 325 520 1
245 412 330 472 1
248 366 330 415 1
243 309 327 373 1
250 273 329 327 1
256 225 343 282 1
256 185 337 236 1
262 129 336 183 1
258 81 340 137 1
263 37 349 93 1
266 0 343 41 1
