521 430 587 466 1
518 394 592 430 1
698 432 773 466 1
958 469 1033 504 1
958 508 1043 545 1
962 633 1041 668 1
963 591 1043 629 1
963 549 1039 584 1
794 385 870 423 1
432 431 512 467 1
435 389 507 426 1
517 305 588 345 1
515 264 596 304 1
432 269 508 304 1
509 228 584 264 1
426 229 500 268 1
699 344 772 383 1
789 344 866 381 1
786 304 865 341 1
693 306 776 341 1
696 266 763 304 1
692 223 774 260 1
783 222 863 261 1
791 264 867 299 1
697 184 772 220 1
788 184 861 220 1
698 145 773 181 1
700 107 771 143 1
435 186 507 226 1
511 186 594 225 1
519 147 593 185 1
431 147 510 187 1
516 107 592 146 1
431 109 508 147 1
429 72 500 112 1
951 307 1032 347 1
955 349 1030 385 1
961 387 1037 420 1
960 425 1035 463 1
513 351 594 387 1
427 351 510 385 1
693 389 769 425 1
795 425 871 463 1
959 266 1035 301 1
962 227 1033 263 1
951 185 1030 225 1
953 149 1032 184 1
949 106 1031 145 1
945 69 1026 107 1
949 31 1014 69 1
952 0 1015 29 1
792 143 862 177 1
787 103 866 138 1
781 67 854 102 1
693 67 767 103 1
428 309 507 344 1
515 65 591 103 1
519 29 596 65 1
438 32 513 70 1
443 0 508 31 1
522 0 593 28 1
696 31 767 66 1
778 26 853 64 1
775 0 847 29 1
695 0 768 31 1
698 470 780 507 1
788 473 865 505 1
788 513 866 549 1
706 515 776 550 1
703 557 782 592 1
787 552 864 587 1
789 595 870 629 1
702 592 785 630 1
703 636 785 672 1
794 634 865 668 1
789 672 873 712 1
700 676 782 710 1
959 668 1037 703 1
433 476 510 515 1
520 472 597 511 1
521 516 598 549 1
432 517 505 552 1
519 557 599 591 1
518 595 603 634 1
427 599 502 638 1
425 556 503 595 1
515 638 594 674 1
515 679 597 718 1
425 679 505 719 1
428 641 495 676 1
239 636 322 676 1
242 680 328 717 1
299 542 337 623 1
295 454 335 531 1
293 360 334 444 1
300 278 339 352 1
301 191 336 260 1
297 101 336 183 1
302 9 340 84 1
