1251 384 1279 449 1
1220 385 1253 452 1
1185 390 1217 457 1
1148 389 1185 456 1
1111 387 1147 456 1
1076 385 1111 455 1
1043 397 1077 467 1
1009 379 1044 455 1
968 391 1004 466 1
934 398 965 472 1
895 393 930 468 1
859 406 895 482 1
823 401 856 468 1
788 392 822 466 1
743 397 779 473 1
705 401 739 479 1
663 392 701 473 1
620 390 658 472 1
613 490 688 526 1
616 528 694 564 1
620 569 695 603 1
620 610 697 640 1
618 644 694 681 1
619 685 694 719 1
1256 217 1279 287 1
1222 226 1263 295 1
1188 219 1224 289 1
1151 222 1192 294 1
1116 215 1152 286 1
1081 211 1117 286 1
1045 217 1081 287 1
1010 214 1045 285 1
973 214 1008 288 1
936 209 972 286 1
901 215 936 292 1
864 217 899 290 1
825 204 858 274 1
786 198 821 278 1
748 202 784 283 1
708 202 743 281 1
669 207 703 283 1
627 205 661 280 1
1239 46 1277 125 1
1200 42 1240 123 1
1125 54 1162 119 1
1095 52 1125 123 1
1057 49 1094 126 1
1029 49 1058 117 1
984 40 1018 106 1
945 33 982 105 1
911 30 945 106 1
873 21 910 107 1
838 31 872 105 1
799 32 836 103 1
761 21 796 101 1
688 28 721 106 1
647 26 682 100 1
604 20 636 90 1
562 8 597 97 1
523 14 555 101 1
485 15 519 96 1
445 16 481 94 1
407 22 439 100 1
363 24 400 100 1
325 10 363 88 1
285 16 321 94 1
246 14 285 91 1
203 10 243 87 1
163 10 201 86 1
124 13 159 85 1
88 19 123 93 1
0 235 18 300 1
20 229 60 301 1
62 224 102 301 1
103 221 142 295 1
143 219 181 295 1
182 223 220 296 1
222 214 261 286 1
264 206 302 288 1
303 211 340 286 1
342 220 377 296 1
382 220 417 293 1
422 215 458 297 1
461 216 497 294 1
462 399 495 476 1
463 492 498 571 1
423 406 454 483 1
420 491 454 566 1
461 682 494 719 1
382 493 415 569 1
381 404 417 479 1
340 395 375 473 1
343 490 378 563 1
303 403 337 479 1
302 489 339 567 1
261 493 295 565 1
262 402 298 476 1
220 400 258 477 1
181 401 217 474 1
143 398 181 471 1
105 400 143 471 1
222 484 258 563 1
182 480 218 554 1
141 486 182 560 1
101 491 140 562 1
62 489 101 563 1
19 486 61 567 1
0 488 17 568 1
56 401 101 473 1
14 400 64 482 1
0 403 21 484 1
418 686 454 719 1
338 680 374 719 1
379 685 415 719 1
299 676 336 719 1
259 673 297 719 1
215 688 252 719 1
176 680 213 719 1
141 682 176 719 1
92 675 137 719 1
53 669 92 719 1
9 677 53 719 1
0 680 12 719 1
