1123 392 1190 498 1
1071 395 1134 501 1
1019 403 1079 505 1
960 411 1021 522 1
899 426 966 546 1
840 432 896 541 1
1109 268 1168 374 1
1055 272 1119 378 1
999 278 1062 385 1
941 283 1001 392 1
877 290 942 397 1
821 304 878 411 1
607 467 664 584 1
525 339 585 453 1
548 463 602 585 1
843 75 957 130 1
1019 105 1122 196 1
583 305 641 417 1
343 355 402 476 1
408 359 467 471 1
462 342 523 456 1
482 471 544 589 1
427 482 482 587 1
368 504 424 598 1
304 507 370 619 1
251 541 306 632 1
189 511 256 632 1
133 524 196 631 1
73 540 141 633 1
14 544 80 650 1
0 551 26 656 1
287 366 349 483 1
230 381 288 490 1
177 385 234 495 1
115 402 174 507 1
61 416 124 522 1
0 420 61 533 1
765 25 833 126 1
711 27 772 142 1
651 27 713 144 1
541 51 602 146 1
487 53 546 173 1
431 69 486 163 1
371 78 427 173 1
257 95 320 205 1
194 98 257 210 1
144 116 203 221 1
85 121 149 236 1
1203 250 1279 344 1
1183 384 1252 501 1
1237 366 1279 492 1
1222 644 1279 719 1
1165 666 1227 719 1
1107 665 1176 719 1
1054 678 1107 719 1
999 683 1052 719 1
851 667 919 719 1
