666 494 744 530 1
952 649 1017 682 1
952 609 1019 641 1
948 568 1023 602 1
941 526 1013 563 1
857 570 936 610 1
860 613 934 648 1
857 654 939 690 1
665 535 745 570 1
674 575 753 612 1
673 618 751 652 1
670 656 748 693 1
391 577 467 612 1
381 618 454 651 1
297 620 376 656 1
572 496 645 529 1
664 451 742 489 1
569 455 645 490 1
666 413 733 447 1
850 407 924 444 1
933 406 1009 444 1
934 369 1007 405 1
850 369 916 405 1
665 370 737 410 1
846 330 922 367 1
934 328 1010 366 1
664 332 744 371 1
574 332 652 368 1
385 456 460 493 1
380 414 450 449 1
664 292 727 328 1
658 251 733 286 1
570 292 649 328 1
560 211 639 249 1
297 581 373 614 1
375 377 448 412 1
376 337 455 372 1
576 255 652 291 1
655 214 724 250 1
567 418 642 451 1
574 379 638 414 1
578 537 650 576 1
579 582 657 615 1
579 623 653 654 1
574 658 653 695 1
940 448 1013 483 1
855 449 933 486 1
852 488 931 528 1
860 530 931 567 1
943 487 1020 526 1
387 656 472 696 1
296 661 366 694 1
657 171 730 209 1
846 288 927 324 1
935 288 997 324 1
930 250 1004 286 1
931 212 1001 247 1
852 215 917 250 1
569 174 636 209 1
845 252 923 289 1
673 696 748 719 1
577 699 652 719 1
869 693 946 719 1
952 686 1029 719 1
1146 676 1230 717 1
1151 639 1216 677 1
1145 601 1223 636 1
1137 563 1218 600 1
1132 523 1212 562 1
390 539 462 575 1
382 498 461 536 1
389 701 471 719 1
303 702 380 719 1
296 542 366 576 1
297 498 375 536 1
295 457 369 495 1
291 423 360 454 1
288 380 364 415 1
283 339 349 372 1
370 296 442 333 1
283 299 362 334 1
372 259 447 292 1
469 221 504 303 1
374 217 449 253 1
291 221 357 258 1
288 260 353 295 1
381 176 451 213 1
291 182 362 217 1
295 140 370 179 1
381 136 459 174 1
385 99 466 135 1
293 104 362 139 1
286 64 362 103 1
382 63 462 98 1
567 133 646 173 1
657 133 729 171 1
656 96 735 132 1
564 96 640 133 1
554 60 627 97 1
652 59 723 95 1
649 22 709 57 1
550 22 623 56 1
550 0 629 21 1
644 0 720 21 1
497 0 530 15 1
384 21 462 58 1
387 0 465 21 1
289 0 360 24 1
288 27 363 63 1
153 43 193 120 1
150 133 190 209 1
154 232 191 308 1
148 326 189 402 1
151 427 189 512 1
147 525 189 606 1
148 614 191 698 1
840 175 912 211 1
924 130 997 167 1
835 134 914 170 1
830 93 905 131 1
840 59 911 94 1
925 96 995 129 1
915 61 988 95 1
923 23 995 57 1
915 0 987 20 1
831 0 907 22 1
835 21 917 58 1
1133 481 1209 517 1
1129 442 1206 473 1
1129 404 1204 438 1
1125 363 1215 398 1
1125 327 1197 361 1
1122 291 1193 325 1
1117 249 1201 285 1
1118 210 1203 245 1
1112 172 1192 208 1
1111 134 1190 170 1
1113 97 1188 131 1
1106 62 1182 97 1
1105 25 1184 60 1
1097 0 1175 22 1
