697 461 757 584 1
640 439 694 561 1
556 105 611 221 1
619 108 670 226 1
682 102 737 218 1
745 126 804 246 1
813 120 872 247 1
937 117 993 240 1
995 119 1052 219 1
1057 109 1120 220 1
1112 113 1177 226 1
1173 104 1241 218 1
1235 105 1279 221 1
434 114 484 226 1
367 115 422 241 1
307 128 361 229 1
247 135 303 254 1
182 134 238 246 1
114 131 178 257 1
59 138 117 259 1
0 145 60 260 1
1195 414 1261 535 1
1257 445 1279 538 1
1137 439 1201 558 1
1078 432 1140 555 1
1014 444 1075 569 1
953 449 1010 573 1
883 415 957 608 1
433 473 488 605 1
309 450 368 586 1
186 457 243 581 1
121 467 181 587 1
58 469 121 588 1
0 459 57 567 1
