482 351 550 420 1
562 430 640 508 1
609 472 681 550 1
646 520 718 590 1
705 548 773 619 1
450 0 518 37 1
595 203 663 269 1
562 108 631 175 1
625 167 695 236 1
652 136 723 211 1
758 305 817 366 1
787 275 856 345 1
849 330 911 395 1
877 305 946 376 1
817 250 875 309 1
908 280 976 344 1
1179 239 1248 303 1
726 336 796 405 1
1203 206 1267 269 1
1155 269 1221 328 1
1127 293 1197 364 1
1098 316 1165 383 1
1069 348 1140 416 1
1043 376 1105 439 1
1020 408 1091 479 1
1227 182 1279 249 1
1253 150 1279 203 1
937 252 997 318 1
961 224 1024 288 1
866 184 939 258 1
717 186 788 261 1
1015 284 1082 353 1
838 216 911 287 1
900 166 969 233 1
926 134 994 204 1
987 190 1052 263 1
1016 169 1077 234 1
1037 139 1102 208 1
1072 116 1131 183 1
1094 91 1150 152 1
950 106 1021 177 1
978 83 1046 152 1
1010 59 1072 124 1
1028 27 1104 97 1
1054 1 1123 67 1
1084 0 1147 40 1
1115 60 1178 126 1
1147 29 1207 98 1
1169 7 1234 75 1
1195 0 1258 46 1
1245 0 1279 20 1
747 60 814 130 1
713 83 783 154 1
689 116 758 188 1
676 0 742 60 1
645 21 716 93 1
627 54 698 125 1
590 78 663 150 1
538 144 607 211 1
401 2 473 71 1
361 46 437 120 1
320 92 394 165 1
261 155 345 209 1
355 227 427 297 1
392 276 465 348 1
708 0 773 36 1
761 0 805 12 1
770 28 841 100 1
802 5 865 70 1
824 0 892 47 1
877 0 917 22 1
