895 453 939 563 1
840 461 884 572 1
779 457 827 562 1
635 235 750 282 1
662 461 713 570 1
720 457 765 554 1
386 242 493 288 1
285 242 390 285 1
597 471 648 574 1
944 460 997 564 1
1000 455 1042 558 1
1049 455 1095 553 1
1098 447 1143 552 1
1146 468 1194 567 1
1195 449 1251 553 1
786 234 887 280 1
911 236 1004 282 1
1249 452 1279 553 1
1086 245 1181 287 1
603 582 651 691 1
687 691 730 719 1
738 690 782 719 1
787 689 832 719 1
1001 678 1052 719 1
1057 678 1105 719 1
1100 674 1151 719 1
1156 676 1219 719 1
