713 653 777 711 1
688 581 770 651 1
651 504 748 583 1
635 431 739 514 1
656 376 737 448 1
640 312 742 391 1
646 257 729 330 1
451 203 550 247 1
450 256 558 301 1
457 310 562 349 1
453 354 556 399 1
454 404 559 448 1
457 459 565 505 1
464 508 562 552 1
227 212 334 258 1
223 269 331 310 1
229 319 318 362 1
231 365 325 407 1
218 415 331 459 1
235 469 326 509 1
237 515 338 558 1
237 567 345 609 1
233 660 347 719 1
467 606 566 656 1
128 667 241 714 1
121 517 224 562 1
133 567 232 617 1
124 470 225 511 1
116 418 211 463 1
123 369 230 404 1
121 319 226 360 1
103 271 217 317 1
112 214 218 260 1
484 704 580 719 1
