1107 169 1180 202 1
915 69 956 152 1
909 181 946 268 1
915 0 959 59 1
712 37 785 77 1
720 80 789 117 1
718 118 793 157 1
716 161 792 197 1
715 200 787 238 1
711 238 789 279 1
705 283 788 320 1
706 325 783 361 1
703 363 784 399 1
704 408 777 442 1
703 447 782 481 1
696 491 778 521 1
533 338 603 388 1
536 123 610 180 1
531 380 606 435 1
532 424 605 479 1
366 607 452 659 1
376 551 436 602 1
378 510 444 554 1
366 456 440 507 1
367 413 442 467 1
371 366 439 416 1
377 320 448 368 1
390 279 446 322 1
378 225 438 268 1
382 180 447 229 1
389 131 450 179 1
379 76 458 131 1
398 35 453 85 1
381 0 452 39 1
0 387 43 472 1
