851 0 890 30 1
845 35 885 123 1
848 142 891 225 1
845 253 884 342 1
843 355 882 438 1
836 471 871 553 1
1040 450 1113 487 1
651 79 717 120 1
641 201 718 241 1
639 326 711 362 1
640 369 714 402 1
639 408 717 445 1
641 452 716 486 1
636 492 711 527 1
634 531 710 569 1
628 571 708 605 1
626 613 706 649 1
624 653 705 686 1
624 694 704 719 1
464 42 544 92 1
462 121 546 176 1
458 416 537 469 1
452 631 527 680 1
450 673 529 719 1
311 0 385 39 1
307 34 388 84 1
307 80 387 136 1
301 135 383 184 1
300 174 384 236 1
298 226 379 284 1
292 266 374 328 1
287 311 370 372 1
300 364 378 424 1
296 422 369 471 1
292 466 365 519 1
286 517 358 561 1
291 564 364 613 1
292 613 365 661 1
287 652 357 706 1
