426 0 493 64 1
395 19 463 89 1
366 50 432 116 1
340 82 406 147 1
307 106 378 175 1
278 134 350 206 1
226 203 290 264 1
201 231 269 296 1
172 257 245 326 1
571 98 641 173 1
546 137 614 206 1
513 163 583 237 1
481 185 544 249 1
454 217 519 285 1
433 251 500 322 1
400 279 465 349 1
374 310 442 378 1
341 335 409 402 1
311 362 379 433 1
287 397 353 462 1
258 426 323 494 1
383 550 443 623 1
423 533 476 584 1
470 467 527 530 1
500 440 559 500 1
527 412 582 468 1
554 377 609 432 1
580 348 644 410 1
609 318 669 380 1
637 290 697 351 1
460 0 523 37 1
362 592 433 653 1
340 623 404 686 1
310 648 380 713 1
296 685 345 719 1
266 705 298 719 1
442 498 502 555 1
148 288 213 351 1
112 315 176 374 1
77 342 148 404 1
49 368 123 433 1
8 391 96 467 1
0 427 69 493 1
0 465 44 523 1
0 514 10 549 1
234 456 300 522 1
205 481 271 549 1
185 512 252 582 1
156 546 224 613 1
121 564 185 630 1
88 591 162 661 1
65 624 137 695 1
33 656 106 719 1
9 687 65 719 1
