781 699 861 719 1
1053 606 1131 640 1
1045 567 1124 599 1
581 294 658 332 1
581 335 659 371 1
1033 448 1104 482 1
1033 484 1110 517 1
1046 528 1113 559 1
595 655 666 691 1
494 657 569 694 1
496 622 564 653 1
577 574 658 609 1
493 302 562 334 1
488 262 560 297 1
494 501 567 533 1
586 615 659 651 1
853 415 934 451 1
853 535 931 573 1
853 573 938 611 1
773 618 846 654 1
767 660 843 695 1
1056 642 1128 677 1
1048 680 1129 713 1
592 695 665 719 1
497 699 574 719 1
588 219 658 254 1
581 257 661 291 1
489 337 565 372 1
498 543 575 577 1
495 582 569 617 1
583 537 661 572 1
582 496 663 533 1
587 455 660 488 1
483 460 557 494 1
587 417 660 451 1
500 419 577 453 1
488 377 565 412 1
579 376 657 413 1
862 614 925 651 1
863 651 939 693 1
868 693 945 719 1
768 580 839 615 1
774 540 838 576 1
768 499 839 533 1
850 494 922 529 1
850 456 928 490 1
763 460 844 495 1
316 700 391 719 1
314 663 389 696 1
312 620 396 657 1
316 583 391 618 1
328 544 392 578 1
316 505 396 540 1
305 462 377 499 1
317 427 393 461 1
142 373 215 406 1
136 333 214 366 1
131 294 214 329 1
129 252 208 290 1
123 217 207 252 1
123 179 205 214 1
116 141 190 179 1
119 102 194 139 1
118 66 196 101 1
127 28 202 63 1
115 0 193 28 1
319 0 389 35 1
317 36 381 73 1
311 74 379 109 1
298 109 366 148 1
304 150 376 189 1
311 189 388 223 1
496 0 575 30 1
484 34 556 67 1
578 140 649 177 1
584 180 655 214 1
486 218 565 254 1
756 419 840 456 1
765 379 848 416 1
852 377 926 411 1
1030 410 1113 447 1
1039 370 1118 409 1
1039 329 1117 364 1
1044 290 1104 324 1
1040 253 1113 287 1
1026 182 1097 218 1
852 335 925 372 1
771 341 834 375 1
765 299 842 336 1
857 298 918 330 1
843 258 920 296 1
762 260 838 296 1
761 219 836 256 1
859 218 933 255 1
850 178 925 216 1
759 179 835 216 1
856 142 927 177 1
758 141 837 179 1
762 103 840 141 1
850 105 918 141 1
844 66 917 103 1
763 64 838 102 1
761 32 838 66 1
850 28 914 63 1
853 0 920 25 1
756 0 828 32 1
1019 105 1093 141 1
1015 66 1095 105 1
1016 27 1092 63 1
1014 0 1081 26 1
