91 571 153 689 1
35 594 91 694 1
0 585 40 705 1
239 519 292 626 1
297 514 351 629 1
348 509 407 625 1
456 507 506 627 1
512 506 562 622 1
567 508 616 612 1
616 502 668 618 1
675 495 721 608 1
900 267 1008 351 1
918 326 1023 415 1
951 371 1053 456 1
1249 407 1279 465 1
1228 347 1279 411 1
1206 284 1279 359 1
1174 245 1272 313 1
1144 190 1249 275 1
1105 156 1192 223 1
1083 89 1198 177 1
1065 42 1167 124 1
1042 0 1132 73 1
1005 0 1082 26 1
1245 158 1279 213 1
1212 87 1279 157 1
1193 35 1279 108 1
1162 0 1257 59 1
1177 556 1236 661 1
993 414 1088 499 1
1127 0 1209 23 1
