540 0 578 34 1
614 0 647 34 1
674 0 709 32 1
735 0 768 26 1
792 0 829 33 1
858 0 894 32 1
917 0 949 27 1
1028 0 1066 40 1
1089 0 1131 38 1
1138 0 1186 42 1
1187 0 1220 33 1
1226 0 1262 33 1
1094 134 1138 216 1
1136 138 1175 216 1
1175 142 1216 216 1
1216 142 1258 220 1
1019 140 1055 217 1
976 136 1015 211 1
937 129 976 207 1
896 129 934 208 1
857 137 894 218 1
815 129 851 214 1
774 129 812 211 1
730 139 765 219 1
1219 234 1264 309 1
1177 223 1219 306 1
1138 225 1180 307 1
1100 232 1139 303 1
1061 225 1100 306 1
1022 229 1060 304 1
981 223 1020 307 1
943 230 978 309 1
900 223 938 307 1
858 229 895 312 1
814 217 854 304 1
776 220 815 303 1
730 223 765 303 1
730 414 767 494 1
774 414 811 485 1
817 415 856 496 1
859 418 893 486 1
515 92 598 131 1
510 155 591 194 1
519 269 598 308 1
513 394 602 431 1
515 453 607 489 1
513 515 597 552 1
536 579 616 614 1
822 502 858 575 1
861 502 898 584 1
903 506 941 587 1
943 510 980 583 1
983 506 1021 580 1
1023 500 1064 582 1
1064 504 1101 580 1
1104 500 1141 581 1
1145 508 1182 582 1
1183 507 1221 575 1
1221 500 1262 575 1
899 408 938 493 1
941 406 980 495 1
982 415 1019 496 1
1019 412 1061 493 1
1060 410 1102 491 1
1101 414 1139 493 1
1139 416 1182 492 1
1180 409 1226 494 1
1221 409 1262 483 1
1262 0 1279 46 1
1120 79 1190 114 1
1253 138 1279 218 1
1254 234 1279 310 1
1257 410 1279 485 1
1260 499 1279 577 1
1262 672 1279 719 1
1221 675 1267 719 1
1181 675 1224 719 1
1136 679 1179 719 1
1097 685 1137 719 1
1059 681 1097 719 1
1017 676 1057 719 1
975 676 1016 719 1
935 679 972 719 1
894 688 935 719 1
700 548 778 620 1
