1169 564 1279 615 1
1183 622 1279 685 1
1195 680 1279 719 1
1144 228 1253 277 1
1131 168 1246 219 1
1138 110 1242 161 1
1126 57 1244 114 1
892 23 1003 80 1
891 78 1006 129 1
902 138 1012 188 1
896 191 1011 242 1
912 247 1016 297 1
921 301 1026 346 1
947 583 1062 639 1
958 642 1073 694 1
959 699 1072 719 1
831 590 933 640 1
833 655 942 709 1
667 436 776 493 1
796 316 911 367 1
789 259 903 313 1
790 206 890 254 1
792 39 883 93 1
773 0 887 46 1
529 161 647 221 1
403 179 512 232 1
551 276 658 328 1
562 341 676 392 1
421 284 543 335 1
442 344 554 394 1
578 619 688 671 1
439 630 555 681 1
446 685 561 719 1
70 666 173 716 1
