943 703 1019 719 1
851 699 933 719 1
939 663 1014 693 1
857 658 933 691 1
938 616 1007 650 1
857 617 932 652 1
852 577 930 612 1
938 578 1002 611 1
1113 698 1189 719 1
1116 663 1191 697 1
1121 623 1200 660 1
1113 584 1190 620 1
1124 540 1201 577 1
1038 378 1076 458 1
1004 387 1039 462 1
969 388 1002 465 1
928 381 962 456 1
894 378 928 450 1
852 372 889 453 1
813 375 849 455 1
773 372 808 450 1
735 380 767 450 1
692 376 729 454 1
569 331 645 366 1
183 509 263 544 1
182 548 263 581 1
182 586 261 620 1
1126 502 1197 535 1
1124 456 1205 492 1
658 574 736 608 1
657 697 729 719 1
656 616 733 652 1
1085 370 1125 451 1
562 695 638 719 1
382 571 460 606 1
382 611 460 645 1
387 651 459 686 1
386 690 461 719 1
175 469 264 506 1
562 290 642 327 1
559 246 634 281 1
570 211 638 245 1
371 284 447 320 1
369 323 444 360 1
375 365 443 400 1
371 406 445 443 1
195 342 272 378 1
196 382 268 418 1
190 428 260 461 1
193 664 268 704 1
178 703 256 719 1
191 624 268 660 1
657 381 688 464 1
565 574 642 607 1
574 612 647 648 1
571 650 646 689 1
660 655 733 688 1
368 242 444 281 1
371 206 440 243 1
384 166 457 203 1
385 127 460 164 1
568 98 639 132 1
564 135 644 172 1
574 173 647 206 1
558 371 639 406 1
557 411 639 451 1
562 56 635 95 1
378 89 454 125 1
382 53 454 90 1
549 15 625 55 1
570 0 646 16 1
387 0 457 15 1
384 17 456 52 1
220 0 290 34 1
207 40 277 76 1
201 77 274 114 1
196 116 275 150 1
189 153 275 191 1
196 192 275 224 1
201 230 273 265 1
191 268 269 303 1
