587 284 666 323 1
577 204 651 240 1
579 159 659 195 1
578 118 662 150 1
581 75 662 114 1
580 33 658 70 1
591 443 672 484 1
354 295 429 328 1
674 78 708 153 1
677 160 711 238 1
596 406 673 442 1
354 124 432 158 1
350 80 433 117 1
361 333 443 369 1
580 248 661 279 1
346 249 432 283 1
797 196 878 229 1
798 158 878 192 1
806 115 880 150 1
794 74 873 107 1
789 33 870 69 1
797 317 878 352 1
373 584 450 620 1
347 205 435 243 1
801 235 885 274 1
798 279 879 315 1
806 439 880 476 1
802 400 883 434 1
801 359 881 394 1
380 626 448 663 1
591 492 668 530 1
593 530 667 567 1
607 566 680 610 1
603 614 675 656 1
364 165 432 198 1
821 598 901 638 1
825 562 892 597 1
824 521 906 560 1
812 478 893 516 1
692 591 723 667 1
688 506 724 587 1
686 420 719 500 1
683 250 720 329 1
685 335 721 412 1
598 368 677 401 1
346 463 428 500 1
347 500 430 542 1
353 538 449 585 1
357 377 435 413 1
353 419 432 454 1
598 328 675 363 1
803 643 885 683 1
787 0 859 25 1
577 0 655 29 1
670 0 703 71 1
340 0 419 33 1
343 37 425 76 1
811 685 893 719 1
695 678 728 719 1
611 658 674 695 1
610 699 669 719 1
365 665 451 709 1
