1068 381 1144 418 1
862 398 897 477 1
873 277 912 363 1
877 176 918 261 1
883 65 923 154 1
873 0 919 45 1
684 4 748 45 1
670 123 750 167 1
667 245 739 283 1
671 289 744 326 1
668 329 744 364 1
670 373 744 404 1
661 413 737 445 1
657 452 740 490 1
655 493 735 528 1
651 537 732 572 1
651 577 730 610 1
648 618 726 656 1
648 659 730 691 1
641 698 720 719 1
486 332 562 386 1
495 40 578 96 1
480 550 552 599 1
475 589 555 643 1
474 632 551 688 1
301 657 384 711 1
312 612 387 668 1
313 572 384 619 1
329 530 392 576 1
324 478 391 532 1
308 433 383 472 1
326 384 394 432 1
330 339 398 389 1
326 282 408 338 1
319 231 401 291 1
327 184 408 248 1
332 143 411 201 1
329 91 416 153 1
333 51 414 103 1
362 4 417 53 1
