644 266 681 338 1
602 262 641 334 1
598 170 633 244 1
555 168 592 249 1
604 454 638 528 1
643 454 678 535 1
564 460 600 539 1
522 460 558 530 1
516 173 553 252 1
517 266 556 347 1
564 275 598 348 1
686 450 721 530 1
568 544 606 624 1
608 540 642 614 1
648 546 685 625 1
524 540 561 625 1
691 545 728 618 1
731 538 766 615 1
769 534 804 613 1
809 531 842 604 1
852 538 887 610 1
725 441 762 516 1
768 442 801 520 1
805 437 839 517 1
847 441 884 508 1
504 0 539 68 1
550 0 584 54 1
680 169 716 247 1
636 170 673 245 1
687 267 723 339 1
725 258 762 337 1
765 251 803 329 1
721 164 754 242 1
759 163 796 238 1
800 159 836 234 1
839 165 876 240 1
875 159 911 235 1
913 161 947 233 1
805 248 845 323 1
845 248 880 324 1
880 244 917 321 1
919 247 957 321 1
956 252 991 318 1
991 240 1028 320 1
1030 244 1070 323 1
949 160 989 239 1
989 159 1028 235 1
1026 158 1060 227 1
1062 169 1098 232 1
1093 158 1131 233 1
1132 167 1168 235 1
1169 158 1205 226 1
1205 152 1245 225 1
1246 152 1279 224 1
1069 249 1102 319 1
1103 250 1139 320 1
1138 248 1172 320 1
1208 243 1245 310 1
1245 244 1279 313 1
588 0 624 58 1
632 0 666 56 1
670 0 704 48 1
710 0 744 52 1
754 0 786 44 1
791 0 823 47 1
825 0 863 48 1
868 0 901 54 1
905 0 939 53 1
941 0 976 65 1
977 0 1012 55 1
1018 0 1054 54 1
1056 0 1086 58 1
1087 0 1122 58 1
1127 0 1163 52 1
1166 0 1199 45 1
1201 0 1237 47 1
1237 0 1274 48 1
333 0 376 69 1
294 0 331 75 1
250 2 291 77 1
211 0 249 80 1
160 0 209 89 1
335 168 372 249 1
338 276 374 346 1
946 430 984 504 1
954 514 991 592 1
995 519 1029 591 1
1034 517 1067 597 1
1071 518 1109 592 1
1139 509 1178 588 1
1176 507 1218 582 1
1213 508 1251 581 1
1250 500 1279 573 1
989 438 1027 509 1
1026 431 1064 506 1
1063 428 1096 493 1
1100 430 1135 501 1
1138 431 1175 500 1
1177 427 1212 498 1
1209 421 1248 497 1
1238 410 1279 479 1
1262 692 1279 719 1
1223 684 1267 719 1
1189 685 1235 719 1
1150 692 1192 719 1
1115 693 1153 719 1
1080 697 1114 719 1
1040 694 1078 719 1
1004 695 1040 719 1
969 699 1006 719 1
929 707 962 719 1
891 708 924 719 1
857 711 887 719 1
350 466 387 542 1
354 558 390 630 1
311 554 352 631 1
306 470 343 549 1
267 472 305 553 1
271 563 311 640 1
295 169 332 250 1
298 269 336 345 1
256 171 290 250 1
256 273 292 338 1
215 176 250 251 1
215 277 255 349 1
176 282 216 360 1
169 189 211 264 1
133 192 170 270 1
95 187 132 263 1
138 282 177 354 1
97 282 138 359 1
55 280 96 354 1
225 473 262 547 1
228 552 267 629 1
187 463 226 541 1
193 561 227 636 1
153 562 194 639 1
145 469 186 548 1
101 474 143 547 1
58 485 100 554 1
111 567 151 646 1
66 570 108 641 1
27 572 68 641 1
