834 98 915 131 1
837 135 921 173 1
841 176 920 214 1
855 216 932 254 1
855 299 934 332 1
857 336 931 374 1
639 182 715 222 1
765 543 807 623 1
727 538 764 621 1
683 549 719 629 1
646 557 681 626 1
634 228 714 266 1
630 130 717 174 1
631 262 730 309 1
636 100 696 136 1
807 535 845 617 1
849 524 881 599 1
890 499 930 581 1
720 81 754 168 1
724 174 762 252 1
635 61 700 96 1
628 10 702 54 1
716 0 749 71 1
846 9 926 51 1
830 54 908 92 1
399 0 477 18 1
408 21 473 58 1
391 61 478 100 1
402 106 485 142 1
406 147 475 181 1
401 187 484 224 1
386 235 461 268 1
380 276 469 319 1
364 388 460 435 1
251 409 326 480 1
375 460 466 502 1
377 497 463 538 1
373 540 465 581 1
604 548 640 631 1
560 553 600 632 1
519 567 556 650 1
850 257 928 294 1
849 378 933 415 1
