551 297 619 331 1
352 370 428 406 1
350 409 425 446 1
549 184 620 218 1
545 221 625 258 1
365 99 435 136 1
540 335 616 369 1
544 145 620 181 1
533 105 608 140 1
544 377 634 415 1
549 421 627 451 1
539 458 618 493 1
370 64 441 98 1
674 462 706 541 1
712 468 746 538 1
947 475 979 551 1
167 663 244 699 1
168 628 244 657 1
166 589 247 622 1
173 509 244 542 1
181 425 258 461 1
179 465 253 500 1
369 253 439 288 1
368 214 443 249 1
364 177 437 210 1
367 141 440 175 1
358 450 427 484 1
354 491 427 527 1
174 237 261 275 1
182 276 257 309 1
187 312 258 348 1
178 353 252 387 1
171 702 251 719 1
543 36 621 69 1
751 465 786 536 1
790 462 824 543 1
830 457 866 539 1
873 462 903 542 1
908 466 940 542 1
159 549 248 583 1
194 126 261 159 1
187 165 258 197 1
183 201 257 233 1
1059 456 1098 534 1
824 659 900 694 1
909 660 971 691 1
908 696 975 719 1
826 697 900 719 1
1092 703 1170 719 1
1083 661 1161 700 1
1096 621 1174 656 1
1096 583 1168 617 1
1097 539 1179 576 1
982 471 1015 549 1
1015 460 1052 540 1
535 498 616 535 1
634 462 666 545 1
637 654 712 688 1
636 694 708 719 1
554 691 625 719 1
547 654 618 689 1
367 649 442 686 1
367 687 443 719 1
206 14 279 47 1
202 49 281 83 1
206 85 274 119 1
366 27 441 63 1
543 0 617 32 1
552 70 627 104 1
556 263 628 292 1
351 331 426 367 1
355 293 424 326 1
371 0 440 27 1
211 0 275 14 1
