569 389 687 448 1
562 452 682 513 1
560 516 678 571 1
419 555 524 613 1
634 76 681 188 1
79 154 138 271 1
145 152 200 261 1
207 146 258 257 1
262 143 316 262 1
30 374 147 435 1
160 401 272 452 1
0 557 110 615 1
375 144 428 263 1
439 158 484 245 1
483 130 541 248 1
692 74 742 188 1
745 73 797 188 1
841 75 899 187 1
894 77 949 186 1
943 83 999 181 1
993 77 1048 184 1
1046 72 1102 176 1
1103 66 1161 174 1
1007 285 1124 345 1
421 369 547 424 1
838 378 946 432 1
948 392 1055 444 1
832 439 945 487 1
945 448 1050 503 1
823 492 936 540 1
937 504 1045 556 1
549 626 658 682 1
391 677 507 719 1
830 543 921 594 1
934 558 1037 608 1
807 642 904 706 1
791 691 906 719 1
912 650 1026 708 1
1146 478 1253 527 1
1149 530 1260 579 1
1258 540 1279 583 1
1249 599 1279 646 1
1246 681 1279 719 1
1152 581 1247 632 1
1138 630 1241 684 1
1128 682 1243 719 1
