1250 121 1279 196 1
1238 302 1279 378 1
1200 307 1242 383 1
1164 309 1202 382 1
1128 296 1162 365 1
1087 291 1127 369 1
1051 297 1090 375 1
1015 297 1051 372 1
979 299 1011 372 1
939 296 974 372 1
1234 490 1275 566 1
1197 486 1238 563 1
1159 500 1200 571 1
1123 492 1162 565 1
1087 484 1127 562 1
1047 490 1085 566 1
1009 495 1050 572 1
968 485 1009 564 1
929 482 970 563 1
589 0 659 8 1
921 580 997 616 1
921 619 1000 656 1
925 658 1003 696 1
922 699 1001 719 1
1217 120 1253 195 1
1178 113 1218 198 1
1139 123 1178 199 1
1098 127 1138 198 1
1060 117 1099 192 1
993 123 1030 196 1
954 120 990 191 1
913 114 947 183 1
876 102 910 187 1
834 107 872 189 1
759 108 795 185 1
800 109 834 188 1
720 112 753 189 1
779 307 815 384 1
738 305 775 386 1
698 311 733 383 1
657 311 691 384 1
679 113 712 189 1
639 100 675 175 1
599 107 633 181 1
560 102 596 179 1
519 97 553 174 1
479 100 512 173 1
620 300 652 375 1
579 296 613 376 1
535 304 570 376 1
492 312 530 385 1
454 307 489 383 1
415 307 449 384 1
374 309 410 387 1
334 306 372 384 1
296 311 335 385 1
263 311 299 385 1
224 307 261 386 1
187 304 222 383 1
151 313 187 384 1
113 310 151 374 1
73 304 113 373 1
37 290 74 361 1
107 118 142 179 1
139 118 175 192 1
171 108 210 186 1
212 107 250 191 1
252 107 287 183 1
288 121 322 197 1
325 109 360 184 1
365 126 400 193 1
405 108 438 181 1
439 120 473 192 1
774 491 805 568 1
771 585 804 661 1
734 500 769 573 1
729 584 762 657 1
693 496 728 573 1
692 586 723 661 1
650 487 684 566 1
652 584 684 654 1
611 494 646 572 1
612 580 644 659 1
571 493 606 567 1
568 585 600 656 1
529 490 564 568 1
527 572 562 656 1
490 494 523 567 1
488 571 521 647 1
451 485 485 563 1
446 575 486 651 1
412 489 447 560 1
408 580 445 651 1
369 486 407 565 1
370 577 404 650 1
329 485 367 569 1
330 573 368 652 1
290 574 328 652 1
294 488 329 567 1
252 488 294 565 1
218 486 253 561 1
177 486 217 568 1
141 492 178 567 1
97 480 140 556 1
61 486 101 561 1
14 480 55 556 1
249 570 288 651 1
212 569 251 649 1
173 574 212 654 1
138 577 171 652 1
97 574 138 650 1
58 578 97 653 1
18 562 63 643 1
