411 84 539 138 1
564 84 686 137 1
552 148 677 205 1
406 149 536 202 1
545 331 673 388 1
537 395 664 446 1
555 211 681 267 1
403 335 517 379 1
401 452 522 506 1
554 517 676 573 1
549 582 666 635 1
546 639 656 692 1
398 583 507 631 1
929 224 1039 272 1
136 263 248 313 1
106 447 252 500 1
2 82 116 135 1
0 142 114 195 1
236 0 363 23 1
0 320 97 368 1
143 207 249 254 1
110 506 236 556 1
116 631 248 691 1
794 543 913 600 1
800 605 911 653 1
885 658 996 712 1
804 95 926 148 1
929 101 1039 157 1
931 160 1041 213 1
811 154 924 205 1
812 215 921 265 1
926 275 1044 328 1
931 333 1038 376 1
937 381 1038 428 1
921 435 1039 484 1
915 490 1026 539 1
922 545 1036 595 1
923 599 1030 649 1
1152 116 1260 167 1
1159 171 1267 219 1
1160 229 1265 278 1
1170 281 1265 329 1
1262 389 1279 433 1
1143 438 1263 490 1
1151 495 1266 546 1
1143 549 1266 600 1
1265 550 1279 598 1
1158 657 1267 709 1
1269 496 1279 544 1
1265 602 1279 654 1
1266 659 1279 706 1
1267 231 1279 278 1
1265 179 1279 223 1
1261 120 1279 171 1
