552 12 619 86 1
526 50 592 118 1
492 75 561 146 1
457 95 520 154 1
431 125 495 192 1
407 158 475 227 1
375 184 435 251 1
349 212 413 281 1
316 237 379 307 1
283 264 349 335 1
256 297 318 361 1
226 324 289 389 1
203 351 265 418 1
171 375 237 448 1
148 408 215 478 1
120 438 187 509 1
83 458 143 523 1
48 480 119 552 1
24 513 96 586 1
0 542 62 612 1
0 590 32 641 1
369 0 418 25 1
321 0 386 55 1
287 9 361 85 1
258 34 329 111 1
204 103 268 165 1
178 127 245 197 1
146 153 220 223 1
124 182 188 247 1
87 206 149 268 1
49 230 119 297 1
21 257 93 322 1
0 279 65 354 1
0 339 38 384 1
612 204 675 256 1
582 228 648 285 1
551 258 619 312 1
528 286 588 338 1
469 344 526 401 1
436 374 490 426 1
409 401 467 451 1
387 438 443 491 1
345 453 410 526 1
322 492 393 558 1
299 522 363 587 1
269 549 333 610 1
252 583 309 648 1
219 605 285 673 1
187 626 251 690 1
158 660 226 719 1
132 690 181 719 1
