882 664 962 700 1
873 701 947 719 1
1058 704 1133 719 1
1064 665 1144 705 1
1069 629 1141 665 1
1062 588 1142 625 1
1069 551 1147 586 1
1071 512 1141 547 1
1071 439 1134 473 1
1073 398 1143 436 1
1068 353 1146 389 1
1069 317 1148 352 1
1070 278 1145 314 1
1076 240 1146 274 1
1077 203 1154 237 1
1078 165 1154 200 1
1075 126 1158 163 1
1075 89 1157 123 1
1086 53 1157 88 1
1082 20 1161 54 1
1073 0 1155 17 1
893 0 970 10 1
900 9 960 43 1
813 2 887 36 1
899 42 973 79 1
903 82 977 121 1
900 120 977 157 1
901 156 978 195 1
906 198 979 236 1
903 236 980 271 1
898 272 977 311 1
899 319 964 352 1
891 356 960 397 1
890 464 970 504 1
802 463 871 496 1
803 358 880 396 1
815 313 888 347 1
811 272 890 306 1
812 232 880 268 1
816 190 890 229 1
820 151 893 186 1
817 114 891 149 1
816 78 894 112 1
806 40 881 77 1
795 504 873 541 1
887 510 958 545 1
888 551 962 585 1
885 585 959 620 1
889 623 956 659 1
794 663 873 703 1
797 623 874 660 1
791 581 866 618 1
796 541 872 583 1
635 0 704 20 1
547 0 617 17 1
639 19 709 55 1
637 57 706 92 1
634 94 713 131 1
635 135 709 169 1
634 171 708 209 1
630 210 705 246 1
624 248 704 287 1
615 291 695 329 1
626 332 692 366 1
619 368 694 405 1
610 409 690 447 1
612 449 690 485 1
609 487 686 523 1
610 528 685 565 1
614 571 691 605 1
621 607 690 642 1
615 649 685 685 1
375 0 445 11 1
365 12 439 44 1
365 46 435 79 1
360 82 428 117 1
360 122 436 155 1
363 160 433 198 1
361 201 429 238 1
350 235 425 274 1
346 277 420 311 1
357 317 433 353 1
343 355 418 392 1
344 396 415 432 1
337 437 411 469 1
333 476 406 511 1
332 516 401 552 1
336 555 407 593 1
325 597 400 633 1
332 632 406 672 1
334 673 407 714 1
306 175 344 252 1
307 260 341 332 1
257 347 329 384 1
254 388 333 429 1
258 434 323 466 1
248 469 325 507 1
241 511 312 546 1
245 549 314 587 1
241 591 315 626 1
238 627 314 665 1
234 666 311 706 1
233 706 312 719 1
93 657 141 719 1
103 562 146 644 1
112 464 150 539 1
116 380 158 453 1
119 292 159 364 1
544 17 622 53 1
543 52 620 91 1
548 93 617 126 1
552 131 622 168 1
536 169 617 203 1
549 206 611 243 1
532 246 606 283 1
531 284 611 318 1
532 327 615 364 1
531 368 603 401 1
524 407 603 441 1
527 445 603 482 1
520 482 596 519 1
520 527 597 564 1
520 564 596 601 1
522 603 600 645 1
522 645 596 685 1
517 686 588 719 1
