622 396 734 447 1
609 452 735 505 1
599 508 722 562 1
606 566 730 619 1
613 625 725 676 1
621 108 743 165 1
617 169 741 223 1
611 234 725 284 1
614 287 740 341 1
618 347 736 394 1
490 106 621 158 1
496 165 613 219 1
496 229 610 279 1
481 627 599 677 1
223 350 355 408 1
219 411 346 464 1
231 533 359 586 1
223 596 346 648 1
222 654 334 708 1
83 348 201 398 1
85 166 217 221 1
85 102 222 155 1
232 165 361 220 1
244 102 366 156 1
76 471 205 520 1
73 596 189 649 1
473 561 598 623 1
570 681 687 719 1
234 226 359 284 1
864 119 974 175 1
984 126 1096 177 1
1200 139 1279 188 1
867 172 979 228 1
991 185 1092 239 1
984 239 1093 291 1
867 236 979 287 1
880 292 981 345 1
998 292 1087 343 1
993 346 1102 396 1
977 403 1089 451 1
991 459 1082 509 1
843 459 975 514 1
858 514 974 569 1
979 517 1081 561 1
976 569 1093 621 1
851 573 970 624 1
973 625 1090 680 1
967 680 1087 719 1
857 683 971 719 1
1202 196 1279 240 1
1200 247 1279 294 1
1189 301 1279 349 1
1198 357 1279 405 1
1216 407 1279 456 1
1199 462 1279 509 1
1192 511 1279 568 1
1195 567 1279 624 1
1205 623 1279 675 1
1225 674 1279 719 1
