1126 137 1186 225 1
1075 135 1128 221 1
1035 134 1088 223 1
990 132 1046 221 1
799 125 854 205 1
755 128 807 217 1
711 124 759 202 1
637 11 681 121 1
637 0 678 12 1
695 0 737 16 1
796 0 835 12 1
843 0 887 22 1
891 0 933 21 1
937 0 984 25 1
983 0 1022 25 1
1027 0 1069 25 1
1070 0 1112 26 1
1117 0 1160 43 1
1160 0 1208 27 1
1210 0 1255 31 1
1250 0 1279 38 1
1194 312 1250 398 1
1145 315 1200 405 1
985 306 1050 408 1
928 317 984 411 1
881 316 936 405 1
819 321 880 406 1
725 316 780 399 1
669 299 722 381 1
613 311 666 395 1
556 303 612 393 1
506 289 566 381 1
714 693 809 719 1
