832 28 913 61 1
835 65 919 103 1
839 106 918 144 1
853 146 930 184 1
853 229 932 262 1
855 266 929 304 1
849 311 930 350 1
637 112 713 152 1
396 115 476 155 1
379 164 454 201 1
373 205 465 251 1
244 339 321 411 1
359 319 454 364 1
370 391 460 435 1
370 431 458 470 1
370 473 459 516 1
889 432 929 516 1
846 460 882 534 1
804 466 846 550 1
763 473 805 553 1
725 468 762 551 1
681 479 717 559 1
644 487 679 556 1
598 479 636 562 1
557 488 596 565 1
632 158 712 196 1
400 71 466 108 1
720 103 758 182 1
848 188 925 227 1
628 60 715 104 1
399 36 481 73 1
629 192 728 239 1
715 16 750 95 1
514 500 552 581 1
391 0 475 31 1
634 30 694 66 1
633 0 698 27 1
827 0 907 25 1
