776 129 819 213 1
778 225 814 311 1
765 364 810 444 1
760 476 797 542 1
766 548 801 627 1
541 391 626 430 1
556 441 635 476 1
557 482 638 515 1
546 521 628 556 1
543 561 616 602 1
533 606 611 643 1
546 646 614 681 1
561 690 621 719 1
456 332 536 372 1
334 178 418 219 1
219 210 304 260 1
223 252 309 308 1
225 301 300 358 1
203 345 290 400 1
383 418 459 473 1
384 471 455 519 1
365 513 451 561 1
368 561 445 606 1
365 679 438 719 1
197 680 277 719 1
204 632 285 687 1
196 584 282 640 1
203 537 290 591 1
203 493 286 543 1
201 442 286 496 1
213 394 290 456 1
