1251 129 1279 168 1
1079 128 1141 161 1
1009 124 1069 158 1
714 110 777 144 1
595 106 655 140 1
515 103 581 137 1
423 105 496 138 1
268 107 335 141 1
206 106 269 139 1
1268 271 1279 323 1
1237 260 1272 327 1
1206 257 1239 325 1
1176 264 1208 323 1
1142 258 1175 318 1
1112 269 1142 307 1
1080 254 1109 319 1
1049 254 1080 318 1
1018 262 1051 329 1
981 253 1012 324 1
951 258 985 317 1
922 255 952 322 1
889 255 925 328 1
852 254 882 319 1
822 249 850 317 1
786 247 818 313 1
753 254 779 320 1
716 246 746 310 1
685 246 713 313 1
649 243 679 314 1
614 248 647 316 1
579 243 609 312 1
546 247 575 317 1
508 244 540 311 1
470 242 499 303 1
435 243 466 314 1
392 250 424 315 1
390 318 426 391 1
446 394 481 452 1
478 397 517 464 1
511 393 548 452 1
653 394 693 458 1
689 394 727 459 1
719 393 759 457 1
759 397 798 460 1
925 398 967 460 1
991 396 1031 463 1
1027 401 1063 463 1
1151 406 1194 465 1
1182 401 1227 464 1
1250 411 1279 470 1
1256 522 1279 581 1
1218 524 1266 589 1
1177 526 1231 590 1
1104 526 1151 585 1
1071 518 1129 586 1
883 526 930 591 1
804 521 852 591 1
768 526 812 588 1
645 521 698 600 1
606 531 649 600 1
570 528 613 592 1
526 531 572 596 1
451 530 495 593 1
415 517 457 590 1
376 526 414 591 1
340 521 382 590 1
307 512 350 576 1
