767 131 804 215 1
767 227 801 306 1
759 360 793 438 1
755 464 785 531 1
757 535 791 612 1
541 384 622 422 1
556 431 630 466 1
558 472 633 505 1
548 512 622 547 1
543 549 614 586 1
537 591 611 626 1
545 630 613 664 1
562 672 619 704 1
461 329 535 369 1
390 417 466 467 1
390 467 458 509 1
364 506 445 554 1
377 551 452 595 1
372 661 445 710 1
219 621 297 673 1
213 666 291 719 1
209 571 293 627 1
219 530 301 581 1
223 485 296 534 1
218 435 297 488 1
222 390 300 448 1
217 342 300 399 1
233 303 309 354 1
232 255 318 309 1
237 216 313 263 1
343 186 427 224 1
