717 290 755 371 1
676 292 717 375 1
635 296 676 376 1
632 205 669 286 1
587 204 623 289 1
594 301 630 386 1
540 207 581 289 1
501 212 537 294 1
713 208 751 286 1
672 204 712 288 1
462 215 494 282 1
756 204 793 286 1
794 201 835 282 1
833 200 870 278 1
873 200 915 277 1
916 201 953 278 1
955 199 992 278 1
958 285 998 362 1
507 304 545 381 1
549 296 588 382 1
463 303 501 379 1
422 303 461 386 1
380 303 419 382 1
376 212 412 293 1
419 206 454 287 1
761 295 799 370 1
801 287 839 367 1
842 291 877 365 1
880 285 917 367 1
919 287 958 367 1
1000 285 1037 366 1
1037 290 1074 359 1
1075 286 1109 361 1
1111 280 1149 355 1
1148 282 1182 354 1
1184 283 1220 350 1
1221 284 1262 359 1
1261 286 1279 359 1
892 382 967 416 1
1260 452 1279 524 1
1221 446 1264 523 1
1186 450 1223 526 1
1149 452 1192 532 1
334 213 369 293 1
337 307 377 386 1
298 314 336 386 1
287 216 328 302 1
250 224 286 305 1
260 318 296 397 1
212 309 253 395 1
206 224 245 305 1
253 124 331 165 1
164 222 207 305 1
121 224 163 305 1
170 315 211 395 1
131 312 170 397 1
84 319 131 397 1
79 230 119 311 1
37 222 81 312 1
0 226 35 308 1
45 325 89 399 1
0 323 49 408 1
0 508 49 587 1
50 494 89 570 1
93 493 133 580 1
134 492 176 567 1
180 495 219 578 1
223 498 260 573 1
262 494 304 571 1
305 486 347 563 1
347 487 386 570 1
388 482 426 562 1
429 486 466 568 1
472 488 510 568 1
512 483 550 565 1
561 475 597 558 1
600 482 634 562 1
640 482 680 562 1
684 478 723 559 1
727 476 765 559 1
766 474 802 550 1
808 480 844 546 1
846 467 885 548 1
886 464 925 544 1
925 461 964 543 1
964 462 1000 536 1
1000 457 1038 534 1
1038 461 1075 535 1
1076 459 1115 536 1
1114 456 1153 530 1
992 198 1029 275 1
1029 200 1067 280 1
1067 200 1109 279 1
1104 202 1140 275 1
1138 202 1175 273 1
1177 192 1223 273 1
1214 193 1254 264 1
1250 185 1279 261 1
1245 22 1279 93 1
1209 25 1249 91 1
1172 24 1215 100 1
1134 24 1171 101 1
1096 19 1134 99 1
1058 22 1097 104 1
1244 0 1279 14 1
1210 0 1241 16 1
1170 0 1207 19 1
1128 0 1165 16 1
1094 0 1125 11 1
1058 0 1091 11 1
983 0 1012 8 1
945 0 977 14 1
902 0 935 11 1
1021 18 1058 95 1
981 17 1020 99 1
944 20 979 96 1
906 16 943 97 1
866 9 905 92 1
865 0 897 9 1
823 0 856 11 1
824 22 863 99 1
788 23 824 103 1
780 0 814 10 1
748 20 783 103 1
743 0 775 18 1
700 0 737 21 1
706 22 743 103 1
659 0 691 9 1
664 16 701 95 1
624 21 662 101 1
620 0 652 10 1
583 0 616 21 1
580 24 616 99 1
540 27 574 108 1
537 0 573 21 1
494 0 529 14 1
498 33 530 106 1
453 26 492 107 1
448 0 485 16 1
410 0 441 23 1
414 24 449 101 1
370 29 410 110 1
329 36 366 113 1
368 0 402 21 1
326 0 362 25 1
281 0 320 23 1
285 26 326 112 1
241 0 276 23 1
244 29 284 116 1
201 38 240 115 1
196 0 238 26 1
161 34 200 118 1
106 0 152 30 1
67 0 104 26 1
18 0 64 26 1
0 0 18 30 1
116 42 158 118 1
73 38 115 125 1
30 45 73 127 1
0 39 30 127 1
