853 621 925 659 1
764 629 845 664 1
775 581 848 618 1
308 704 383 719 1
581 495 658 527 1
313 623 391 656 1
218 662 289 694 1
578 454 657 490 1
302 540 379 578 1
309 505 379 538 1
860 495 937 528 1
858 535 937 570 1
861 577 927 612 1
772 458 844 494 1
256 482 291 557 1
264 569 295 641 1
305 661 379 696 1
219 701 300 719 1
308 465 380 496 1
301 422 376 459 1
299 382 368 418 1
301 346 371 379 1
478 296 553 334 1
577 295 648 331 1
576 335 645 367 1
480 336 556 376 1
487 377 556 411 1
574 371 655 408 1
302 583 380 613 1
1045 683 1112 716 1
1038 597 1117 634 1
1044 643 1117 677 1
767 378 841 414 1
770 415 841 449 1
73 612 113 687 1
483 458 565 493 1
490 698 569 719 1
577 693 657 719 1
579 653 657 691 1
492 659 565 692 1
584 616 651 652 1
489 619 576 658 1
487 575 569 613 1
572 578 654 614 1
576 533 658 570 1
485 539 561 573 1
497 496 564 532 1
579 416 656 451 1
496 422 566 455 1
844 296 921 333 1
852 337 927 372 1
850 378 929 414 1
855 417 934 448 1
860 455 937 491 1
768 540 849 575 1
766 502 839 533 1
1034 561 1116 595 1
1036 522 1112 558 1
1040 480 1111 517 1
1037 441 1117 478 1
1036 402 1112 441 1
1030 361 1115 399 1
1030 326 1108 360 1
843 258 905 291 1
762 337 842 373 1
750 300 824 337 1
753 259 828 294 1
479 260 547 295 1
296 305 374 341 1
145 180 221 216 1
136 142 209 178 1
76 695 119 719 1
839 213 918 249 1
1038 285 1110 319 1
1036 250 1111 283 1
1025 213 1101 247 1
1027 171 1090 208 1
1011 132 1087 168 1
1008 98 1081 131 1
1004 58 1088 99 1
1015 25 1094 60 1
1014 0 1091 20 1
751 219 819 252 1
755 181 818 216 1
836 176 911 212 1
831 136 901 173 1
750 140 819 175 1
827 99 907 134 1
744 102 821 139 1
833 61 909 98 1
739 63 818 99 1
744 26 824 64 1
829 24 900 60 1
826 0 899 20 1
747 0 812 26 1
568 251 643 289 1
559 214 641 248 1
475 219 554 253 1
297 259 378 295 1
300 223 375 259 1
312 183 376 220 1
481 178 557 211 1
565 172 643 207 1
563 134 645 170 1
572 97 642 128 1
573 59 641 95 1
561 25 640 57 1
565 0 641 21 1
477 0 552 23 1
477 22 550 62 1
486 64 561 100 1
469 99 544 138 1
479 142 556 174 1
305 149 383 183 1
294 108 369 143 1
309 74 379 107 1
309 34 369 73 1
309 0 378 32 1
