917 630 996 665 1
655 465 732 503 1
743 464 824 503 1
657 426 737 463 1
386 344 462 385 1
474 343 553 381 1
658 345 735 381 1
918 505 993 544 1
914 546 995 581 1
914 586 994 623 1
659 303 729 341 1
476 304 556 341 1
391 305 464 343 1
651 224 725 261 1
645 182 722 221 1
220 636 292 670 1
208 596 288 631 1
205 553 281 588 1
203 511 283 548 1
198 471 283 507 1
391 266 466 305 1
476 261 552 302 1
388 223 469 261 1
478 222 544 258 1
475 186 549 222 1
394 187 467 221 1
389 144 470 185 1
380 472 456 508 1
384 432 452 465 1
383 390 457 427 1
475 386 556 422 1
471 428 548 463 1
473 468 553 509 1
472 511 548 547 1
384 512 465 545 1
474 145 552 182 1
478 102 547 141 1
473 550 551 589 1
462 591 548 628 1
476 636 556 676 1
479 676 559 713 1
389 678 462 715 1
384 637 462 678 1
388 593 463 629 1
384 553 461 590 1
257 154 298 237 1
260 246 296 325 1
258 333 297 414 1
198 431 281 465 1
200 677 284 715 1
659 383 741 420 1
748 386 826 420 1
658 509 737 547 1
743 508 821 544 1
745 549 828 586 1
659 553 738 587 1
659 593 735 630 1
745 590 826 627 1
748 631 821 669 1
658 634 734 673 1
658 672 737 711 1
744 672 822 705 1
753 707 821 719 1
661 711 741 719 1
914 705 997 719 1
929 667 993 701 1
752 425 821 460 1
268 76 306 151 1
266 0 305 60 1
390 103 467 141 1
395 65 469 103 1
476 61 553 101 1
469 27 544 62 1
388 30 464 65 1
396 0 470 29 1
474 0 555 27 1
588 0 622 25 1
653 0 729 25 1
653 27 732 63 1
654 63 719 100 1
652 100 733 138 1
654 139 727 176 1
747 139 822 177 1
750 181 827 215 1
750 218 826 257 1
746 261 819 298 1
745 303 819 339 1
742 343 821 378 1
652 260 733 297 1
740 26 818 65 1
745 0 820 22 1
902 0 985 30 1
914 33 986 67 1
912 67 988 107 1
907 107 980 148 1
747 64 824 101 1
745 102 824 137 1
911 150 987 183 1
917 184 992 221 1
913 223 994 263 1
913 264 990 300 1
914 302 1001 339 1
916 344 997 378 1
919 385 1001 425 1
919 430 998 464 1
916 465 996 500 1
