382 0 459 22 1
376 69 452 105 1
708 143 741 222 1
707 74 737 138 1
619 62 699 96 1
379 156 457 193 1
379 198 462 233 1
387 237 470 277 1
389 281 468 318 1
405 319 471 355 1
612 142 692 182 1
613 103 694 141 1
374 112 456 147 1
615 18 692 56 1
840 300 918 336 1
621 399 700 438 1
628 437 707 476 1
640 477 714 515 1
641 518 719 556 1
728 486 760 563 1
841 423 923 460 1
618 357 692 393 1
620 312 700 348 1
619 271 703 303 1
622 228 703 267 1
621 186 699 223 1
723 403 761 486 1
641 557 717 594 1
401 530 478 569 1
400 571 475 611 1
729 569 761 646 1
377 28 454 65 1
606 0 684 18 1
700 0 731 70 1
823 19 891 53 1
820 0 899 16 1
632 596 713 637 1
633 639 710 676 1
392 615 472 652 1
820 58 889 93 1
823 97 899 136 1
824 138 895 172 1
394 654 476 697 1
390 360 476 399 1
390 405 474 442 1
395 448 470 481 1
402 490 486 525 1
715 231 749 306 1
718 313 752 391 1
729 657 766 719 1
635 679 713 718 1
400 691 494 719 1
827 181 907 216 1
831 221 910 256 1
845 260 918 296 1
837 344 917 376 1
842 381 925 419 1
841 464 922 500 1
843 504 923 540 1
845 545 924 578 1
847 583 920 622 1
852 625 935 662 1
865 666 947 702 1
