681 89 732 199 1
620 84 670 196 1
690 423 738 546 1
751 426 808 550 1
816 419 868 523 1
625 426 675 549 1
557 420 610 546 1
493 429 547 553 1
424 428 474 558 1
363 430 414 545 1
303 434 354 549 1
1117 96 1174 193 1
556 80 611 192 1
494 78 544 195 1
426 74 483 200 1
749 92 805 207 1
808 96 865 210 1
869 91 926 214 1
925 86 985 212 1
992 96 1048 205 1
1057 99 1113 217 1
1173 86 1234 211 1
1235 86 1279 197 1
1238 431 1279 560 1
1123 408 1185 539 1
1006 412 1059 539 1
236 426 295 550 1
179 451 233 549 1
116 436 175 554 1
54 415 111 534 1
0 430 52 554 1
879 424 935 548 1
941 424 996 545 1
367 94 416 201 1
304 88 362 210 1
238 100 296 218 1
180 105 238 223 1
119 94 181 213 1
51 101 118 223 1
