73 42 146 148 1
120 23 194 118 1
169 0 242 92 1
211 0 285 75 1
267 0 334 48 1
673 63 746 170 1
726 41 802 149 1
770 21 849 128 1
860 0 939 94 1
905 0 986 75 1
962 0 1025 50 1
1012 0 1071 36 1
917 147 1026 230 1
562 161 645 274 1
527 204 598 295 1
472 215 546 330 1
362 257 442 371 1
314 279 387 384 1
261 304 336 411 1
204 333 282 443 1
244 534 353 603 1
366 510 473 572 1
591 381 715 450 1
734 349 847 418 1
747 407 864 477 1
767 464 879 530 1
657 559 759 622 1
798 572 904 639 1
676 672 787 719 1
1063 221 1169 283 1
962 246 1064 305 1
980 298 1088 360 1
1082 272 1187 332 1
1097 324 1207 385 1
1113 372 1214 434 1
1128 464 1244 529 1
1152 518 1251 582 1
1168 615 1279 682 1
1194 671 1279 719 1
1065 648 1177 713 1
1056 599 1164 658 1
1042 545 1155 610 1
1037 502 1131 558 1
1016 404 1107 456 1
994 354 1102 413 1
0 364 42 414 1
