1194 626 1279 685 1
1189 689 1279 719 1
1078 688 1183 719 1
1067 636 1188 685 1
849 642 962 700 1
735 652 836 702 1
482 672 596 719 1
347 678 462 719 1
483 395 595 446 1
356 398 467 445 1
340 338 463 387 1
470 335 577 381 1
453 220 573 273 1
328 231 435 279 1
817 260 931 307 1
830 313 935 360 1
836 369 942 415 1
708 319 819 374 1
717 381 826 429 1
713 272 811 314 1
824 204 932 253 1
816 145 928 192 1
721 102 807 156 1
817 91 930 142 1
703 48 807 101 1
809 0 918 45 1
1041 32 1153 82 1
1038 0 1153 30 1
1162 13 1263 61 1
1179 67 1274 112 1
1160 119 1274 170 1
1048 132 1162 185 1
1059 183 1161 234 1
1171 179 1266 229 1
1169 243 1277 289 1
1050 242 1161 290 1
1060 302 1167 347 1
1174 301 1279 344 1
1178 350 1279 400 1
