514 277 555 375 1
358 294 401 368 1
563 274 605 370 1
612 286 654 376 1
664 294 705 388 1
408 281 453 370 1
455 283 503 381 1
575 72 676 119 1
762 154 864 203 1
743 416 788 517 1
343 75 439 120 1
74 79 178 124 1
0 69 69 121 1
308 276 352 371 1
257 269 303 371 1
212 280 254 368 1
163 270 207 362 1
114 287 159 344 1
64 269 115 362 1
17 268 67 358 1
0 279 22 376 1
0 484 38 580 1
173 495 237 582 1
221 489 285 586 1
325 507 384 596 1
373 500 432 593 1
425 490 485 586 1
472 489 534 592 1
529 497 594 591 1
48 661 122 719 1
113 673 166 719 1
231 677 287 719 1
289 679 341 719 1
349 674 402 719 1
401 689 448 719 1
462 688 509 719 1
518 688 567 719 1
581 687 633 719 1
641 701 681 719 1
696 698 743 719 1
753 680 802 719 1
808 685 848 719 1
858 697 905 719 1
