585 370 626 465 1
630 366 675 463 1
725 98 765 185 1
678 88 718 181 1
536 363 581 457 1
485 371 530 464 1
127 271 223 312 1
867 107 907 195 1
735 620 773 706 1
591 635 630 710 1
449 623 491 710 1
399 622 440 710 1
125 414 222 452 1
142 608 229 650 1
126 223 220 267 1
140 320 223 358 1
131 368 223 408 1
125 461 222 503 1
138 511 224 547 1
136 558 230 600 1
1188 359 1235 442 1
1141 354 1190 451 1
1097 359 1143 451 1
1056 363 1099 452 1
1012 362 1060 450 1
966 360 1007 445 1
919 357 962 447 1
871 355 921 444 1
830 355 869 446 1
779 351 824 447 1
732 364 773 452 1
685 359 726 456 1
1106 607 1153 705 1
1015 606 1058 703 1
1061 602 1103 685 1
971 610 1011 701 1
926 614 968 703 1
879 609 921 701 1
580 100 620 199 1
632 96 670 187 1
769 102 814 193 1
817 114 862 204 1
777 616 819 714 1
827 618 873 708 1
493 609 533 700 1
544 627 584 712 1
1148 604 1197 697 1
1200 599 1246 692 1
1234 358 1279 451 1
953 252 1048 303 1
952 101 998 198 1
1000 100 1044 182 1
1083 104 1135 182 1
1167 95 1218 184 1
1217 102 1267 189 1
1263 104 1279 184 1
636 618 677 712 1
687 622 727 714 1
