1129 154 1202 191 1
940 56 975 140 1
935 0 979 48 1
929 169 967 253 1
736 31 808 66 1
741 72 813 106 1
742 109 815 146 1
738 151 813 185 1
739 190 812 227 1
734 229 815 266 1
730 271 809 308 1
732 315 810 345 1
732 350 809 389 1
732 394 805 428 1
731 433 811 467 1
722 474 800 510 1
564 118 636 171 1
564 327 630 378 1
560 372 635 420 1
559 412 632 464 1
408 590 483 642 1
407 538 472 587 1
415 496 478 544 1
399 440 471 495 1
400 396 475 449 1
405 353 472 403 1
402 308 476 360 1
405 265 476 313 1
402 215 468 262 1
400 170 474 218 1
417 125 478 171 1
411 70 485 126 1
413 25 480 78 1
410 0 484 36 1
