1100 208 1171 250 1
0 373 45 468 1
908 10 950 94 1
905 110 944 194 1
899 223 936 305 1
702 79 775 114 1
710 119 778 154 1
707 160 782 191 1
708 201 776 233 1
702 240 771 275 1
698 282 777 315 1
694 320 772 358 1
696 366 772 396 1
692 406 770 441 1
691 448 765 479 1
691 486 771 517 1
682 527 758 562 1
528 161 597 219 1
522 377 594 426 1
519 420 593 468 1
516 465 592 513 1
349 640 435 693 1
356 585 423 637 1
365 545 431 591 1
352 492 425 541 1
351 446 428 500 1
362 400 426 448 1
371 357 435 405 1
381 313 432 360 1
362 261 427 310 1
372 220 435 267 1
375 164 438 218 1
375 112 449 169 1
377 66 443 120 1
367 16 447 77 1
381 0 451 35 1
