616 364 695 403 1
628 404 702 442 1
629 445 707 483 1
606 284 680 320 1
608 239 688 275 1
607 198 691 230 1
610 155 691 194 1
609 113 687 150 1
620 523 701 564 1
383 375 458 408 1
703 158 737 233 1
706 240 740 318 1
708 330 744 408 1
713 413 747 492 1
713 500 748 578 1
619 569 696 605 1
625 486 702 522 1
813 69 884 106 1
813 29 888 67 1
634 642 712 687 1
826 354 908 391 1
405 660 483 699 1
396 246 464 279 1
383 204 461 238 1
379 160 462 197 1
367 37 448 73 1
371 79 450 115 1
374 120 454 157 1
390 413 472 449 1
386 497 462 532 1
389 453 466 491 1
605 69 684 107 1
605 30 682 69 1
696 2 728 67 1
699 75 732 152 1
609 328 690 359 1
718 668 748 719 1
411 702 479 719 1
851 635 914 671 1
377 283 463 320 1
375 329 461 363 1
610 0 690 30 1
826 314 916 350 1
826 276 907 309 1
827 238 907 272 1
835 195 909 230 1
823 154 902 187 1
818 113 899 149 1
811 0 881 28 1
369 0 443 32 1
846 673 923 714 1
848 598 927 636 1
836 556 917 592 1
832 515 905 555 1
833 479 909 510 1
831 437 909 472 1
826 397 907 432 1
620 608 695 645 1
628 691 703 719 1
711 586 748 663 1
376 537 455 576 1
377 578 458 618 1
383 615 477 664 1
