941 649 1058 712 1
984 599 1084 669 1
968 520 1071 602 1
989 474 1055 533 1
965 397 1049 464 1
931 318 1030 397 1
914 242 1014 329 1
930 186 1016 259 1
914 120 1018 199 1
919 67 1008 139 1
718 7 817 56 1
721 63 824 110 1
722 113 830 165 1
720 165 824 215 1
727 213 830 261 1
723 273 838 321 1
733 326 839 368 1
735 431 840 477 1
751 531 855 580 1
499 488 611 542 1
443 548 538 593 1
387 493 500 544 1
495 388 606 432 1
386 388 496 442 1
379 339 488 385 1
496 333 596 380 1
503 286 584 327 1
379 285 477 333 1
475 232 589 277 1
368 231 468 280 1
490 178 584 224 1
376 182 485 227 1
373 131 482 179 1
489 131 575 176 1
478 76 588 124 1
360 81 472 135 1
365 21 473 75 1
484 17 597 71 1
139 32 263 86 1
153 89 265 139 1
153 145 262 194 1
128 198 246 244 1
154 251 265 293 1
153 296 267 344 1
160 348 265 398 1
28 267 149 313 1
22 154 135 205 1
19 99 140 145 1
34 40 134 87 1
151 502 278 551 1
136 555 248 598 1
53 456 164 504 1
