809 445 923 498 1
813 394 920 441 1
677 393 790 455 1
805 314 915 370 1
667 343 783 393 1
674 284 790 342 1
687 617 802 677 1
706 565 798 617 1
684 502 793 559 1
668 458 793 506 1
672 231 784 283 1
427 448 545 503 1
425 518 544 572 1
448 581 544 633 1
433 639 562 703 1
317 594 433 649 1
314 651 434 706 1
814 609 927 671 1
926 685 991 719 1
798 191 900 242 1
788 133 893 185 1
647 64 759 120 1
651 121 762 174 1
663 175 778 229 1
1082 10 1170 103 1
296 459 415 517 1
417 391 538 442 1
398 330 522 388 1
412 277 523 326 1
421 224 513 275 1
404 168 523 219 1
405 114 519 167 1
399 61 514 117 1
400 7 514 63 1
281 0 387 40 1
288 76 391 134 1
288 186 398 242 1
294 242 412 296 1
45 0 162 48 1
50 45 165 103 1
0 49 49 105 1
0 106 47 159 1
0 160 51 211 1
50 150 173 204 1
57 209 170 256 1
57 259 176 315 1
0 264 48 317 1
52 312 175 363 1
0 379 60 426 1
37 419 171 477 1
59 479 182 539 1
68 592 201 659 1
0 603 71 669 1
85 663 201 719 1
0 672 69 719 1
