565 233 599 314 1
525 234 561 316 1
605 239 641 315 1
644 237 680 313 1
684 235 720 313 1
724 237 761 316 1
764 238 802 315 1
802 245 838 318 1
851 237 886 322 1
753 415 788 497 1
711 427 744 499 1
666 423 701 501 1
632 416 665 484 1
592 418 623 492 1
553 427 587 504 1
511 421 546 499 1
472 428 506 507 1
432 419 465 496 1
390 417 424 499 1
352 424 387 499 1
311 423 346 498 1
276 424 308 501 1
238 421 272 500 1
199 430 235 507 1
159 431 194 509 1
119 421 159 492 1
81 417 119 497 1
42 423 82 504 1
0 425 40 504 1
669 594 704 671 1
628 591 663 672 1
588 593 623 668 1
553 597 586 667 1
511 602 547 675 1
472 601 510 678 1
429 600 464 676 1
393 598 427 679 1
352 611 390 695 1
312 593 348 674 1
271 606 312 682 1
236 611 269 686 1
196 608 233 682 1
156 622 193 702 1
118 616 157 693 1
82 608 119 688 1
31 616 78 695 1
0 621 32 708 1
445 251 478 317 1
406 247 436 322 1
368 249 403 327 1
331 251 363 323 1
288 244 323 313 1
249 239 285 313 1
212 239 247 314 1
164 235 210 319 1
135 244 169 319 1
96 252 131 323 1
55 242 95 317 1
0 252 24 328 1
