771 277 804 353 1
811 278 845 354 1
849 274 886 353 1
888 276 924 356 1
965 276 998 347 1
925 270 962 351 1
1069 471 1104 550 1
1031 467 1071 548 1
751 563 830 599 1
751 601 833 637 1
752 641 835 679 1
828 99 862 175 1
790 96 824 171 1
746 93 780 159 1
707 79 740 165 1
665 85 698 167 1
629 86 663 164 1
589 85 624 161 1
468 79 502 155 1
603 287 639 366 1
564 285 602 364 1
523 291 559 364 1
482 291 516 365 1
600 471 635 548 1
601 566 635 645 1
561 480 596 555 1
557 565 591 640 1
519 476 555 555 1
518 565 552 642 1
478 563 513 634 1
439 560 474 639 1
479 468 512 546 1
439 476 474 551 1
398 473 434 549 1
396 566 430 637 1
356 554 392 634 1
319 550 352 626 1
279 556 317 631 1
243 560 277 631 1
204 557 237 631 1
357 471 393 550 1
318 473 354 548 1
52 468 89 544 1
7 469 50 551 1
443 282 478 360 1
406 278 440 358 1
362 284 398 358 1
322 294 358 369 1
37 87 77 173 1
77 91 119 165 1
545 90 580 169 1
961 472 996 543 1
925 464 960 541 1
761 463 798 542 1
803 465 839 543 1
845 474 879 552 1
882 469 917 543 1
7 558 45 638 1
758 680 839 712 1
900 93 936 168 1
166 553 204 632 1
126 555 163 632 1
85 552 125 631 1
0 296 17 367 1
0 88 36 166 1
1184 469 1222 542 1
1000 289 1036 362 1
1039 287 1075 364 1
1077 282 1111 356 1
1113 285 1148 357 1
1150 283 1189 356 1
1186 286 1225 355 1
1222 280 1263 358 1
1263 284 1279 357 1
1246 116 1277 191 1
1087 102 1123 172 1
1126 107 1162 176 1
1166 117 1207 187 1
1205 116 1245 193 1
939 105 976 174 1
978 100 1015 175 1
1016 91 1053 176 1
1054 99 1087 175 1
678 305 714 381 1
285 289 321 365 1
504 93 541 170 1
427 85 461 163 1
388 82 424 160 1
348 79 382 155 1
308 79 342 154 1
272 85 304 155 1
236 90 271 163 1
156 90 194 168 1
197 109 233 176 1
16 287 58 365 1
54 290 95 369 1
97 293 133 368 1
131 290 169 366 1
166 287 205 366 1
209 291 244 369 1
246 290 282 366 1
0 477 15 550 1
0 562 9 632 1
45 553 86 629 1
87 470 130 546 1
130 470 168 546 1
164 466 205 548 1
205 466 242 543 1
285 465 317 541 1
245 468 283 539 1
1105 464 1144 537 1
1145 451 1185 529 1
996 478 1032 548 1
1219 459 1257 533 1
1256 459 1279 535 1
120 105 155 176 1
