858 465 974 517 1
857 103 975 158 1
856 166 975 221 1
998 114 1110 166 1
1000 234 1114 288 1
992 350 1109 404 1
987 410 1099 458 1
1005 525 1112 579 1
994 585 1103 638 1
991 642 1100 690 1
857 587 958 635 1
858 348 971 392 1
1222 126 1279 178 1
996 175 1107 229 1
1228 185 1279 233 1
1227 242 1279 290 1
1214 546 1279 605 1
1221 609 1279 657 1
595 221 708 268 1
601 273 700 324 1
581 457 707 516 1
576 521 698 573 1
582 643 706 703 1
444 332 550 382 1
446 154 567 204 1
445 96 567 148 1
0 261 30 312 1
