651 388 729 424 1
937 543 1002 576 1
937 503 1004 535 1
933 462 1008 496 1
926 420 998 457 1
842 423 915 459 1
924 384 999 415 1
836 381 913 419 1
381 634 457 669 1
374 592 453 628 1
842 464 921 504 1
845 507 919 542 1
842 548 924 584 1
853 588 932 622 1
936 583 1013 618 1
938 621 1002 655 1
852 625 935 662 1
938 660 1019 697 1
852 665 933 701 1
650 429 730 464 1
561 430 636 469 1
561 472 641 507 1
659 469 738 506 1
564 514 639 548 1
658 512 736 546 1
655 550 733 587 1
558 551 639 587 1
657 591 732 626 1
561 595 637 630 1
659 632 738 669 1
666 673 744 709 1
576 636 643 671 1
572 672 650 712 1
376 471 452 506 1
366 512 439 545 1
372 550 458 586 1
385 673 452 707 1
282 514 361 550 1
282 554 353 588 1
286 595 362 630 1
838 343 916 381 1
919 342 994 380 1
1129 573 1210 611 1
1129 616 1212 652 1
1126 654 1206 687 1
1134 539 1196 570 1
1128 499 1205 532 1
1121 460 1200 498 1
1114 418 1194 456 1
1116 379 1191 414 1
1112 339 1189 376 1
1113 302 1186 338 1
1109 260 1194 299 1
557 390 630 423 1
649 345 727 383 1
554 349 630 384 1
651 307 718 341 1
835 301 909 338 1
918 300 994 338 1
919 263 992 299 1
835 263 901 299 1
553 308 627 344 1
362 272 436 307 1
560 270 621 306 1
650 264 722 304 1
831 224 907 261 1
919 222 995 260 1
649 226 729 265 1
559 226 637 262 1
362 230 443 269 1
916 185 979 220 1
912 146 985 185 1
830 185 909 223 1
828 150 906 183 1
373 430 446 467 1
368 389 445 426 1
370 350 445 387 1
365 308 435 343 1
1107 226 1178 258 1
1103 188 1176 224 1
1102 146 1183 185 1
1101 107 1185 145 1
916 110 985 144 1
835 112 900 146 1
823 71 896 109 1
906 29 980 67 1
906 0 976 30 1
812 0 886 32 1
819 32 896 71 1
649 186 712 222 1
643 145 718 180 1
1094 70 1172 107 1
1093 32 1173 68 1
1097 0 1170 32 1
1127 691 1208 719 1
944 699 1016 719 1
852 702 933 719 1
555 186 634 222 1
561 151 637 184 1
545 105 624 143 1
639 110 709 145 1
640 69 717 105 1
643 32 712 70 1
642 0 717 31 1
552 0 627 34 1
554 33 631 71 1
556 71 622 104 1
455 117 490 199 1
375 0 455 36 1
371 35 448 75 1
368 76 442 112 1
361 113 436 151 1
360 154 435 190 1
358 191 429 227 1
282 475 358 508 1
281 434 353 467 1
283 390 360 428 1
281 349 356 388 1
278 313 348 349 1
275 273 351 309 1
271 233 337 268 1
271 193 351 230 1
276 156 342 189 1
279 119 347 157 1
279 80 349 119 1
284 38 359 79 1
279 4 351 37 1
143 0 182 22 1
140 33 179 108 1
144 132 180 205 1
137 221 177 301 1
138 321 179 405 1
134 419 175 498 1
136 508 177 589 1
137 611 178 681 1
140 697 177 719 1
291 678 366 714 1
285 635 361 671 1
