721 2 755 73 1
406 57 473 91 1
404 18 486 53 1
837 2 918 35 1
401 99 484 133 1
726 81 763 157 1
383 189 471 231 1
385 147 462 180 1
840 39 924 77 1
844 80 923 118 1
858 120 935 158 1
857 161 933 201 1
858 203 937 236 1
860 240 934 278 1
858 284 941 318 1
644 88 718 129 1
635 40 721 81 1
638 134 719 173 1
637 167 735 213 1
369 300 465 345 1
385 452 472 493 1
385 407 471 448 1
382 371 471 413 1
394 0 478 13 1
253 320 329 393 1
78 597 124 680 1
570 464 609 543 1
615 457 647 539 1
657 463 689 536 1
738 445 772 527 1
777 450 814 531 1
816 443 858 527 1
857 435 893 506 1
900 408 940 488 1
691 459 727 538 1
527 478 561 559 1
635 6 698 42 1
