1139 643 1268 690 1
1174 587 1279 640 1
1063 545 1171 593 1
1166 430 1279 477 1
1156 382 1279 429 1
1152 331 1267 375 1
1139 276 1257 324 1
1149 224 1261 274 1
1149 167 1262 221 1
1031 352 1147 402 1
1024 240 1138 291 1
1025 184 1138 225 1
1023 119 1128 169 1
802 544 919 595 1
808 600 919 650 1
821 656 933 710 1
687 660 785 712 1
670 492 779 546 1
801 433 911 479 1
790 372 900 424 1
667 375 769 429 1
651 270 764 323 1
643 214 754 262 1
768 142 884 197 1
633 152 750 206 1
1137 110 1253 165 1
401 230 494 283 1
410 287 504 339 1
398 402 508 449 1
397 461 505 514 1
425 518 517 562 1
420 570 527 621 1
418 683 533 719 1
276 574 386 630 1
269 469 382 521 1
259 248 372 292 1
265 196 367 241 1
227 5 335 54 1
2 263 114 316 1
0 329 111 373 1
31 494 141 540 1
26 664 131 713 1
