769 133 807 219 1
774 229 807 311 1
764 360 800 440 1
759 467 791 532 1
762 537 794 616 1
546 389 625 427 1
561 434 633 471 1
563 474 637 508 1
554 513 626 549 1
548 550 617 591 1
539 592 613 629 1
549 633 616 668 1
567 674 625 707 1
466 331 541 369 1
346 187 423 226 1
240 217 313 266 1
237 260 322 312 1
240 303 314 359 1
224 345 306 401 1
227 393 304 448 1
220 441 300 492 1
225 490 300 536 1
222 531 306 584 1
217 579 297 627 1
224 626 303 678 1
216 669 294 719 1
381 549 454 594 1
378 665 452 712 1
360 510 439 560 1
396 466 461 512 1
393 416 469 470 1
