215 332 272 425 1
363 129 412 229 1
416 121 459 209 1
468 122 507 215 1
437 523 520 633 1
317 332 375 433 1
375 342 425 437 1
580 353 637 443 1
628 347 691 446 1
618 137 660 224 1
571 126 610 217 1
521 142 558 200 1
497 539 561 626 1
614 540 689 637 1
669 540 743 635 1
735 365 790 454 1
789 358 841 452 1
835 350 892 443 1
883 344 940 446 1
934 355 993 449 1
721 135 760 228 1
668 128 711 226 1
308 115 358 218 1
261 123 307 210 1
216 120 261 218 1
151 121 213 228 1
143 521 215 615 1
29 513 108 611 1
0 517 53 602 1
0 328 35 416 1
117 121 163 214 1
73 116 120 206 1
15 109 71 204 1
0 122 17 218 1
771 152 812 229 1
822 145 861 231 1
869 146 913 244 1
921 141 964 241 1
967 142 1011 236 1
1013 158 1058 244 1
1063 164 1104 255 1
1135 281 1185 379 1
1149 32 1255 83 1
737 536 809 634 1
784 552 853 648 1
843 552 915 643 1
902 551 972 647 1
961 548 1038 647 1
1013 562 1080 644 1
1061 558 1136 660 1
1127 543 1193 632 1
1177 550 1240 633 1
1228 564 1279 653 1
