937 3 1011 42 1
937 98 1005 137 1
933 135 1007 173 1
937 174 1015 215 1
934 216 1012 251 1
941 253 1017 288 1
937 291 1018 330 1
936 333 1016 371 1
937 375 1021 412 1
939 415 1019 454 1
934 460 1018 494 1
935 498 1009 536 1
934 538 1021 576 1
936 581 1010 616 1
931 619 1012 653 1
934 657 1009 695 1
928 699 1007 719 1
742 83 813 122 1
736 122 814 161 1
742 166 821 206 1
729 207 807 247 1
738 248 814 284 1
735 284 815 322 1
736 371 813 408 1
734 411 812 447 1
734 453 802 488 1
736 493 813 532 1
732 536 807 572 1
727 575 805 613 1
728 617 805 656 1
729 658 808 698 1
727 698 804 719 1
640 699 715 719 1
636 656 718 695 1
639 616 719 655 1
636 574 714 609 1
640 532 708 570 1
638 493 718 529 1
640 449 723 489 1
640 410 725 449 1
653 371 719 410 1
641 328 718 366 1
639 285 723 323 1
636 240 716 278 1
648 204 724 240 1
647 160 732 199 1
648 123 729 158 1
650 80 724 121 1
461 78 529 115 1
148 0 221 24 1
449 117 528 155 1
451 161 517 197 1
451 198 525 236 1
452 239 532 277 1
448 278 525 315 1
445 320 526 357 1
441 362 516 402 1
443 403 524 438 1
450 448 514 481 1
449 488 530 528 1
447 531 523 566 1
446 571 515 608 1
443 611 521 647 1
443 653 520 694 1
440 695 521 719 1
354 77 434 114 1
352 117 433 155 1
350 156 426 192 1
351 198 423 234 1
358 237 435 277 1
359 277 438 315 1
359 318 427 355 1
345 356 425 398 1
360 404 437 440 1
354 440 431 482 1
346 486 424 521 1
354 531 419 567 1
347 569 421 607 1
346 609 421 648 1
351 649 420 688 1
350 693 425 719 1
300 206 337 283 1
175 70 260 110 1
180 110 260 148 1
180 150 258 189 1
174 191 257 224 1
172 234 260 269 1
169 270 252 309 1
169 311 243 349 1
161 351 236 392 1
159 397 230 430 1
153 435 226 472 1
157 479 234 512 1
155 517 232 554 1
157 556 230 592 1
162 598 239 639 1
156 640 237 678 1
163 683 235 717 1
83 66 170 106 1
80 106 158 146 1
80 148 155 185 1
76 189 155 228 1
79 230 156 266 1
79 270 160 306 1
77 312 152 351 1
74 355 148 392 1
69 395 139 425 1
63 434 145 471 1
63 473 132 509 1
64 516 146 551 1
68 558 141 593 1
67 595 152 633 1
71 639 148 677 1
64 681 140 717 1
