885 94 930 163 1
845 117 895 188 1
807 120 856 205 1
760 123 817 199 1
723 132 775 207 1
693 152 738 217 1
648 154 689 217 1
613 161 660 237 1
569 177 618 245 1
536 198 587 272 1
497 211 547 285 1
455 214 505 289 1
414 225 461 298 1
369 234 422 313 1
329 246 378 326 1
286 258 339 338 1
243 276 300 357 1
201 288 257 370 1
163 314 214 381 1
108 310 175 391 1
64 318 124 403 1
17 334 78 410 1
0 352 34 434 1
877 330 933 401 1
832 336 883 410 1
798 349 849 423 1
760 357 809 435 1
723 373 773 449 1
682 391 734 471 1
648 404 694 476 1
608 411 654 488 1
561 421 613 499 1
525 437 578 515 1
486 452 536 535 1
442 460 493 540 1
399 469 454 549 1
357 485 412 569 1
310 500 371 586 1
272 509 327 596 1
224 520 285 606 1
174 535 232 610 1
133 547 193 632 1
90 570 151 655 1
47 592 109 674 1
4 606 68 693 1
858 408 928 451 1
786 429 857 473 1
707 458 784 508 1
622 488 704 536 1
537 510 614 565 1
469 540 533 587 1
379 563 465 613 1
299 593 380 645 1
207 618 293 676 1
106 646 198 711 1
18 678 107 719 1
997 476 1052 557 1
958 500 1010 577 1
926 517 979 596 1
892 532 941 607 1
851 547 904 626 1
817 555 866 629 1
781 561 830 634 1
752 602 799 675 1
703 585 750 658 1
665 614 717 702 1
620 627 675 709 1
586 643 633 710 1
548 649 594 719 1
506 669 552 719 1
466 677 507 719 1
