820 0 859 78 1
808 224 846 304 1
805 332 843 412 1
797 428 832 505 1
796 535 840 614 1
871 463 953 513 1
595 467 663 507 1
580 592 661 628 1
584 299 662 340 1
597 253 672 294 1
608 172 681 213 1
624 134 681 171 1
598 90 675 130 1
589 44 669 87 1
597 5 671 42 1
428 4 501 57 1
424 124 497 177 1
426 167 503 219 1
407 424 482 478 1
404 507 486 567 1
230 649 311 719 1
236 606 318 669 1
237 559 318 616 1
240 515 319 570 1
239 461 327 521 1
245 410 326 468 1
245 359 323 424 1
243 319 327 379 1
249 274 335 329 1
247 227 334 285 1
251 166 332 231 1
255 131 338 187 1
256 84 344 141 1
257 32 339 92 1
266 0 347 44 1
