675 38 711 115 1
602 189 665 222 1
681 123 712 196 1
580 19 656 55 1
582 58 659 95 1
592 142 667 178 1
601 229 661 259 1
685 208 719 293 1
596 264 681 303 1
606 314 678 350 1
370 277 437 311 1
354 193 443 230 1
368 238 450 273 1
812 131 890 170 1
801 222 882 255 1
803 255 886 296 1
371 154 439 186 1
343 61 436 104 1
344 404 435 449 1
350 363 425 397 1
857 619 897 701 1
794 175 872 213 1
343 664 431 707 1
804 297 883 334 1
812 91 876 126 1
818 334 895 374 1
798 14 878 52 1
812 56 892 94 1
595 89 673 134 1
364 113 442 149 1
599 391 696 434 1
601 355 681 392 1
336 25 418 63 1
365 319 448 353 1
823 420 897 452 1
820 459 897 496 1
818 499 899 536 1
690 301 727 377 1
820 378 898 420 1
341 588 430 631 1
344 624 428 666 1
575 0 661 17 1
673 0 708 29 1
334 0 418 23 1
223 525 307 608 1
815 647 849 719 1
773 654 815 719 1
734 665 773 719 1
696 660 732 719 1
651 673 688 719 1
611 678 645 719 1
571 670 605 719 1
528 679 564 719 1
