1151 154 1208 273 1
1230 52 1279 101 1
1234 111 1279 157 1
1236 165 1279 211 1
1233 217 1279 263 1
1009 233 1121 279 1
1000 177 1107 225 1
994 120 1102 171 1
995 57 1086 112 1
977 0 1093 57 1
866 18 973 74 1
883 68 979 121 1
874 124 984 180 1
889 188 996 235 1
638 0 748 44 1
537 4 630 58 1
633 43 748 97 1
648 99 753 149 1
647 153 757 206 1
657 205 762 254 1
670 261 773 310 1
540 166 637 217 1
542 219 648 275 1
549 278 659 327 1
621 355 733 426 1
278 126 401 188 1
304 240 412 293 1
317 305 429 355 1
160 148 265 200 1
173 250 295 306 1
192 308 306 362 1
695 540 810 595 1
1042 508 1158 564 1
1040 573 1154 621 1
1057 627 1149 679 1
1057 675 1158 719 1
916 519 1030 573 1
926 580 1036 638 1
941 629 1046 681 1
939 681 1053 719 1
708 594 814 652 1
708 652 814 707 1
580 552 680 600 1
586 615 691 668 1
584 668 694 719 1
327 576 442 634 1
195 590 312 642 1
205 645 319 699 1
0 664 62 719 1
