902 154 944 246 1
850 166 890 243 1
799 149 839 244 1
745 143 786 245 1
693 153 735 243 1
640 145 680 237 1
591 162 628 220 1
534 143 578 238 1
484 142 528 237 1
922 368 983 464 1
874 376 930 475 1
818 388 878 479 1
655 379 717 474 1
992 567 1070 672 1
939 570 1010 665 1
881 575 947 675 1
828 559 904 660 1
760 567 834 668 1
710 371 775 473 1
1025 371 1087 466 1
969 361 1033 468 1
445 373 501 471 1
386 364 449 468 1
283 369 347 464 1
20 369 97 462 1
429 155 478 256 1
374 141 420 248 1
324 150 369 239 1
276 149 321 249 1
209 152 271 261 1
172 149 217 246 1
126 147 172 242 1
68 142 122 238 1
18 158 70 255 1
950 158 997 256 1
1002 151 1045 254 1
1049 149 1094 245 1
1098 163 1144 250 1
1147 168 1195 261 1
1225 287 1277 387 1
1237 28 1279 77 1
703 570 779 670 1
519 556 598 669 1
214 566 287 664 1
100 557 176 659 1
41 560 118 655 1
581 572 646 662 1
1058 567 1137 663 1
1109 579 1176 664 1
1156 575 1236 675 1
1229 557 1279 649 1
0 361 36 459 1
0 140 19 238 1
