573 397 691 451 1
453 384 570 439 1
450 444 567 496 1
568 456 689 509 1
566 513 680 568 1
443 501 560 550 1
559 568 677 617 1
453 552 544 609 1
751 52 800 166 1
685 55 737 168 1
623 63 681 177 1
573 70 628 175 1
520 66 572 184 1
466 73 513 190 1
357 75 415 191 1
301 80 358 195 1
245 86 298 201 1
95 146 165 264 1
42 176 99 265 1
0 163 46 286 1
181 401 302 459 1
40 383 169 437 1
175 460 300 520 1
177 521 296 578 1
38 569 146 622 1
166 636 285 692 1
10 693 136 719 1
434 648 531 713 1
545 660 663 719 1
800 476 903 530 1
804 534 911 584 1
805 588 895 638 1
919 536 1028 592 1
909 600 1004 653 1
793 638 887 691 1
903 685 1006 719 1
780 690 890 719 1
1227 380 1279 455 1
