665 20 701 102 1
575 23 651 61 1
582 64 659 102 1
580 108 654 144 1
580 149 653 184 1
331 36 402 68 1
331 74 413 109 1
336 115 405 154 1
347 154 427 192 1
351 194 428 234 1
348 239 425 274 1
345 281 421 317 1
677 355 710 434 1
671 108 704 191 1
671 198 704 279 1
676 286 706 350 1
588 274 668 308 1
579 193 658 226 1
795 308 871 341 1
797 387 874 425 1
348 368 426 405 1
348 410 431 445 1
356 449 439 489 1
358 493 437 530 1
374 531 440 567 1
681 437 715 516 1
581 354 661 394 1
582 315 663 353 1
587 397 663 439 1
587 437 670 478 1
586 478 669 517 1
583 519 666 558 1
795 146 878 182 1
797 187 873 223 1
797 230 864 263 1
792 270 862 301 1
798 348 868 382 1
776 19 850 55 1
585 568 661 603 1
804 63 884 98 1
778 102 848 139 1
685 522 722 603 1
589 608 666 645 1
343 324 425 359 1
595 645 673 688 1
361 657 436 693 1
343 0 411 25 1
570 0 648 18 1
658 0 692 16 1
778 0 851 20 1
584 230 661 268 1
811 472 888 504 1
799 430 879 466 1
805 512 883 547 1
806 552 883 586 1
686 611 725 694 1
355 570 442 610 1
353 613 439 652 1
810 591 891 632 1
807 634 884 670 1
806 669 885 709 1
605 688 681 719 1
366 697 448 719 1
