509 664 590 701 1
514 584 589 620 1
692 663 768 698 1
697 624 770 658 1
693 582 771 617 1
509 541 583 578 1
509 502 583 535 1
697 542 771 578 1
420 669 493 704 1
512 627 591 661 1
429 628 507 663 1
423 505 494 539 1
420 545 499 581 1
431 586 501 620 1
431 465 503 498 1
427 383 500 419 1
422 424 500 460 1
510 418 589 454 1
511 378 586 414 1
425 336 506 377 1
514 337 586 375 1
951 651 1034 686 1
962 573 1027 609 1
777 494 854 529 1
691 496 772 535 1
691 456 767 494 1
782 452 851 488 1
779 415 857 449 1
698 416 775 454 1
691 373 765 410 1
779 375 854 410 1
694 334 771 372 1
779 334 857 371 1
774 294 851 333 1
698 296 767 333 1
693 254 772 292 1
786 251 851 289 1
724 214 806 251 1
958 608 1024 646 1
954 688 1039 719 1
784 653 859 692 1
777 534 858 574 1
778 579 855 614 1
781 614 857 649 1
699 700 772 719 1
785 693 870 719 1
511 700 593 719 1
426 704 506 719 1
291 690 330 719 1
289 596 327 673 1
286 520 324 591 1
292 426 330 505 1
502 457 585 494 1
513 296 588 332 1
429 297 498 333 1
421 256 497 296 1
505 253 583 292 1
471 213 553 251 1
448 161 524 213 1
952 531 1020 567 1
952 493 1029 529 1
947 452 1022 488 1
953 411 1028 447 1
954 369 1027 406 1
955 328 1024 362 1
941 285 1019 320 1
951 244 1029 281 1
1029 232 1067 304 1
1068 235 1106 299 1
1107 237 1145 302 1
1146 240 1181 311 1
1175 188 1249 226 1
1176 150 1248 188 1
1171 110 1246 150 1
1172 76 1251 110 1
1167 38 1258 77 1
1167 0 1249 38 1
984 79 1060 117 1
981 37 1056 79 1
907 80 981 119 1
895 37 970 79 1
980 0 1056 32 1
891 0 969 37 1
720 74 796 110 1
732 37 794 75 1
624 33 704 71 1
715 2 792 37 1
635 0 708 34 1
617 70 696 110 1
557 0 595 33 1
443 39 522 78 1
433 0 509 38 1
348 4 427 43 1
356 45 432 82 1
356 83 429 122 1
