439 634 548 695 1
432 529 544 582 1
439 583 552 636 1
88 621 198 678 1
310 553 420 608 1
312 493 405 553 1
319 441 408 496 1
307 387 413 445 1
421 372 537 429 1
421 443 523 492 1
963 389 1060 482 1
1084 524 1177 622 1
1123 573 1216 677 1
1217 305 1279 400 1
688 641 800 702 1
79 564 194 618 1
2 577 65 630 1
2 632 86 685 1
75 461 195 515 1
2 474 58 521 1
77 412 186 460 1
2 417 74 469 1
62 353 188 405 1
2 359 62 412 1
60 294 181 352 1
2 308 61 357 1
292 335 392 387 1
323 661 428 714 1
1066 473 1151 557 1
1030 426 1117 515 1
927 333 1032 441 1
890 294 982 394 1
1192 244 1279 336 1
1152 199 1253 297 1
1112 155 1210 253 1
1076 110 1175 206 1
1041 73 1133 164 1
1010 35 1095 118 1
961 0 1054 78 1
914 0 988 41 1
1088 0 1171 45 1
1128 0 1217 84 1
1157 33 1262 128 1
443 695 561 719 1
692 699 801 719 1
0 680 80 719 1
55 0 134 81 1
8 0 83 88 1
