824 337 870 437 1
871 347 916 440 1
918 341 958 441 1
961 345 1006 433 1
1009 342 1049 435 1
603 139 701 184 1
284 134 378 178 1
376 138 471 179 1
732 142 822 187 1
842 148 926 190 1
1002 160 1087 202 1
560 345 605 437 1
562 446 606 543 1
636 549 681 627 1
681 555 732 645 1
726 549 778 630 1
916 548 972 632 1
965 550 1016 632 1
1002 544 1056 628 1
1057 552 1110 632 1
1049 360 1093 448 1
779 344 818 443 1
724 340 767 433 1
671 335 710 422 1
619 336 662 438 1
1094 345 1138 435 1
1140 353 1182 439 1
1180 356 1224 445 1
1225 356 1279 462 1
