689 668 788 719 1
681 591 777 672 1
699 548 763 607 1
674 476 755 542 1
638 400 737 474 1
621 325 722 406 1
641 273 723 340 1
627 205 727 280 1
634 153 716 222 1
473 599 566 643 1
456 502 555 549 1
450 403 554 441 1
444 354 555 396 1
440 295 546 341 1
438 248 543 292 1
444 200 547 243 1
440 149 544 194 1
440 102 537 142 1
212 106 323 153 1
103 108 205 155 1
212 163 318 206 1
93 163 206 214 1
217 211 302 259 1
107 211 215 257 1
221 258 310 304 1
108 264 217 303 1
206 308 319 353 1
99 312 200 353 1
227 363 314 399 1
113 362 211 406 1
222 406 322 452 1
112 410 215 457 1
226 459 333 503 1
121 459 224 506 1
220 554 333 607 1
116 561 227 607 1
169 609 264 654 1
