159 512 240 562 1
262 630 343 668 1
172 624 251 664 1
266 673 346 709 1
268 711 343 719 1
164 705 242 719 1
167 664 243 704 1
437 684 516 719 1
534 687 610 719 1
545 650 614 687 1
439 644 514 683 1
729 698 808 719 1
815 697 892 719 1
818 656 892 693 1
730 655 805 692 1
1013 664 1082 702 1
1011 704 1079 719 1
268 465 349 502 1
34 456 77 538 1
177 460 255 496 1
263 420 339 456 1
171 416 247 454 1
273 381 348 420 1
270 335 346 375 1
264 299 343 335 1
182 296 257 331 1
176 333 253 371 1
175 376 254 414 1
32 366 79 448 1
42 273 87 354 1
50 175 93 249 1
57 88 98 167 1
57 1 97 77 1
253 0 287 42 1
293 0 367 22 1
301 25 378 61 1
289 62 361 100 1
203 56 273 93 1
286 99 362 138 1
199 96 277 135 1
281 140 354 177 1
202 139 269 175 1
191 176 270 211 1
275 179 348 214 1
272 217 344 254 1
184 216 257 251 1
186 254 258 292 1
277 260 350 295 1
455 468 533 505 1
547 473 628 511 1
560 432 634 467 1
453 426 530 460 1
460 387 531 423 1
556 349 628 383 1
458 348 537 383 1
463 305 541 343 1
560 306 635 341 1
554 268 632 305 1
461 264 539 301 1
461 223 536 261 1
550 226 628 264 1
549 184 626 221 1
554 147 630 182 1
467 144 545 179 1
461 182 539 219 1
468 106 545 143 1
552 109 631 145 1
558 68 634 106 1
472 69 549 104 1
473 28 553 68 1
474 0 553 25 1
556 0 637 32 1
567 33 632 68 1
749 0 825 15 1
840 0 917 23 1
837 24 904 61 1
753 15 823 52 1
741 59 823 98 1
833 68 903 105 1
744 160 814 195 1
838 167 913 201 1
738 203 818 239 1
834 207 903 245 1
833 248 910 284 1
741 240 817 279 1
737 282 812 318 1
832 284 910 321 1
837 324 908 361 1
743 324 820 358 1
833 367 914 402 1
743 367 820 402 1
825 407 897 444 1
826 447 904 483 1
818 490 900 525 1
743 447 818 479 1
739 487 810 525 1
1010 0 1086 23 1
1009 25 1088 59 1
1010 60 1088 97 1
1016 102 1086 139 1
1015 141 1079 175 1
1018 214 1089 252 1
1019 253 1095 291 1
1012 293 1091 329 1
1018 334 1091 368 1
1018 371 1093 407 1
1010 411 1083 445 1
1012 446 1085 481 1
1015 490 1090 523 1
1011 529 1089 563 1
1019 566 1090 603 1
