435 288 478 392 1
488 293 530 385 1
538 284 584 399 1
440 515 498 614 1
598 301 645 409 1
370 288 427 406 1
653 290 698 387 1
705 292 750 392 1
760 314 801 375 1
814 298 856 394 1
864 309 907 400 1
969 308 1010 406 1
913 300 962 402 1
1019 324 1063 403 1
1068 315 1115 404 1
1117 317 1168 416 1
1173 311 1222 414 1
1220 307 1269 408 1
1266 323 1279 414 1
0 60 56 107 1
125 67 229 116 1
594 79 695 129 1
712 88 815 138 1
997 98 1092 149 1
1236 104 1279 156 1
1185 535 1253 631 1
327 287 371 386 1
280 281 325 380 1
225 274 275 374 1
174 292 223 388 1
123 271 174 373 1
74 277 127 372 1
21 272 77 373 1
0 276 29 376 1
548 517 608 621 1
610 526 663 626 1
821 536 882 629 1
873 531 937 633 1
980 546 1037 640 1
1034 538 1089 634 1
1084 528 1141 623 1
1131 525 1194 632 1
174 504 244 600 1
117 496 185 592 1
70 500 137 595 1
18 494 90 593 1
21 688 86 719 1
214 700 261 719 1
273 698 321 719 1
