1142 101 1216 138 1
1062 92 1132 134 1
1250 252 1279 320 1
1214 246 1254 315 1
1180 259 1214 305 1
1144 244 1180 316 1
1108 245 1143 314 1
1073 252 1110 329 1
1032 241 1067 322 1
997 246 1034 315 1
965 242 998 319 1
925 244 970 327 1
885 241 923 316 1
851 237 885 311 1
810 233 846 308 1
772 245 804 321 1
732 231 768 309 1
696 235 729 309 1
654 234 688 312 1
613 234 653 314 1
574 229 608 310 1
535 235 569 314 1
494 231 528 307 1
449 228 483 296 1
410 233 443 311 1
361 240 398 312 1
360 317 398 400 1
423 402 463 470 1
458 408 505 482 1
497 404 538 471 1
660 401 706 475 1
699 405 745 480 1
734 404 780 474 1
779 404 827 479 1
969 404 1016 477 1
1041 404 1088 477 1
1086 409 1126 482 1
1228 415 1275 482 1
1255 557 1279 623 1
1173 551 1226 618 1
1134 543 1201 619 1
921 553 974 622 1
828 550 885 625 1
789 553 840 622 1
653 546 709 633 1
607 559 654 631 1
564 556 612 626 1
516 558 567 632 1
429 557 480 625 1
389 545 435 624 1
344 556 390 627 1
305 547 352 616 1
267 537 314 609 1
725 79 798 117 1
592 72 662 110 1
499 72 576 109 1
397 73 478 111 1
221 78 296 115 1
146 78 221 115 1
