1156 493 1279 539 1
1192 443 1279 489 1
1080 397 1187 446 1
1187 285 1279 333 1
1174 231 1279 283 1
1173 185 1279 231 1
1156 131 1273 183 1
1167 80 1278 131 1
1046 93 1154 145 1
1050 204 1166 256 1
1170 23 1279 83 1
1151 0 1267 25 1
1039 0 1148 31 1
1042 38 1153 87 1
792 0 899 51 1
660 8 769 60 1
665 67 775 117 1
675 124 785 176 1
690 234 787 282 1
691 346 802 397 1
705 510 806 564 1
840 505 953 558 1
852 561 952 614 1
828 449 937 500 1
822 394 938 447 1
818 282 928 328 1
812 226 915 274 1
424 87 516 138 1
435 144 525 193 1
421 254 531 303 1
418 312 526 365 1
447 369 540 414 1
442 420 548 473 1
441 536 551 588 1
301 426 411 483 1
293 321 405 374 1
58 349 166 391 1
49 518 150 564 1
13 181 134 228 1
22 114 141 170 1
290 51 389 94 1
285 100 397 148 1
