805 105 859 215 1
743 91 797 214 1
864 105 918 224 1
683 88 736 202 1
617 63 676 192 1
549 88 607 216 1
485 81 541 207 1
426 75 485 201 1
922 116 973 232 1
984 105 1044 228 1
1040 92 1103 227 1
1100 114 1160 236 1
1165 123 1220 228 1
1218 92 1279 209 1
234 79 293 186 1
177 81 235 192 1
102 81 169 197 1
43 67 111 188 1
1162 449 1231 572 1
1103 446 1166 565 1
1043 442 1098 559 1
978 448 1035 570 1
918 446 973 562 1
857 451 908 559 1
793 452 851 579 1
667 451 723 579 1
598 452 653 578 1
537 424 588 547 1
472 425 523 548 1
406 420 461 539 1
286 420 337 538 1
220 417 279 549 1
156 425 219 530 1
97 431 158 553 1
30 423 90 536 1
0 415 29 547 1
