484 667 554 719 1
513 640 573 702 1
543 614 609 681 1
575 587 638 649 1
599 557 664 624 1
623 525 694 593 1
641 491 707 552 1
675 463 741 524 1
698 432 761 492 1
729 407 787 464 1
756 374 818 435 1
778 341 850 412 1
805 311 875 379 1
834 290 907 358 1
868 266 922 323 1
888 234 957 297 1
913 204 978 267 1
939 177 1003 240 1
965 149 1029 213 1
988 128 1056 191 1
1017 104 1084 167 1
1042 76 1113 139 1
1063 53 1131 115 1
1084 27 1151 88 1
1110 0 1180 60 1
1140 0 1197 31 1
1198 26 1262 93 1
1222 0 1279 54 1
1157 89 1212 148 1
1129 110 1186 170 1
1100 134 1162 195 1
1080 161 1135 222 1
1058 193 1116 252 1
1031 212 1091 275 1
1007 244 1070 307 1
969 263 1033 324 1
955 295 1009 350 1
928 318 988 378 1
900 347 961 409 1
873 377 942 442 1
844 401 912 465 1
816 429 880 489 1
790 461 857 525 1
764 490 836 559 1
741 525 797 581 1
712 551 781 617 1
687 583 755 651 1
660 615 729 680 1
635 641 706 710 1
611 674 678 719 1
828 702 869 719 1
857 682 919 719 1
882 653 947 716 1
902 618 969 685 1
932 592 988 647 1
950 554 1017 616 1
977 527 1038 589 1
995 497 1066 565 1
1030 478 1097 542 1
1057 450 1125 513 1
1087 424 1142 478 1
1109 396 1175 460 1
1146 339 1210 397 1
1174 313 1236 374 1
1195 282 1261 344 1
1215 255 1279 323 1
1244 230 1279 285 1
820 56 882 116 1
845 22 905 88 1
860 0 928 59 1
894 0 946 32 1
748 0 818 51 1
721 14 785 78 1
700 45 759 102 1
670 66 736 129 1
491 389 554 449 1
644 90 709 156 1
765 100 830 166 1
791 75 858 143 1
736 128 803 196 1
707 154 775 221 1
688 186 750 246 1
623 127 690 190 1
582 144 649 207 1
660 214 723 277 1
625 239 696 304 1
562 180 626 242 1
599 268 665 332 1
564 292 638 361 1
533 210 601 277 1
503 237 568 302 1
476 267 537 328 1
542 327 607 388 1
519 363 584 423 1
446 294 514 358 1
420 323 488 391 1
396 357 461 416 1
375 394 438 453 1
435 450 505 514 1
409 478 474 541 1
381 506 448 570 1
350 530 423 597 1
318 557 389 627 1
302 593 361 650 1
270 614 338 679 1
238 642 312 707 1
215 670 288 719 1
188 699 237 719 1
339 413 410 479 1
323 448 383 506 1
286 470 351 534 1
261 498 331 566 1
228 531 306 601 1
206 559 270 620 1
178 582 248 650 1
154 615 219 679 1
124 640 190 703 1
94 673 168 719 1
63 702 114 719 1
513 0 572 34 1
562 0 605 21 1
487 5 551 69 1
307 0 362 27 1
451 23 518 86 1
428 58 500 125 1
409 90 469 148 1
373 113 439 179 1
343 135 413 207 1
312 166 380 233 1
288 197 350 260 1
259 223 321 283 1
231 254 299 320 1
210 288 274 349 1
181 318 246 377 1
145 342 221 406 1
121 368 191 433 1
101 406 172 470 1
70 427 136 493 1
34 459 111 523 1
9 485 80 550 1
0 510 49 578 1
0 562 20 602 1
130 265 198 329 1
74 331 139 396 1
3 362 71 429 1
0 397 45 463 1
0 454 16 484 1
581 700 619 719 1
460 700 503 719 1
