45 141 147 189 1
55 196 159 243 1
59 251 160 298 1
58 310 162 352 1
63 361 166 409 1
281 181 396 233 1
288 113 407 169 1
315 534 415 580 1
717 552 831 610 1
570 442 687 493 1
720 434 828 488 1
725 382 824 427 1
697 320 811 377 1
560 329 679 384 1
714 143 808 199 1
704 87 800 138 1
556 101 670 152 1
561 44 666 94 1
952 74 1070 124 1
944 13 1062 65 1
1082 3 1194 58 1
1102 242 1210 289 1
960 134 1078 185 1
976 244 1076 293 1
976 362 1088 414 1
987 531 1096 580 1
1124 524 1241 575 1
1133 582 1240 636 1
1111 472 1227 515 1
1111 412 1231 463 1
1105 298 1222 344 1
703 261 816 312 1
