1087 310 1160 345 1
882 324 922 407 1
893 213 930 294 1
897 113 935 196 1
900 1 940 84 1
692 57 768 99 1
688 181 760 219 1
692 224 764 259 1
691 262 767 300 1
690 306 762 338 1
688 345 760 380 1
683 388 762 420 1
679 427 758 460 1
678 470 756 504 1
676 508 754 543 1
673 552 751 586 1
673 588 754 624 1
665 631 743 669 1
499 568 575 616 1
500 523 577 575 1
504 482 576 531 1
510 269 584 320 1
507 0 594 31 1
357 0 439 38 1
355 33 436 88 1
352 81 433 141 1
347 122 427 180 1
346 166 425 225 1
352 219 429 276 1
355 274 423 319 1
353 321 420 369 1
341 366 413 412 1
356 417 417 466 1
354 463 418 510 1
344 508 411 556 1
334 551 413 604 1
336 596 410 646 1
351 651 416 695 1
332 684 406 719 1
