988 589 1023 664 1
1026 593 1063 659 1
1065 594 1103 659 1
1105 596 1140 670 1
943 348 1019 385 1
940 309 1018 344 1
941 269 1011 309 1
657 156 729 192 1
656 194 736 231 1
666 235 741 273 1
666 274 747 310 1
573 274 650 312 1
571 233 648 271 1
576 197 641 232 1
563 156 638 196 1
378 159 456 198 1
384 200 458 233 1
387 236 453 272 1
387 276 459 313 1
294 239 367 276 1
291 201 366 239 1
294 159 369 198 1
663 316 743 352 1
669 360 748 396 1
573 319 654 354 1
583 357 658 391 1
571 396 655 432 1
685 398 749 433 1
672 437 751 476 1
565 435 647 477 1
655 116 732 154 1
662 80 733 117 1
660 39 735 76 1
651 3 727 37 1
566 3 636 43 1
566 43 641 80 1
565 81 641 117 1
560 117 639 157 1
287 282 359 318 1
286 321 366 356 1
384 317 462 351 1
372 356 451 396 1
384 398 465 434 1
297 403 376 439 1
287 362 368 395 1
298 447 375 479 1
141 268 182 339 1
145 181 184 251 1
145 87 186 164 1
145 1 187 80 1
287 124 356 159 1
377 115 463 157 1
371 80 442 114 1
292 48 368 85 1
288 84 368 123 1
382 44 454 80 1
383 6 453 44 1
294 10 364 51 1
299 0 367 12 1
838 4 906 39 1
835 37 913 77 1
839 79 913 116 1
839 121 917 159 1
850 158 926 194 1
849 195 931 234 1
851 234 933 269 1
850 271 933 310 1
855 316 934 351 1
852 354 931 389 1
853 394 931 434 1
863 439 942 475 1
943 394 1022 429 1
946 433 1024 471 1
936 229 1017 270 1
934 193 998 226 1
931 157 1008 192 1
931 119 994 154 1
931 82 999 117 1
924 39 1000 79 1
918 1 989 36 1
1104 6 1182 42 1
1110 46 1190 84 1
1118 82 1196 118 1
1123 121 1188 157 1
1118 158 1200 193 1
1122 196 1202 233 1
1118 234 1198 269 1
1119 272 1198 307 1
1121 311 1196 348 1
1133 351 1211 385 1
1134 389 1219 423 1
1136 428 1215 458 1
1136 464 1210 500 1
1139 506 1212 541 1
1136 545 1211 580 1
905 609 984 644 1
899 649 972 685 1
908 692 980 719 1
611 521 689 557 1
675 581 759 617 1
418 585 501 621 1
736 617 803 654 1
723 660 801 703 1
643 624 721 661 1
645 663 714 703 1
641 703 724 719 1
731 704 809 719 1
453 625 531 663 1
463 667 538 702 1
463 708 536 719 1
373 704 454 719 1
379 668 448 703 1
370 627 443 666 1
