630 422 701 458 1
628 468 702 499 1
823 674 899 712 1
816 635 892 668 1
908 590 982 626 1
821 593 884 626 1
910 549 981 585 1
815 514 885 546 1
816 552 897 586 1
823 390 885 422 1
914 633 985 668 1
1108 674 1184 709 1
905 472 977 507 1
914 509 988 544 1
809 474 891 509 1
817 430 888 466 1
622 380 699 419 1
618 342 693 377 1
623 302 699 338 1
632 262 704 296 1
627 219 704 257 1
628 180 700 216 1
631 140 705 175 1
630 102 704 139 1
631 62 707 100 1
538 61 612 97 1
546 101 620 136 1
543 136 618 174 1
533 179 608 215 1
540 217 617 255 1
539 259 610 296 1
535 300 612 335 1
539 340 612 374 1
532 380 608 416 1
536 421 607 455 1
535 464 610 498 1
534 504 617 540 1
626 505 704 539 1
626 548 704 581 1
540 543 617 580 1
625 589 703 624 1
536 584 614 623 1
624 630 700 663 1
537 624 612 657 1
628 668 709 706 1
539 664 617 702 1
547 704 620 719 1
633 706 710 719 1
1087 476 1165 513 1
1087 437 1169 471 1
1095 394 1176 432 1
1099 354 1177 388 1
1098 316 1171 349 1
1088 277 1166 310 1
1084 239 1159 272 1
1084 197 1156 234 1
1084 161 1157 195 1
1087 122 1167 158 1
1078 83 1155 121 1
1091 43 1167 82 1
1090 5 1161 44 1
924 394 991 429 1
922 354 1000 391 1
823 354 897 388 1
920 316 994 349 1
830 312 903 345 1
916 233 989 269 1
914 194 989 231 1
814 266 889 300 1
817 227 898 263 1
822 188 904 224 1
908 153 982 190 1
825 149 900 185 1
906 109 974 147 1
823 108 898 146 1
905 74 968 107 1
820 73 896 107 1
358 698 434 719 1
350 660 430 697 1
354 620 433 656 1
356 580 434 616 1
354 540 431 579 1
351 500 431 539 1
355 462 432 493 1
354 421 430 454 1
352 379 429 414 1
357 339 431 373 1
350 295 420 331 1
343 254 421 289 1
349 214 424 250 1
359 176 433 212 1
361 136 433 174 1
357 94 436 135 1
360 56 437 94 1
167 4 250 39 1
166 42 244 77 1
162 77 240 115 1
167 118 243 153 1
167 159 242 197 1
150 198 228 232 1
155 238 233 274 1
149 275 230 312 1
145 320 224 353 1
146 360 221 395 1
152 437 228 469 1
172 476 240 509 1
148 517 231 551 1
163 559 237 592 1
143 598 224 634 1
139 637 234 675 1
144 680 228 718 1
