1075 180 1112 275 1
1025 181 1082 287 1
974 179 1018 270 1
932 174 974 266 1
879 166 925 261 1
835 180 871 276 1
784 164 823 262 1
738 170 774 262 1
684 164 726 264 1
633 168 680 264 1
584 162 627 259 1
741 379 796 477 1
691 380 746 476 1
483 381 534 465 1
433 386 489 480 1
387 381 433 465 1
905 567 973 662 1
852 571 915 659 1
678 565 751 670 1
844 384 901 473 1
783 376 843 468 1
1169 382 1229 473 1
1078 387 1136 474 1
1018 570 1087 661 1
1223 391 1279 479 1
1198 0 1279 39 1
1255 183 1279 270 1
1208 194 1260 284 1
1156 177 1202 277 1
1114 186 1158 269 1
532 165 573 264 1
478 160 515 257 1
422 157 464 243 1
370 161 413 262 1
307 172 355 264 1
302 269 355 372 1
619 582 679 675 1
567 577 627 668 1
504 582 569 673 1
393 580 456 664 1
342 564 398 660 1
284 575 340 666 1
232 565 292 653 1
186 553 244 642 1
