376 53 452 89 1
708 127 741 206 1
707 58 737 122 1
619 46 699 80 1
379 140 457 177 1
379 182 462 217 1
387 221 470 261 1
389 265 468 302 1
405 303 471 339 1
612 126 692 166 1
613 87 694 125 1
374 96 456 131 1
615 2 692 40 1
621 383 700 422 1
628 421 707 460 1
640 461 714 499 1
641 502 719 540 1
841 407 923 444 1
618 341 692 377 1
620 296 700 332 1
619 255 703 287 1
622 212 703 251 1
621 170 699 207 1
401 514 478 553 1
400 555 475 595 1
377 12 454 49 1
632 580 713 621 1
392 599 472 636 1
820 42 889 77 1
823 81 899 120 1
824 122 895 156 1
394 638 476 681 1
390 344 476 383 1
390 389 474 426 1
395 432 470 465 1
402 474 486 509 1
715 215 749 290 1
718 297 752 375 1
827 165 907 200 1
831 205 910 240 1
837 328 917 360 1
842 365 925 403 1
841 448 922 484 1
843 488 923 524 1
845 529 924 562 1
847 567 920 606 1
852 609 935 646 1
865 650 947 686 1
700 0 736 54 1
823 8 891 43 1
398 675 491 719 1
720 387 756 465 1
725 470 759 549 1
725 557 760 635 1
725 639 763 718 1
631 626 708 662 1
633 664 710 702 1
647 700 722 719 1
637 543 714 579 1
844 248 921 281 1
838 288 916 324 1
864 688 929 719 1
