624 220 696 290 1
606 252 670 316 1
786 478 848 533 1
752 501 822 566 1
730 534 794 592 1
631 502 702 566 1
577 280 643 345 1
504 220 573 285 1
482 251 549 317 1
442 290 513 355 1
818 450 879 511 1
726 423 787 484 1
691 450 762 508 1
664 474 733 539 1
603 527 671 593 1
575 559 646 621 1
710 565 772 628 1
552 589 616 650 1
654 630 722 686 1
611 646 681 706 1
596 678 654 719 1
565 704 604 719 1
525 621 592 686 1
503 653 561 710 1
471 676 540 719 1
438 699 476 719 1
541 193 608 259 1
561 159 634 227 1
651 189 717 254 1
678 161 746 226 1
704 130 773 195 1
730 103 800 167 1
757 76 823 136 1
587 131 657 191 1
616 102 683 168 1
642 75 711 139 1
663 43 738 111 1
690 15 758 77 1
717 0 780 49 1
761 0 808 21 1
863 0 917 30 1
824 0 888 50 1
802 16 869 79 1
784 46 847 110 1
842 258 910 319 1
953 260 1021 322 1
863 231 927 290 1
883 200 951 264 1
916 174 976 232 1
945 150 1001 207 1
963 122 1026 185 1
992 101 1058 160 1
1009 60 1076 122 1
1034 38 1101 100 1
1057 13 1133 83 1
1082 0 1151 47 1
1133 0 1177 21 1
1186 0 1250 43 1
1169 10 1228 68 1
1144 42 1202 105 1
1121 74 1187 139 1
1100 102 1161 168 1
1057 160 1116 221 1
1033 188 1098 253 1
1009 217 1069 276 1
1263 163 1279 194 1
1242 189 1279 245 1
1219 217 1279 278 1
1199 246 1267 303 1
1060 419 1124 478 1
1042 445 1108 509 1
1020 478 1085 541 1
994 506 1065 570 1
969 533 1040 602 1
939 564 1000 621 1
915 592 984 657 1
886 618 955 687 1
859 648 926 711 1
838 682 898 719 1
809 707 839 719 1
452 446 512 498 1
411 464 488 528 1
387 489 458 556 1
361 518 432 585 1
292 464 361 520 1
265 484 336 551 1
333 551 404 612 1
311 585 378 641 1
288 609 353 671 1
246 523 318 587 1
207 541 274 605 1
249 631 328 700 1
225 668 296 719 1
194 688 256 719 1
187 577 252 641 1
161 611 230 676 1
133 635 199 701 1
106 666 171 719 1
75 694 124 719 1
182 308 244 371 1
205 276 279 337 1
233 243 302 311 1
264 216 331 279 1
283 183 352 247 1
308 146 374 204 1
345 124 407 187 1
377 100 440 159 1
404 72 469 131 1
423 38 496 107 1
454 13 527 79 1
481 0 550 52 1
529 0 578 27 1
261 0 309 23 1
210 0 277 45 1
177 14 247 76 1
146 38 219 103 1
127 73 202 143 1
99 102 178 174 1
76 136 153 203 1
53 166 129 236 1
29 198 104 266 1
7 234 79 300 1
0 267 49 324 1
59 465 125 527 1
30 496 96 553 1
0 514 64 579 1
0 556 41 607 1
