436 630 548 683 1
314 654 424 709 1
316 594 409 654 1
323 542 412 597 1
311 488 417 546 1
425 473 541 530 1
425 544 527 593 1
967 490 1064 583 1
296 436 396 488 1
1034 527 1121 616 1
931 434 1036 542 1
903 400 992 498 1
1070 576 1159 659 1
1110 627 1192 706 1
1161 669 1232 719 1
871 351 961 434 1
1223 414 1279 497 1
1202 344 1279 436 1
1167 299 1263 396 1
1119 258 1220 356 1
1087 213 1188 309 1
1051 172 1144 260 1
1018 133 1108 218 1
969 90 1066 180 1
923 43 1025 143 1
890 4 981 89 1
1170 138 1274 226 1
1139 95 1230 187 1
1100 47 1189 142 1
1057 4 1151 94 1
1020 0 1091 52 1
535 9 639 108 1
13 81 77 181 1
0 99 32 199 1
442 686 560 719 1
62 382 181 441 1
0 396 63 447 1
62 446 187 497 1
0 455 62 506 1
75 503 187 557 1
0 505 74 557 1
84 558 196 610 1
0 566 59 620 1
78 659 198 714 1
0 671 61 719 1
