800 83 877 123 1
805 129 886 167 1
815 171 893 209 1
824 210 895 249 1
819 252 901 288 1
816 293 890 323 1
814 328 886 362 1
843 370 920 406 1
813 412 888 447 1
830 455 917 493 1
834 496 910 532 1
830 536 901 573 1
828 575 897 611 1
830 613 909 651 1
831 654 903 691 1
830 694 915 719 1
697 168 730 246 1
695 249 732 326 1
703 331 741 413 1
709 418 743 502 1
707 509 742 595 1
714 594 745 663 1
715 665 750 719 1
617 164 690 203 1
607 212 685 249 1
611 252 688 286 1
610 293 688 327 1
618 335 692 370 1
624 375 701 415 1
622 421 696 453 1
619 462 695 494 1
617 503 698 537 1
620 540 702 580 1
624 583 706 622 1
620 624 699 666 1
620 667 700 703 1
625 704 704 719 1
378 85 449 123 1
390 132 468 172 1
384 175 469 212 1
370 216 453 253 1
371 261 449 296 1
385 301 451 335 1
374 347 442 381 1
374 386 453 421 1
378 427 447 467 1
387 468 466 505 1
394 512 469 546 1
384 552 463 589 1
383 593 460 630 1
383 635 464 673 1
383 678 466 715 1
