1093 244 1164 283 1
888 260 922 340 1
893 145 931 230 1
896 46 934 132 1
690 0 769 30 1
686 113 762 150 1
695 155 763 192 1
690 192 766 234 1
691 238 765 271 1
685 277 759 314 1
684 319 762 351 1
678 359 759 396 1
681 403 757 437 1
676 445 757 476 1
674 487 752 520 1
673 522 755 559 1
664 564 746 601 1
500 500 574 556 1
502 458 580 507 1
504 418 576 468 1
512 200 582 252 1
367 0 434 25 1
356 18 430 73 1
351 52 427 113 1
350 101 424 160 1
353 152 429 208 1
354 208 421 256 1
352 255 415 306 1
342 297 409 346 1
348 347 417 402 1
349 398 416 447 1
343 440 410 491 1
335 483 414 542 1
334 528 409 583 1
351 585 417 635 1
327 618 407 680 1
335 681 423 719 1
