519 282 565 388 1
439 152 482 250 1
384 152 428 241 1
542 16 649 68 1
334 137 379 235 1
285 139 330 242 1
78 144 128 239 1
28 136 80 238 1
296 363 364 464 1
241 351 307 462 1
193 358 255 455 1
2 552 54 646 1
34 554 107 649 1
99 545 171 644 1
137 564 216 663 1
214 566 277 654 1
263 565 335 658 1
327 565 405 666 1
392 580 456 666 1
443 577 519 680 1
519 560 582 656 1
570 571 634 658 1
632 583 691 678 1
147 367 205 464 1
92 377 156 464 1
0 362 55 458 1
0 147 26 236 1
179 149 228 239 1
228 149 278 249 1
131 159 177 237 1
