949 625 1024 659 1
942 583 1014 620 1
858 627 937 667 1
851 464 925 501 1
934 463 1010 501 1
935 426 1008 462 1
851 426 917 462 1
847 387 923 424 1
935 385 1011 423 1
665 389 745 428 1
386 513 461 550 1
381 471 451 506 1
665 349 728 385 1
659 308 734 343 1
561 268 640 306 1
298 638 374 671 1
376 434 449 469 1
377 394 456 429 1
577 312 653 348 1
656 271 725 307 1
941 505 1014 540 1
856 506 934 543 1
853 545 932 585 1
861 587 932 624 1
944 544 1021 583 1
658 228 731 266 1
847 345 928 381 1
936 345 998 381 1
931 307 1005 343 1
932 269 1002 304 1
853 272 918 307 1
570 231 637 266 1
846 309 924 346 1
1138 620 1219 657 1
1133 580 1213 619 1
391 596 463 632 1
383 555 462 593 1
297 599 367 633 1
298 555 376 593 1
296 514 370 552 1
292 480 361 511 1
289 437 365 472 1
284 396 350 429 1
371 353 443 390 1
284 356 363 391 1
373 316 448 349 1
375 274 450 310 1
292 278 358 315 1
289 317 354 352 1
382 233 452 270 1
568 190 647 230 1
154 100 194 177 1
151 190 191 266 1
155 289 192 365 1
149 383 190 459 1
152 484 190 569 1
148 582 190 663 1
841 232 913 268 1
1134 538 1210 574 1
1130 499 1207 530 1
1130 461 1205 495 1
1126 420 1216 455 1
1126 384 1198 418 1
1123 348 1194 382 1
658 189 730 223 1
572 350 648 387 1
666 429 737 466 1
576 437 637 473 1
568 477 646 511 1
569 518 645 553 1
574 558 645 591 1
666 594 745 628 1
676 633 754 670 1
580 638 659 676 1
578 597 650 632 1
390 635 465 672 1
149 670 192 719 1
297 675 377 712 1
382 674 455 711 1
580 677 654 712 1
677 675 750 709 1
667 474 735 506 1
666 513 742 546 1
667 555 746 590 1
576 391 652 429 1
468 279 503 361 1
290 238 362 276 1
292 195 369 235 1
382 192 458 230 1
565 152 640 190 1
655 152 735 188 1
859 669 933 700 1
951 662 1021 698 1
948 701 1017 719 1
853 704 937 719 1
1150 696 1218 719 1
1144 659 1224 692 1
1120 305 1202 339 1
1117 265 1204 301 1
1112 227 1194 263 1
1111 186 1192 223 1
1115 152 1190 184 1
1106 114 1184 149 1
1105 78 1186 114 1
1100 39 1178 78 1
1099 3 1172 39 1
924 185 1001 221 1
925 150 997 187 1
915 114 991 151 1
924 75 998 114 1
918 35 988 72 1
918 0 988 32 1
833 0 902 36 1
834 37 911 74 1
835 74 917 112 1
840 115 913 152 1
829 150 907 185 1
837 189 917 226 1
651 114 724 149 1
651 77 714 112 1
647 36 719 75 1
655 1 720 36 1
551 1 627 40 1
551 41 629 77 1
551 76 626 113 1
554 115 626 151 1
385 155 464 191 1
382 115 460 153 1
385 75 459 113 1
384 40 460 76 1
492 8 532 82 1
380 0 456 41 1
292 3 370 42 1
288 42 363 79 1
287 82 363 118 1
287 121 359 156 1
291 160 365 194 1
671 711 743 719 1
579 712 654 719 1
