719 128 757 207 1
763 118 802 199 1
804 118 841 202 1
847 128 884 207 1
886 116 922 196 1
926 119 964 193 1
967 125 1004 198 1
1007 129 1043 204 1
1043 101 1079 173 1
1082 122 1124 200 1
1123 123 1160 200 1
1162 128 1202 200 1
1200 129 1243 203 1
1238 123 1278 201 1
534 0 571 21 1
604 0 637 23 1
664 0 699 24 1
724 0 757 14 1
783 0 816 21 1
847 0 882 20 1
906 0 939 13 1
1015 0 1053 26 1
1075 0 1115 28 1
1124 0 1166 30 1
1168 0 1203 21 1
1207 0 1247 20 1
1243 0 1279 26 1
508 83 590 120 1
503 144 584 180 1
511 258 590 297 1
509 379 595 420 1
637 344 714 417 1
513 441 600 477 1
506 500 591 538 1
532 562 610 598 1
1239 215 1279 291 1
1202 218 1248 293 1
1163 210 1201 290 1
1124 210 1163 291 1
1085 217 1124 289 1
1047 210 1086 290 1
1008 215 1047 289 1
969 208 1008 294 1
930 216 968 296 1
888 208 925 292 1
847 214 884 298 1
804 203 842 290 1
766 208 804 291 1
721 210 755 290 1
724 399 757 481 1
766 400 801 468 1
809 399 846 479 1
849 401 882 470 1
888 394 926 479 1
931 391 969 478 1
972 401 1008 478 1
1010 395 1049 475 1
1046 395 1089 474 1
1087 397 1124 475 1
1126 401 1168 472 1
1163 394 1208 473 1
1202 392 1246 465 1
1242 391 1279 468 1
1241 480 1279 554 1
1205 481 1244 555 1
1167 487 1205 554 1
1128 488 1168 564 1
1087 481 1124 561 1
1049 486 1088 561 1
1011 481 1051 562 1
972 486 1009 562 1
932 492 970 565 1
895 489 931 569 1
849 484 886 568 1
813 484 848 559 1
889 669 927 719 1
928 660 960 719 1
964 657 1004 719 1
1006 653 1046 719 1
1047 659 1085 719 1
1086 663 1125 719 1
1123 657 1165 719 1
1165 652 1208 719 1
1204 649 1250 719 1
1245 651 1279 719 1
