524 345 564 439 1
571 342 616 437 1
807 78 849 167 1
952 331 999 422 1
907 330 951 419 1
863 326 902 417 1
810 335 855 425 1
765 333 806 420 1
719 340 755 417 1
670 339 710 435 1
849 68 891 167 1
896 82 937 172 1
758 87 795 175 1
712 85 749 173 1
669 86 705 168 1
623 76 663 169 1
579 77 617 161 1
531 61 571 156 1
477 327 515 417 1
429 330 469 420 1
385 329 426 418 1
297 332 334 420 1
248 333 291 431 1
204 341 246 417 1
160 347 204 437 1
114 344 156 430 1
62 340 111 435 1
22 345 66 435 1
0 351 22 438 1
460 487 546 563 1
480 81 520 178 1
433 81 475 173 1
389 78 427 170 1
941 84 982 167 1
981 59 1027 146 1
253 90 295 166 1
209 92 250 175 1
156 93 203 177 1
116 87 161 176 1
24 98 76 175 1
443 577 485 667 1
618 563 669 711 1
674 586 716 680 1
723 583 764 679 1
771 576 811 670 1
819 583 860 670 1
862 562 907 655 1
910 584 951 658 1
955 572 997 662 1
1010 565 1055 650 1
296 596 345 691 1
208 578 253 680 1
118 581 164 675 1
71 587 116 680 1
23 590 73 683 1
0 580 23 667 1
