625 124 669 214 1
675 123 720 223 1
787 544 862 645 1
719 545 789 654 1
665 547 731 634 1
599 547 666 641 1
482 538 554 636 1
535 355 598 449 1
426 339 493 440 1
574 135 616 211 1
425 540 494 635 1
377 348 440 440 1
754 341 820 441 1
696 330 760 440 1
645 337 706 437 1
592 346 650 446 1
848 551 912 640 1
896 549 971 650 1
966 530 1033 624 1
1018 534 1079 624 1
1070 548 1134 630 1
967 254 1015 356 1
884 133 929 230 1
832 126 878 218 1
783 115 826 212 1
734 115 776 217 1
970 0 1078 46 1
517 116 560 215 1
463 111 509 212 1
415 122 458 213 1
361 113 407 207 1
311 131 354 192 1
258 114 305 210 1
208 116 257 207 1
154 127 206 227 1
99 113 154 219 1
50 123 102 211 1
0 117 53 217 1
169 340 228 437 1
112 332 178 437 1
5 337 79 430 1
301 540 366 631 1
241 524 321 635 1
546 531 622 637 1
