679 234 715 308 1
634 156 668 233 1
595 152 632 230 1
476 249 510 317 1
509 155 545 220 1
553 151 590 231 1
731 523 767 603 1
608 526 644 590 1
641 238 677 317 1
600 245 631 310 1
515 246 552 320 1
556 244 590 328 1
524 528 560 603 1
565 528 603 605 1
524 438 558 504 1
563 435 597 512 1
604 435 639 512 1
643 432 678 513 1
683 441 715 508 1
688 523 722 597 1
648 523 682 599 1
722 429 758 503 1
761 426 800 505 1
806 420 842 497 1
723 237 756 315 1
679 137 716 220 1
719 151 754 219 1
757 149 794 227 1
773 517 806 594 1
808 516 842 591 1
843 507 877 582 1
842 430 875 500 1
881 427 919 508 1
918 423 954 502 1
957 421 994 495 1
884 515 917 592 1
921 509 957 582 1
959 512 995 581 1
1109 417 1147 478 1
1147 416 1185 488 1
1183 411 1220 479 1
1218 410 1258 485 1
1253 410 1279 483 1
1258 498 1279 569 1
1219 497 1262 572 1
1184 491 1223 560 1
1148 496 1190 570 1
1109 493 1152 572 1
1259 240 1279 307 1
1222 238 1261 304 1
1184 234 1222 302 1
1149 246 1185 313 1
1108 235 1149 311 1
762 239 799 313 1
802 238 834 317 1
836 236 873 309 1
795 149 831 223 1
836 140 868 210 1
874 134 907 208 1
909 134 947 214 1
948 137 984 212 1
875 233 910 297 1
913 232 950 305 1
952 238 986 308 1
1109 148 1150 223 1
1148 148 1184 218 1
1186 147 1219 216 1
1221 148 1258 221 1
1257 148 1279 222 1
1097 0 1134 45 1
1136 0 1176 36 1
1179 0 1214 38 1
1215 0 1256 37 1
1256 0 1279 29 1
1266 677 1279 719 1
1230 678 1273 719 1
1192 675 1232 719 1
1160 679 1197 719 1
1119 686 1158 719 1
1085 684 1122 719 1
1050 697 1082 719 1
957 702 989 719 1
920 701 952 719 1
881 705 915 719 1
846 705 876 719 1
812 710 840 719 1
773 710 804 719 1
731 710 763 719 1
946 0 982 44 1
907 0 940 46 1
870 0 905 46 1
831 0 866 47 1
790 0 826 49 1
755 0 787 43 1
713 0 747 37 1
672 0 707 30 1
630 0 664 28 1
593 0 626 25 1
551 0 586 35 1
512 0 546 33 1
474 0 507 33 1
430 0 467 44 1
389 0 425 42 1
350 0 386 44 1
308 0 346 48 1
268 0 302 37 1
222 0 268 54 1
184 0 222 52 1
146 0 184 52 1
104 0 145 48 1
57 0 102 54 1
20 0 59 57 1
471 149 505 226 1
428 150 464 225 1
436 246 469 325 1
389 155 424 230 1
390 247 425 327 1
348 159 383 233 1
349 248 386 328 1
304 160 341 239 1
309 255 345 338 1
270 258 306 333 1
266 162 302 237 1
226 157 263 238 1
186 162 223 235 1
231 253 268 332 1
191 256 226 333 1
145 258 186 337 1
143 174 182 242 1
101 169 144 249 1
60 172 102 251 1
23 173 59 257 1
0 181 25 260 1
107 266 145 343 1
64 267 106 346 1
25 266 64 344 1
0 271 23 351 1
483 438 518 513 1
486 526 519 603 1
438 442 475 521 1
441 528 480 605 1
395 439 435 522 1
399 532 439 611 1
357 446 393 519 1
314 444 353 524 1
365 533 400 608 1
319 538 360 615 1
281 542 317 613 1
278 447 314 521 1
234 446 271 523 1
240 540 275 607 1
202 542 238 620 1
162 541 201 610 1
194 456 233 535 1
157 456 193 537 1
115 455 156 536 1
73 454 116 536 1
116 543 161 625 1
79 550 115 622 1
31 459 72 540 1
0 457 32 536 1
36 549 80 632 1
0 552 37 633 1
