675 177 742 245 1
600 391 666 455 1
630 356 701 425 1
652 323 721 390 1
704 261 771 332 1
643 206 712 274 1
616 236 681 300 1
585 263 652 327 1
222 372 290 439 1
562 295 626 358 1
531 323 599 394 1
534 442 608 513 1
572 417 634 481 1
412 437 483 510 1
723 509 793 580 1
397 196 466 265 1
346 492 419 566 1
385 468 450 536 1
450 531 523 602 1
479 504 554 576 1
513 476 583 546 1
438 410 503 472 1
470 380 538 450 1
499 351 569 418 1
671 572 735 638 1
425 564 495 635 1
396 591 466 661 1
324 526 391 596 1
294 556 368 627 1
200 403 262 465 1
165 436 236 502 1
135 461 210 532 1
731 232 804 302 1
681 290 749 360 1
778 447 851 517 1
754 478 825 549 1
695 536 766 610 1
640 598 710 668 1
424 163 494 232 1
332 135 400 207 1
306 165 372 231 1
362 218 435 291 1
270 191 339 258 1
245 225 314 292 1
216 252 285 320 1
327 249 396 316 1
306 282 379 353 1
281 315 344 375 1
185 283 260 356 1
247 342 320 413 1
162 316 228 381 1
127 343 202 416 1
99 377 171 447 1
73 405 142 471 1
36 431 109 498 1
7 462 79 528 1
99 489 180 562 1
204 495 275 570 1
523 229 592 294 1
559 134 625 200 1
74 522 155 593 1
40 549 119 618 1
7 581 91 654 1
0 610 59 684 1
0 492 46 553 1
0 547 20 585 1
0 662 29 713 1
157 706 195 719 1
237 5 313 76 1
186 75 247 135 1
121 141 189 204 1
50 193 124 269 1
0 265 56 332 1
273 596 333 659 1
243 622 312 694 1
213 649 290 719 1
185 680 254 719 1
287 709 311 719 1
301 677 368 719 1
330 652 401 719 1
364 622 429 692 1
603 625 675 699 1
575 658 645 719 1
553 687 610 719 1
528 711 556 719 1
812 423 870 482 1
840 395 901 453 1
861 363 923 424 1
887 332 955 405 1
912 302 975 367 1
940 279 1006 347 1
970 247 1035 311 1
999 222 1058 284 1
1017 186 1083 253 1
1048 165 1118 230 1
1089 213 1153 282 1
1118 241 1173 311 1
1150 276 1201 328 1
1169 302 1227 366 1
1246 289 1279 348 1
359 106 429 172 1
1125 25 1196 90 1
387 78 450 138 1
422 53 490 124 1
455 30 516 88 1
474 0 541 59 1
538 51 605 114 1
515 81 578 145 1
482 108 552 178 1
450 132 523 205 1
566 22 633 86 1
513 0 567 28 1
591 0 667 59 1
634 0 692 34 1
695 141 770 217 1
723 119 793 183 1
760 97 826 160 1
784 62 848 128 1
810 40 882 107 1
838 16 898 78 1
865 0 932 58 1
910 0 981 54 1
928 49 987 109 1
894 66 961 134 1
871 98 939 168 1
845 124 910 192 1
819 148 883 216 1
795 180 853 241 1
761 202 829 268 1
1143 0 1218 55 1
1187 0 1243 28 1
1260 0 1279 35 1
1242 22 1279 80 1
1209 50 1279 112 1
1181 82 1255 146 1
