586 57 659 92 1
342 23 411 62 1
353 62 433 100 1
357 102 434 142 1
354 147 431 182 1
351 189 427 225 1
683 263 716 342 1
677 106 710 187 1
682 194 712 258 1
594 182 674 216 1
585 101 664 134 1
801 216 877 249 1
354 276 432 313 1
354 318 437 353 1
362 357 445 397 1
364 401 443 438 1
380 439 446 475 1
587 262 667 302 1
588 223 669 261 1
801 54 884 90 1
803 95 879 131 1
803 138 870 171 1
798 178 868 209 1
804 256 874 290 1
349 232 431 267 1
590 138 667 176 1
809 340 891 374 1
821 380 898 413 1
815 420 893 456 1
815 459 893 494 1
817 500 902 539 1
360 523 445 562 1
375 611 455 649 1
367 568 442 605 1
363 480 451 525 1
596 519 675 558 1
603 557 682 596 1
615 597 689 635 1
616 638 694 676 1
375 651 453 694 1
703 606 735 683 1
823 661 901 694 1
820 622 900 658 1
816 543 898 580 1
818 581 897 620 1
593 477 667 513 1
595 432 675 468 1
594 391 678 423 1
597 348 678 387 1
596 306 674 343 1
698 523 736 606 1
696 433 730 511 1
806 300 888 334 1
589 15 661 49 1
675 16 707 99 1
778 11 852 46 1
337 0 416 18 1
585 0 664 12 1
690 348 726 426 1
823 698 899 719 1
702 688 734 719 1
616 677 692 714 1
370 696 447 719 1
