676 207 739 332 1
619 212 673 336 1
555 202 613 326 1
488 213 542 336 1
751 198 800 325 1
811 204 865 315 1
872 188 933 313 1
938 192 994 310 1
996 196 1059 310 1
1060 201 1114 312 1
1115 204 1175 311 1
1179 207 1247 320 1
1240 522 1279 635 1
1182 535 1259 659 1
1126 531 1187 656 1
1068 537 1129 659 1
1005 531 1068 658 1
945 544 1008 666 1
877 546 931 674 1
818 546 868 665 1
754 556 807 671 1
685 547 740 675 1
625 569 677 671 1
558 557 612 676 1
496 539 544 657 1
432 552 486 675 1
364 552 421 672 1
23 534 139 591 1
15 467 143 518 1
16 399 135 454 1
5 338 135 389 1
5 276 135 328 1
15 214 142 267 1
27 152 143 204 1
14 92 143 146 1
