726 249 763 321 1
687 250 723 330 1
682 158 715 237 1
723 152 759 237 1
682 429 719 506 1
641 433 676 507 1
768 244 802 324 1
807 242 846 323 1
726 422 762 500 1
767 424 802 507 1
809 420 844 501 1
597 427 632 509 1
551 421 588 501 1
509 421 544 507 1
421 431 459 513 1
466 423 500 498 1
641 239 676 327 1
848 245 883 328 1
887 248 924 323 1
925 252 963 327 1
965 246 1005 328 1
1006 253 1040 335 1
637 155 673 235 1
765 153 800 230 1
806 154 843 232 1
848 150 883 226 1
889 163 922 230 1
926 163 963 243 1
964 161 1000 239 1
1002 164 1041 242 1
1041 167 1079 243 1
1080 169 1117 242 1
1117 171 1154 244 1
1154 172 1189 245 1
1189 171 1226 242 1
1226 172 1259 239 1
1259 174 1279 244 1
1042 252 1079 328 1
1079 250 1119 331 1
1119 251 1149 324 1
1150 256 1190 326 1
1189 253 1227 323 1
1227 257 1263 325 1
1264 254 1279 333 1
1266 347 1279 377 1
1259 422 1279 499 1
1223 424 1263 499 1
1186 435 1225 495 1
1152 424 1187 499 1
1115 425 1157 504 1
1078 424 1115 504 1
1039 427 1078 507 1
1002 426 1039 504 1
965 418 1005 497 1
922 425 961 503 1
886 428 921 505 1
845 426 880 506 1
599 242 635 326 1
597 148 632 233 1
552 150 590 232 1
511 155 545 232 1
466 141 505 233 1
423 144 458 232 1
379 153 415 222 1
338 149 376 230 1
554 239 593 324 1
510 243 549 323 1
470 247 506 323 1
426 243 465 328 1
383 235 419 323 1
344 236 381 311 1
296 148 334 218 1
255 150 293 229 1
1266 0 1279 69 1
1227 0 1267 74 1
1192 0 1227 72 1
1152 0 1193 75 1
1114 0 1153 71 1
687 60 766 95 1
1076 0 1114 61 1
1038 0 1076 65 1
1000 0 1038 60 1
960 0 999 67 1
922 0 957 62 1
881 0 919 61 1
845 0 880 53 1
804 0 843 57 1
763 0 802 57 1
722 0 759 51 1
679 0 718 54 1
640 0 673 49 1
598 0 633 50 1
556 0 591 47 1
513 0 550 50 1
473 0 504 52 1
428 0 465 49 1
386 0 422 53 1
341 0 380 45 1
302 0 339 46 1
256 0 296 46 1
41 7 128 49 1
43 129 131 168 1
46 187 137 228 1
40 247 128 286 1
