733 166 774 262 1
632 157 676 248 1
684 161 725 254 1
580 162 620 256 1
532 158 575 246 1
484 163 523 244 1
718 26 811 89 1
432 160 480 256 1
339 159 384 253 1
291 160 335 253 1
245 139 291 229 1
199 143 245 231 1
157 138 203 224 1
69 137 116 222 1
17 136 71 231 1
0 139 21 218 1
785 416 821 504 1
720 420 758 512 1
671 426 706 503 1
620 402 663 498 1
571 419 611 511 1
522 408 562 505 1
472 414 512 507 1
422 414 466 506 1
362 385 419 525 1
238 407 282 498 1
197 387 241 477 1
49 401 99 498 1
0 377 15 467 1
