180 436 257 473 1
90 435 167 473 1
89 398 158 432 1
178 395 249 430 1
170 638 257 682 1
168 600 241 639 1
177 559 253 596 1
176 477 253 514 1
90 475 168 513 1
81 599 164 636 1
176 356 249 390 1
88 354 166 390 1
85 312 154 349 1
176 314 254 354 1
87 273 165 313 1
173 274 247 315 1
462 199 534 237 1
367 194 448 235 1
382 241 458 276 1
467 281 534 318 1
373 279 450 318 1
464 239 544 275 1
382 80 457 118 1
474 82 555 118 1
470 121 545 157 1
382 119 461 155 1
381 158 446 191 1
467 159 546 198 1
355 323 435 359 1
466 324 550 364 1
464 367 541 403 1
373 369 438 402 1
465 410 534 446 1
460 448 540 485 1
364 407 443 444 1
363 448 440 486 1
459 492 540 531 1
458 534 538 568 1
368 531 442 567 1
466 573 546 612 1
366 488 438 526 1
367 574 446 612 1
465 616 539 653 1
459 654 537 691 1
460 695 536 719 1
369 612 443 650 1
361 651 442 690 1
363 693 439 719 1
173 683 254 719 1
182 522 254 556 1
83 682 164 719 1
79 642 153 677 1
87 561 163 599 1
86 520 159 553 1
179 237 254 270 1
92 234 159 267 1
96 196 169 231 1
183 194 257 231 1
194 153 266 190 1
192 112 273 152 1
104 112 182 151 1
98 154 170 194 1
194 72 283 113 1
199 36 276 71 1
203 0 283 30 1
103 0 181 34 1
99 34 178 72 1
103 74 179 112 1
375 41 446 75 1
323 51 360 126 1
473 41 546 79 1
474 5 538 39 1
374 0 446 36 1
668 6 749 46 1
759 12 834 53 1
749 54 823 90 1
669 51 740 85 1
655 86 734 121 1
753 90 829 128 1
754 127 831 166 1
659 127 739 166 1
661 168 736 205 1
670 210 738 247 1
755 211 829 246 1
753 248 827 288 1
752 289 819 327 1
754 331 831 370 1
661 249 742 284 1
659 288 742 324 1
658 330 737 367 1
658 370 728 405 1
658 410 732 448 1
753 373 826 411 1
748 413 825 451 1
747 455 825 496 1
749 498 828 537 1
659 456 739 494 1
656 497 739 536 1
746 538 824 574 1
657 538 734 573 1
653 580 736 620 1
751 579 829 619 1
754 623 826 658 1
751 662 817 701 1
751 700 829 719 1
654 622 733 657 1
654 663 731 702 1
660 702 742 719 1
950 701 1030 719 1
959 663 1019 701 1
958 624 1029 659 1
951 585 1030 621 1
946 543 1026 581 1
953 500 1025 536 1
950 459 1028 495 1
954 421 1027 459 1
952 377 1038 416 1
952 339 1026 377 1
951 301 1030 337 1
953 258 1035 297 1
953 217 1035 254 1
949 175 1032 216 1
951 138 1032 174 1
955 100 1031 137 1
949 62 1025 101 1
951 26 1028 61 1
947 0 1025 23 1
