1092 224 1163 263 1
888 237 925 317 1
898 122 933 205 1
897 26 941 110 1
694 92 768 126 1
698 133 770 168 1
696 173 772 208 1
697 214 773 246 1
691 254 769 287 1
689 296 767 329 1
682 337 764 368 1
683 379 761 411 1
681 418 761 452 1
681 458 755 494 1
678 499 761 535 1
669 541 751 576 1
509 393 581 439 1
506 429 584 481 1
508 476 580 528 1
516 174 589 226 1
351 273 418 321 1
367 324 422 374 1
362 370 425 418 1
346 411 418 461 1
343 455 419 510 1
342 500 415 553 1
356 553 418 604 1
347 596 410 650 1
339 655 425 704 1
360 228 423 280 1
363 177 428 228 1
363 126 438 181 1
365 75 432 134 1
360 30 438 92 1
373 0 443 42 1
4 346 44 414 1
