966 411 1063 488 1
967 464 1074 547 1
978 537 1074 609 1
967 594 1078 678 1
987 669 1094 719 1
760 361 865 409 1
769 417 877 466 1
773 470 888 520 1
774 527 885 574 1
778 578 887 626 1
781 629 899 682 1
792 681 904 719 1
572 240 680 324 1
528 384 639 429 1
524 440 638 487 1
540 494 626 543 1
541 543 637 589 1
530 596 645 644 1
559 647 642 694 1
553 695 654 719 1
442 703 542 719 1
434 653 533 702 1
419 601 523 653 1
427 548 535 595 1
423 498 530 547 1
407 447 516 501 1
408 387 513 439 1
183 403 301 456 1
196 457 309 513 1
197 517 313 568 1
179 571 293 625 1
207 622 315 671 1
206 666 320 719 1
83 638 202 693 1
73 531 184 583 1
65 474 184 526 1
76 413 176 463 1
306 66 363 182 1
48 142 164 197 1
171 128 276 177 1
154 73 265 129 1
42 85 151 145 1
36 39 145 87 1
139 22 262 71 1
147 0 266 24 1
371 0 488 48 1
490 0 595 45 1
498 48 602 96 1
386 57 491 107 1
502 104 609 151 1
724 84 834 139 1
846 82 953 130 1
841 14 946 73 1
729 35 835 85 1
729 0 830 30 1
