875 428 954 498 1
799 503 835 586 1
796 396 836 478 1
803 301 841 382 1
810 198 848 278 1
825 0 862 53 1
575 681 651 719 1
583 559 662 600 1
599 438 664 475 1
589 270 666 311 1
604 225 677 263 1
613 144 683 184 1
625 107 686 141 1
604 65 679 102 1
596 19 673 59 1
606 0 675 21 1
434 0 505 28 1
431 96 505 143 1
433 140 506 192 1
410 396 489 444 1
405 480 490 531 1
227 663 310 719 1
234 620 316 686 1
242 576 323 636 1
244 528 325 586 1
249 481 324 534 1
246 428 330 488 1
251 384 330 434 1
245 327 329 389 1
255 290 332 345 1
256 244 340 297 1
259 200 340 252 1
264 142 338 196 1
261 99 345 152 1
266 54 351 107 1
267 3 348 59 1
