431 244 465 323 1
474 250 506 322 1
509 263 547 338 1
552 262 587 339 1
591 256 625 333 1
630 261 663 334 1
669 262 705 335 1
497 74 530 148 1
531 64 567 150 1
537 444 572 520 1
579 451 610 523 1
617 446 653 522 1
662 435 696 512 1
698 455 733 529 1
738 443 775 519 1
424 440 455 516 1
460 449 494 520 1
500 459 532 533 1
712 262 745 335 1
576 72 609 148 1
459 78 491 151 1
392 249 431 328 1
351 247 390 326 1
317 252 350 323 1
273 249 314 326 1
378 442 416 525 1
339 447 375 520 1
303 436 339 515 1
261 431 303 511 1
780 443 814 518 1
820 449 859 516 1
859 450 892 517 1
899 448 935 515 1
937 443 968 509 1
973 444 1010 512 1
1013 447 1048 515 1
255 528 334 563 1
258 564 328 601 1
258 606 331 640 1
257 643 332 679 1
251 683 328 719 1
104 708 137 719 1
64 711 92 719 1
29 709 56 719 1
0 708 15 719 1
109 525 149 602 1
115 435 152 507 1
76 443 115 516 1
34 436 78 513 1
0 427 39 502 1
0 519 35 588 1
31 524 71 598 1
71 521 109 596 1
121 259 162 335 1
86 255 124 336 1
47 260 86 330 1
8 261 49 331 1
0 250 14 323 1
35 176 107 216 1
0 56 43 132 1
35 72 81 147 1
81 70 116 146 1
118 66 155 138 1
155 64 187 141 1
187 63 226 145 1
226 58 266 143 1
267 71 304 138 1
307 73 346 149 1
346 77 386 151 1
420 69 456 146 1
615 75 649 146 1
657 81 687 149 1
699 91 730 160 1
736 89 767 170 1
772 94 806 168 1
812 95 842 163 1
888 86 924 167 1
927 91 962 170 1
964 97 1001 170 1
1006 97 1038 173 1
1041 97 1077 174 1
1076 103 1118 178 1
1118 106 1154 181 1
1154 113 1190 181 1
1191 111 1236 190 1
750 258 783 339 1
792 263 826 335 1
830 272 867 348 1
870 268 905 345 1
906 278 945 352 1
947 268 981 340 1
984 267 1020 335 1
1020 277 1055 353 1
1055 282 1095 356 1
1095 275 1138 353 1
