432 393 551 447 1
425 449 551 505 1
428 513 544 568 1
445 570 547 621 1
556 513 672 571 1
569 569 664 621 1
566 460 680 515 1
562 395 684 451 1
803 409 914 460 1
799 464 906 517 1
797 521 904 572 1
177 506 293 554 1
183 439 310 492 1
189 380 315 437 1
61 376 192 425 1
64 439 180 484 1
64 497 178 547 1
183 556 307 612 1
182 615 299 662 1
183 664 297 715 1
560 624 675 677 1
542 677 661 719 1
781 574 887 633 1
789 634 902 685 1
801 687 899 719 1
979 651 1077 719 1
981 587 1084 682 1
1011 538 1094 620 1
1010 474 1105 559 1
999 380 1098 476 1
114 18 225 78 1
226 24 346 84 1
87 82 214 140 1
226 89 337 141 1
456 44 573 97 1
448 100 562 151 1
569 106 687 162 1
586 48 680 102 1
574 0 686 46 1
816 8 917 66 1
941 0 1050 31 1
835 68 920 116 1
808 114 919 171 1
932 133 1039 180 1
