787 220 901 274 1
800 278 906 331 1
767 446 898 498 1
776 502 897 559 1
767 564 892 615 1
539 382 651 433 1
526 438 652 491 1
516 494 639 548 1
523 552 647 605 1
530 611 642 662 1
784 105 896 158 1
785 158 901 216 1
909 108 1021 165 1
913 170 1019 225 1
904 225 1017 277 1
919 277 1012 327 1
913 333 1026 384 1
899 390 1013 441 1
913 449 1007 495 1
903 503 1005 552 1
898 558 1018 610 1
895 615 1013 668 1
893 671 1009 719 1
780 673 894 719 1
1126 125 1237 179 1
1129 182 1235 231 1
1126 238 1231 284 1
1116 287 1224 337 1
1124 345 1240 392 1
1141 397 1240 445 1
1130 449 1237 499 1
1119 500 1243 552 1
1120 556 1252 605 1
1133 608 1248 662 1
1146 664 1246 717 1
538 94 660 151 1
534 155 658 209 1
528 220 642 270 1
531 273 657 327 1
535 333 653 380 1
407 92 538 144 1
413 151 530 205 1
413 215 527 265 1
390 548 516 610 1
398 613 516 663 1
487 670 604 719 1
148 153 280 207 1
159 89 286 144 1
140 336 272 394 1
136 397 263 450 1
148 519 276 572 1
140 582 263 634 1
139 640 251 694 1
0 582 107 633 1
0 453 124 508 1
0 334 118 384 1
2 152 134 207 1
2 88 139 141 1
