505 478 587 515 1
517 636 589 670 1
609 634 684 670 1
608 676 681 711 1
525 675 598 709 1
524 711 594 719 1
609 713 683 719 1
795 638 875 672 1
882 637 944 670 1
882 675 950 712 1
800 678 874 715 1
337 633 415 668 1
336 673 414 706 1
1070 515 1149 549 1
1070 560 1140 592 1
1069 596 1144 632 1
1056 637 1131 675 1
1065 679 1142 716 1
1028 432 1068 510 1
989 438 1022 516 1
952 449 987 525 1
918 447 950 525 1
878 439 911 517 1
843 443 877 515 1
802 437 837 515 1
762 444 798 517 1
722 442 755 516 1
682 450 716 516 1
643 447 676 521 1
603 450 635 527 1
509 436 586 471 1
518 397 593 432 1
513 355 597 393 1
508 313 594 348 1
518 274 588 309 1
525 239 594 270 1
510 201 590 235 1
517 161 590 196 1
511 119 587 159 1
499 80 575 118 1
517 47 591 80 1
507 9 585 46 1
332 3 404 42 1
335 42 407 79 1
334 80 405 113 1
332 117 408 153 1
331 155 404 190 1
334 192 410 227 1
337 231 409 269 1
324 272 392 305 1
318 310 394 347 1
322 350 400 385 1
322 389 398 425 1
328 430 397 463 1
324 472 398 506 1
170 0 246 27 1
164 27 248 62 1
169 61 241 100 1
159 105 227 138 1
152 142 225 180 1
149 181 226 215 1
139 219 227 257 1
148 257 227 289 1
154 295 227 330 1
144 335 222 369 1
148 409 229 443 1
149 450 223 482 1
141 496 214 526 1
128 531 221 570 1
137 573 221 607 1
139 610 218 646 1
136 646 217 685 1
144 689 223 719 1
