586 412 662 447 1
586 376 658 409 1
584 335 660 374 1
304 427 376 462 1
310 468 389 502 1
960 620 1031 654 1
959 658 1032 697 1
680 670 758 706 1
874 665 951 700 1
687 634 757 666 1
580 677 663 711 1
313 634 392 669 1
399 465 479 501 1
584 293 662 331 1
392 423 467 456 1
398 382 470 417 1
394 339 469 376 1
388 300 462 338 1
304 305 379 341 1
301 343 378 379 1
301 386 378 421 1
395 263 466 298 1
872 622 948 655 1
580 635 660 670 1
402 632 481 673 1
410 675 488 711 1
309 673 387 710 1
1149 654 1229 689 1
1149 616 1223 649 1
679 329 751 364 1
587 454 663 491 1
678 453 758 490 1
689 412 760 446 1
165 390 203 466 1
1157 694 1240 719 1
964 698 1041 719 1
874 700 957 719 1
167 195 201 271 1
170 476 208 556 1
165 292 202 373 1
165 29 202 101 1
167 111 204 186 1
301 263 374 299 1
297 223 368 261 1
300 182 380 220 1
386 221 456 257 1
386 181 459 218 1
389 142 462 178 1
308 145 372 184 1
304 107 381 142 1
303 68 375 104 1
389 67 461 102 1
401 29 476 64 1
392 104 466 139 1
390 0 463 26 1
351 0 385 51 1
570 0 647 21 1
650 0 730 22 1
663 22 729 57 1
572 22 653 61 1
682 288 751 323 1
672 250 749 287 1
578 253 653 289 1
575 213 653 250 1
666 210 741 246 1
661 166 736 207 1
573 173 647 207 1
661 131 736 166 1
577 134 651 170 1
572 97 647 135 1
657 94 735 130 1
659 56 733 92 1
573 61 642 96 1
844 0 918 29 1
926 0 991 28 1
1094 0 1172 17 1
1099 12 1178 54 1
1106 56 1182 94 1
1109 95 1176 132 1
839 33 921 73 1
848 133 915 167 1
939 133 1012 167 1
937 174 1006 209 1
846 175 923 210 1
851 212 926 246 1
943 212 1015 247 1
945 249 1018 283 1
851 252 925 288 1
858 292 937 327 1
952 286 1021 323 1
950 328 1029 364 1
944 369 1016 403 1
948 407 1029 443 1
944 448 1029 486 1
869 411 945 446 1
867 454 939 486 1
862 334 941 371 1
864 372 942 409 1
1119 166 1190 203 1
1119 207 1201 241 1
1117 243 1199 279 1
1125 284 1202 316 1
1129 320 1210 355 1
1126 360 1202 393 1
1131 397 1208 428 1
1138 436 1217 469 1
1137 475 1219 509 1
1146 516 1223 549 1
