420 206 537 255 1
423 263 538 310 1
427 313 535 362 1
415 364 536 419 1
677 205 779 254 1
668 148 773 199 1
407 421 528 469 1
414 156 524 203 1
304 157 412 203 1
50 282 175 333 1
650 368 776 416 1
785 418 888 465 1
661 422 779 474 1
655 479 774 529 1
784 527 899 581 1
296 40 423 91 1
427 36 540 90 1
420 97 537 147 1
302 97 416 149 1
415 481 536 531 1
420 535 534 584 1
284 478 409 533 1
296 538 414 589 1
383 593 499 647 1
59 47 183 98 1
49 107 176 159 1
54 166 180 219 1
41 342 167 387 1
57 458 179 504 1
51 516 170 566 1
50 574 161 620 1
0 518 17 571 1
0 400 36 445 1
0 282 25 331 1
0 107 40 165 1
0 49 44 99 1
673 593 782 643 1
785 588 896 642 1
1040 571 1132 623 1
800 368 891 410 1
784 310 896 358 1
794 251 907 302 1
799 199 892 249 1
783 146 898 198 1
791 95 897 146 1
783 36 897 88 1
661 88 780 142 1
662 36 772 83 1
780 476 903 526 1
1026 520 1136 569 1
1014 467 1138 515 1
1008 412 1129 463 1
1016 362 1126 410 1
1031 310 1123 354 1
1012 256 1122 305 1
1000 203 1107 251 1
1011 155 1112 198 1
1007 98 1113 149 1
1007 45 1115 97 1
1192 8 1279 101 1
1212 100 1279 178 1
1215 164 1279 241 1
1190 213 1279 305 1
1194 273 1279 371 1
1210 351 1279 431 1
1251 439 1279 497 1
1230 489 1279 553 1
1258 569 1279 623 1
1232 630 1279 695 1
1241 693 1279 719 1
