672 55 708 132 1
599 206 662 239 1
678 140 709 213 1
577 36 653 72 1
579 75 656 112 1
593 106 669 147 1
589 159 664 195 1
598 246 658 276 1
682 225 716 310 1
593 281 678 320 1
812 72 891 110 1
603 331 675 367 1
687 319 723 397 1
360 336 445 372 1
367 294 434 328 1
351 210 440 247 1
365 255 447 290 1
337 607 425 651 1
809 148 887 187 1
813 109 879 143 1
798 239 879 272 1
800 272 883 313 1
805 316 884 353 1
818 354 896 393 1
817 394 895 437 1
819 438 897 472 1
819 475 896 514 1
813 518 897 556 1
368 171 436 203 1
361 127 437 162 1
340 78 433 121 1
332 40 417 77 1
341 421 432 466 1
347 380 422 414 1
341 637 428 680 1
596 373 677 411 1
595 409 691 455 1
791 0 863 27 1
667 0 705 46 1
570 0 656 32 1
331 1 413 43 1
339 682 427 718 1
854 636 894 718 1
810 664 845 718 1
766 670 808 718 1
729 675 767 718 1
688 675 726 718 1
648 685 679 718 1
610 693 642 718 1
566 686 600 718 1
791 192 869 230 1
797 27 877 67 1
