831 353 875 421 1
791 371 838 442 1
747 375 797 458 1
707 375 757 454 1
668 386 714 460 1
638 406 676 472 1
590 406 630 471 1
555 414 598 491 1
512 432 555 497 1
473 451 521 527 1
435 467 483 543 1
393 470 442 547 1
348 482 393 554 1
304 489 357 569 1
264 498 310 583 1
220 514 272 599 1
175 532 231 613 1
130 543 186 627 1
91 570 144 640 1
36 565 102 652 1
0 573 52 660 1
813 584 867 669 1
770 587 816 669 1
733 606 782 680 1
695 613 742 691 1
656 631 704 709 1
619 648 669 719 1
580 659 626 719 1
539 668 582 719 1
496 676 533 719 1
719 682 789 719 1
795 661 863 709 1
