605 144 685 181 1
604 183 680 218 1
610 220 690 254 1
619 259 695 294 1
620 302 693 333 1
619 338 699 375 1
621 382 701 415 1
623 422 703 457 1
627 464 703 496 1
632 502 713 539 1
638 542 716 578 1
635 578 714 617 1
643 620 719 656 1
629 660 709 697 1
634 700 713 719 1
926 690 994 719 1
1097 681 1169 713 1
1090 642 1165 677 1
1087 601 1167 640 1
1092 565 1168 601 1
1092 528 1160 564 1
1088 482 1173 520 1
1090 443 1169 479 1
1091 404 1166 439 1
1076 218 1160 252 1
1076 177 1156 212 1
1072 141 1144 173 1
1062 103 1137 140 1
1055 69 1126 103 1
1053 28 1125 67 1
1052 0 1125 30 1
878 0 952 31 1
888 32 960 70 1
893 71 962 107 1
898 147 971 182 1
905 184 980 219 1
907 222 973 256 1
896 297 963 331 1
904 335 978 369 1
903 374 973 411 1
904 413 975 451 1
817 417 882 455 1
814 459 891 495 1
823 501 895 536 1
811 378 892 412 1
810 339 878 375 1
803 301 880 338 1
806 257 873 297 1
810 223 873 252 1
615 109 684 141 1
609 64 683 105 1
609 30 679 63 1
608 0 682 29 1
805 186 880 219 1
813 146 882 180 1
795 100 868 139 1
793 67 874 101 1
797 27 879 67 1
796 0 871 28 1
914 650 985 685 1
919 607 989 644 1
546 675 626 714 1
548 623 620 659 1
541 585 615 621 1
551 544 625 576 1
539 501 619 539 1
536 461 614 496 1
536 422 615 460 1
536 383 615 416 1
531 342 613 378 1
529 302 605 336 1
528 260 596 296 1
523 221 596 258 1
528 182 599 221 1
524 145 603 183 1
526 106 596 144 1
525 67 599 105 1
514 30 592 67 1
522 0 596 28 1
346 0 415 37 1
346 37 418 74 1
337 75 411 112 1
332 112 409 148 1
339 151 411 186 1
349 190 422 226 1
346 229 427 265 1
347 269 425 305 1
349 308 427 345 1
348 349 430 386 1
353 389 431 424 1
356 428 433 463 1
354 466 436 505 1
351 509 434 544 1
363 548 437 579 1
361 585 430 622 1
357 626 431 662 1
347 664 418 698 1
354 703 431 719 1
152 695 235 719 1
154 651 233 693 1
159 611 236 650 1
164 571 240 611 1
150 533 230 573 1
141 493 235 534 1
144 453 227 491 1
162 415 240 453 1
147 375 229 414 1
168 337 240 374 1
146 296 222 333 1
138 224 215 259 1
137 183 217 221 1
137 141 221 180 1
141 103 220 139 1
135 65 215 102 1
151 26 226 61 1
146 0 228 24 1
