216 117 280 147 1
279 118 344 150 1
427 117 499 146 1
515 116 583 145 1
594 116 655 149 1
709 121 774 152 1
1066 137 1130 171 1
1235 139 1277 172 1
1250 279 1277 327 1
1220 267 1252 328 1
1188 263 1222 329 1
1159 268 1189 327 1
1128 264 1157 324 1
1098 274 1129 313 1
1066 261 1096 322 1
1037 262 1066 323 1
1007 267 1036 333 1
974 257 1002 328 1
942 263 972 323 1
915 261 943 324 1
880 261 917 334 1
846 260 875 325 1
814 256 845 320 1
780 253 810 319 1
748 261 777 328 1
715 250 746 319 1
684 253 712 319 1
648 252 678 321 1
614 253 646 322 1
579 248 610 319 1
546 253 576 323 1
510 250 540 315 1
474 248 503 307 1
438 250 470 319 1
397 256 430 321 1
397 324 430 394 1
449 397 484 455 1
481 401 520 465 1
515 397 552 454 1
652 395 692 460 1
685 397 725 463 1
713 397 756 459 1
754 398 794 461 1
915 400 957 462 1
979 398 1020 464 1
1015 405 1052 464 1
1136 408 1178 465 1
1168 404 1210 467 1
1228 415 1271 470 1
1262 407 1277 457 1
1240 519 1277 581 1
1202 523 1247 588 1
1163 525 1215 588 1
1092 527 1136 584 1
1059 516 1113 580 1
875 525 923 584 1
799 521 846 588 1
764 526 808 585 1
649 519 696 595 1
609 529 648 590 1
573 529 613 588 1
529 528 572 593 1
454 528 498 592 1
421 517 460 591 1
381 528 423 585 1
349 520 389 582 1
315 512 358 573 1
997 135 1056 167 1
