662 250 699 331 1
623 250 660 325 1
539 248 575 322 1
494 170 528 247 1
455 166 492 244 1
374 262 413 339 1
701 247 738 321 1
658 158 694 234 1
619 159 656 241 1
579 162 615 233 1
539 151 575 233 1
336 263 370 331 1
330 163 365 239 1
369 169 405 234 1
413 165 450 245 1
415 259 452 344 1
459 258 491 324 1
501 251 536 332 1
583 250 617 328 1
742 246 776 310 1
781 242 820 317 1
822 248 856 318 1
700 147 733 220 1
741 144 774 219 1
779 142 814 223 1
817 145 854 222 1
290 166 325 242 1
297 261 331 339 1
253 263 289 342 1
251 170 288 243 1
210 175 248 250 1
213 264 252 342 1
167 177 207 254 1
172 272 212 350 1
133 275 172 348 1
130 179 168 252 1
88 174 131 252 1
45 178 88 251 1
5 191 45 255 1
96 270 132 347 1
52 273 91 349 1
6 273 49 353 1
0 285 6 358 1
38 0 84 68 1
83 0 128 69 1
127 0 166 54 1
169 0 207 63 1
211 0 248 60 1
250 0 290 61 1
292 0 329 63 1
335 0 370 47 1
372 0 408 42 1
411 0 447 47 1
452 0 492 37 1
493 0 530 39 1
535 0 569 41 1
573 0 611 45 1
616 0 652 54 1
655 0 690 59 1
698 0 731 53 1
737 0 772 53 1
774 0 811 55 1
814 0 852 52 1
971 0 1010 56 1
1011 0 1048 45 1
1049 0 1086 50 1
1089 0 1127 45 1
1127 0 1163 40 1
1165 0 1199 44 1
1200 0 1240 35 1
1237 0 1274 38 1
1270 0 1279 41 1
985 157 1024 230 1
1025 155 1059 226 1
1060 156 1094 224 1
1096 154 1133 229 1
1131 158 1167 232 1
1168 153 1204 226 1
1205 150 1240 222 1
1241 149 1279 218 1
1244 232 1279 302 1
1204 234 1250 305 1
1171 242 1209 314 1
1136 249 1174 317 1
1098 247 1137 314 1
1061 243 1099 312 1
1027 255 1062 323 1
985 244 1026 321 1
1238 409 1278 486 1
1242 498 1279 570 1
1205 414 1242 485 1
1205 501 1243 576 1
1167 413 1205 484 1
1171 504 1210 576 1
1133 421 1171 494 1
1095 422 1138 497 1
1135 511 1174 580 1
1063 424 1098 492 1
1099 510 1139 585 1
1063 504 1099 576 1
1025 427 1063 503 1
1027 508 1065 585 1
989 428 1026 496 1
986 507 1028 587 1
831 437 863 511 1
833 529 864 597 1
1252 684 1279 719 1
1215 684 1256 719 1
1176 680 1217 719 1
1140 691 1177 719 1
1106 693 1144 719 1
1068 688 1106 719 1
1033 693 1068 719 1
997 700 1031 719 1
961 699 995 719 1
927 708 957 719 1
789 436 822 517 1
792 525 827 598 1
751 442 786 522 1
751 532 785 608 1
709 445 740 517 1
710 523 744 599 1
671 433 707 511 1
674 531 707 607 1
635 533 671 610 1
625 440 662 519 1
584 443 621 518 1
544 455 575 522 1
505 447 538 528 1
508 538 545 612 1
550 539 585 611 1
591 537 627 617 1
465 449 503 526 1
468 540 504 604 1
424 449 459 527 1
427 544 465 619 1
384 453 421 519 1
386 542 423 616 1
301 455 340 534 1
348 539 384 616 1
304 542 342 619 1
258 453 300 534 1
263 545 303 625 1
221 460 258 533 1
228 545 262 619 1
176 456 216 537 1
183 552 225 629 1
143 460 177 536 1
144 556 184 627 1
96 458 139 537 1
102 554 142 623 1
62 555 102 636 1
57 469 96 549 1
18 471 57 551 1
0 470 18 552 1
22 558 62 623 1
0 559 23 641 1
346 450 382 527 1
