743 176 803 294 1
797 215 850 307 1
687 168 746 278 1
635 166 685 264 1
571 156 627 263 1
454 148 508 250 1
765 449 822 569 1
518 146 572 257 1
399 145 452 251 1
340 120 396 226 1
357 6 420 119 1
415 19 473 124 1
467 27 530 129 1
526 33 583 140 1
584 43 646 150 1
647 58 701 158 1
700 57 753 157 1
760 59 814 164 1
813 71 865 174 1
871 76 924 184 1
922 81 974 190 1
979 103 1031 202 1
1029 100 1082 205 1
1083 114 1135 219 1
1136 104 1192 205 1
1118 243 1181 353 1
1068 226 1130 340 1
1016 216 1079 328 1
965 212 1024 312 1
912 216 968 309 1
855 205 912 311 1
413 309 534 377 1
819 470 880 589 1
873 474 931 593 1
933 485 986 597 1
989 485 1041 598 1
1042 490 1097 602 1
1101 496 1160 611 1
