646 387 720 422 1
563 384 635 421 1
558 348 637 384 1
643 347 721 382 1
646 310 716 343 1
557 309 630 344 1
829 355 895 386 1
559 429 637 464 1
560 468 636 502 1
823 314 901 350 1
834 390 911 425 1
653 511 732 546 1
657 550 731 582 1
562 506 640 544 1
569 548 645 584 1
554 267 626 302 1
645 267 718 304 1
829 272 896 308 1
931 237 995 271 1
834 233 894 268 1
377 470 458 503 1
552 228 625 265 1
639 226 713 264 1
632 191 705 223 1
558 188 625 225 1
554 151 626 187 1
633 151 711 189 1
830 197 905 232 1
924 161 997 196 1
926 198 1002 233 1
1087 120 1164 156 1
645 472 721 506 1
646 431 724 466 1
833 472 908 507 1
839 433 901 467 1
923 426 997 463 1
923 389 995 422 1
920 311 986 346 1
926 347 1000 383 1
1101 195 1179 231 1
1100 158 1173 191 1
1101 234 1178 271 1
1110 464 1191 500 1
1112 423 1188 457 1
842 514 918 549 1
930 667 1001 702 1
937 706 1009 719 1
1114 702 1185 719 1
1106 662 1184 699 1
1103 622 1186 660 1
1107 583 1189 621 1
1108 547 1179 581 1
1107 504 1192 540 1
1082 84 1156 117 1
1079 44 1153 83 1
1079 11 1154 44 1
1083 0 1161 12 1
909 6 979 44 1
825 3 900 39 1
826 41 904 78 1
915 44 988 80 1
921 81 991 119 1
822 78 902 113 1
820 114 894 150 1
837 158 908 192 1
646 669 725 705 1
643 114 714 146 1
553 113 625 149 1
639 72 713 110 1
554 73 628 109 1
545 38 623 72 1
639 36 708 72 1
641 0 711 35 1
553 0 626 35 1
378 0 448 39 1
378 39 449 76 1
368 77 443 112 1
364 112 438 148 1
370 152 441 188 1
376 193 451 228 1
373 232 449 267 1
375 271 449 306 1
376 311 451 345 1
372 352 453 388 1
376 390 454 427 1
379 432 456 465 1
374 510 453 546 1
559 592 633 629 1
655 589 728 624 1
658 629 734 664 1
564 631 638 668 1
560 683 639 719 1
381 549 455 583 1
380 587 449 624 1
377 629 448 664 1
363 668 434 702 1
373 707 445 719 1
184 0 263 24 1
186 26 262 63 1
170 64 250 100 1
176 104 256 139 1
171 140 253 177 1
167 180 246 217 1
168 221 243 255 1
176 295 250 327 1
194 333 263 368 1
175 374 254 410 1
188 413 262 445 1
169 452 250 488 1
170 493 257 528 1
172 534 253 571 1
184 574 260 606 1
177 611 254 648 1
173 653 252 688 1
172 695 253 719 1
650 708 720 719 1
