286 337 343 430 1
434 134 483 234 1
487 126 530 214 1
539 127 578 220 1
508 528 591 638 1
388 337 446 438 1
446 347 496 442 1
651 358 708 448 1
699 352 762 451 1
689 142 731 229 1
642 131 681 222 1
592 147 629 205 1
45 521 115 611 1
98 519 171 617 1
212 530 281 626 1
568 544 632 631 1
685 545 760 642 1
740 545 814 640 1
806 536 880 631 1
806 370 861 459 1
860 363 912 457 1
906 355 963 448 1
954 349 1011 451 1
1005 360 1064 454 1
1197 284 1254 382 1
1216 33 1279 83 1
1128 168 1174 256 1
1081 161 1129 245 1
1034 147 1077 241 1
988 146 1033 244 1
937 151 984 248 1
890 149 931 237 1
841 159 879 231 1
792 140 831 233 1
739 133 782 231 1
379 120 429 223 1
332 128 378 215 1
287 125 332 223 1
222 126 284 233 1
185 124 230 217 1
142 118 186 215 1
88 113 137 209 1
38 127 88 222 1
0 110 40 206 1
34 331 105 423 1
0 320 47 418 1
854 555 921 653 1
915 554 982 644 1
961 554 1043 651 1
1026 550 1108 649 1
1082 564 1147 650 1
1127 560 1205 661 1
1193 546 1264 635 1
1243 553 1279 637 1
