1147 372 1263 463 1
999 509 1097 590 1
894 419 1000 506 1
874 372 966 456 1
830 332 922 420 1
800 284 892 368 1
751 238 845 326 1
715 205 800 287 1
682 154 768 230 1
1161 278 1253 376 1
1105 235 1212 336 1
1084 191 1182 276 1
1036 142 1145 245 1
991 105 1105 203 1
944 61 1056 162 1
912 18 1014 111 1
883 0 977 60 1
1177 65 1255 178 1
684 636 780 684 1
678 693 793 719 1
549 681 658 719 1
559 628 662 678 1
561 576 671 624 1
298 451 417 500 1
310 608 425 666 1
203 571 312 630 1
0 585 77 641 1
0 683 92 719 1
0 529 74 586 1
0 430 77 480 1
0 376 67 428 1
0 274 67 323 1
0 221 64 269 1
181 267 289 312 1
177 366 286 413 1
286 317 406 365 1
300 373 412 419 1
