550 0 625 13 1
547 13 617 51 1
462 0 527 14 1
452 14 530 51 1
469 56 545 92 1
551 51 628 87 1
559 91 621 126 1
463 94 541 130 1
559 131 640 170 1
560 170 634 208 1
469 175 531 214 1
443 139 521 179 1
383 115 424 198 1
462 217 538 253 1
563 210 631 246 1
562 250 640 287 1
470 297 542 332 1
464 255 542 292 1
564 293 645 330 1
565 332 646 372 1
474 336 549 378 1
575 375 654 411 1
577 419 652 452 1
572 456 653 493 1
474 380 556 416 1
478 422 554 458 1
474 460 554 498 1
576 498 652 532 1
479 504 554 540 1
577 539 658 578 1
492 544 560 580 1
490 585 575 622 1
587 582 665 617 1
592 618 669 653 1
587 662 667 695 1
595 700 677 719 1
507 703 585 719 1
494 665 578 703 1
494 624 571 663 1
736 0 800 17 1
748 15 812 48 1
827 10 898 47 1
827 48 902 84 1
831 85 896 122 1
835 123 912 161 1
837 163 913 199 1
837 199 913 239 1
842 241 917 277 1
846 279 921 320 1
848 321 919 355 1
853 358 931 397 1
859 402 930 438 1
858 444 926 479 1
860 484 939 518 1
864 522 927 553 1
864 557 945 597 1
871 597 943 638 1
870 639 950 673 1
872 675 951 712 1
741 49 818 83 1
743 85 822 121 1
745 127 823 160 1
750 164 817 197 1
750 201 825 237 1
756 242 835 281 1
755 283 837 323 1
763 326 835 361 1
762 366 842 405 1
765 408 841 441 1
765 449 844 486 1
776 489 854 524 1
777 526 858 563 1
777 567 858 600 1
778 604 861 643 1
782 647 863 685 1
778 687 858 719 1
1010 0 1083 10 1
1015 6 1095 45 1
1020 49 1101 83 1
1021 87 1097 124 1
1024 125 1095 160 1
1028 158 1112 196 1
1033 200 1104 235 1
1033 237 1110 272 1
1038 276 1110 310 1
1039 316 1114 352 1
1044 356 1122 395 1
1051 395 1125 429 1
1057 434 1119 467 1
1050 470 1129 507 1
1053 512 1133 546 1
1051 548 1127 581 1
1051 587 1129 622 1
1054 626 1126 663 1
1066 667 1142 700 1
1067 707 1150 719 1
274 0 345 22 1
265 25 341 61 1
263 65 339 102 1
262 102 335 141 1
268 141 344 181 1
267 183 340 218 1
272 221 344 255 1
279 260 357 298 1
277 298 356 342 1
283 342 356 379 1
283 384 358 419 1
274 426 351 459 1
178 0 246 32 1
177 33 249 65 1
177 66 243 105 1
172 105 251 142 1
173 147 237 182 1
178 188 256 222 1
183 228 252 261 1
186 263 262 303 1
189 304 267 343 1
187 348 259 385 1
190 393 267 424 1
188 430 270 466 1
189 473 261 504 1
281 463 369 501 1
285 507 365 545 1
196 510 275 548 1
196 554 275 590 1
294 551 369 583 1
300 589 370 623 1
303 629 375 666 1
304 667 382 706 1
200 672 284 712 1
201 595 280 631 1
200 637 271 672 1
38 625 83 701 1
39 533 83 608 1
35 432 78 512 1
30 339 75 422 1
34 241 75 325 1
26 137 71 219 1
28 42 70 121 1
19 0 65 21 1
