572 60 650 171 1
632 52 701 138 1
664 9 746 120 1
30 206 140 280 1
697 221 814 290 1
835 191 944 259 1
1068 144 1178 209 1
1081 196 1189 257 1
1107 250 1198 301 1
781 509 891 579 1
761 396 858 456 1
869 305 973 367 1
849 249 958 315 1
993 262 1052 370 1
898 411 1002 473 1
468 100 547 213 1
422 123 493 228 1
368 148 441 255 1
310 176 387 287 1
347 372 457 441 1
472 349 578 412 1
382 555 491 616 1
126 549 216 606 1
131 605 237 671 1
555 684 666 719 1
1049 98 1148 156 1
790 0 845 27 1
1145 68 1251 134 1
1166 123 1270 184 1
1180 175 1279 232 1
1199 223 1279 281 1
1215 324 1279 372 1
1124 344 1221 397 1
1239 376 1279 421 1
1128 391 1244 449 1
1144 439 1252 497 1
1158 493 1268 552 1
1250 476 1279 522 1
1184 585 1279 649 1
1216 689 1279 719 1
