773 26 849 59 1
776 66 850 100 1
778 106 855 142 1
774 144 848 180 1
766 183 842 217 1
797 222 874 259 1
768 264 843 299 1
786 306 868 343 1
784 348 864 384 1
785 389 852 422 1
782 428 848 463 1
784 468 860 501 1
784 504 854 539 1
785 544 865 580 1
651 22 685 99 1
653 105 685 177 1
660 183 696 265 1
667 446 697 513 1
572 13 644 56 1
562 64 642 101 1
567 105 641 142 1
565 147 642 180 1
570 186 646 224 1
577 227 654 265 1
575 271 649 307 1
575 312 648 347 1
573 353 648 389 1
573 391 656 429 1
580 434 659 473 1
573 474 654 514 1
575 516 655 551 1
578 555 656 597 1
338 25 423 64 1
327 68 406 105 1
324 111 405 146 1
337 152 408 187 1
326 199 397 231 1
326 237 408 272 1
331 278 400 317 1
342 317 422 355 1
346 357 423 397 1
336 484 418 522 1
338 567 422 606 1
790 585 869 623 1
578 598 659 640 1
347 606 429 642 1
799 626 876 661 1
575 641 660 675 1
343 528 421 563 1
352 650 431 689 1
343 402 420 437 1
340 444 416 480 1
674 601 710 675 1
672 518 705 597 1
666 271 699 354 1
666 361 699 442 1
797 666 874 703 1
760 0 843 22 1
340 0 419 19 1
678 681 712 719 1
576 679 659 719 1
366 692 433 719 1
