538 235 618 272 1
667 476 699 555 1
866 476 896 556 1
819 711 893 719 1
627 476 659 559 1
533 12 615 47 1
544 84 609 117 1
531 512 611 549 1
542 312 613 345 1
533 349 614 382 1
539 392 617 428 1
545 435 619 467 1
534 473 613 507 1
708 480 742 552 1
749 475 783 551 1
788 478 821 554 1
827 477 861 551 1
901 474 937 549 1
941 483 975 560 1
979 481 1012 561 1
1013 471 1048 551 1
1054 468 1093 544 1
164 677 243 715 1
164 643 244 677 1
164 607 244 641 1
349 506 424 541 1
353 467 423 500 1
348 426 422 463 1
348 386 426 421 1
342 346 419 381 1
348 309 417 344 1
354 191 428 226 1
356 154 430 188 1
358 116 429 151 1
166 254 253 291 1
174 293 251 327 1
188 62 269 97 1
192 98 264 134 1
180 142 250 175 1
173 178 246 214 1
171 216 249 250 1
175 331 248 366 1
166 372 246 404 1
170 485 247 517 1
165 528 237 561 1
151 567 243 604 1
360 705 443 719 1
550 706 620 719 1
539 671 615 705 1
632 668 711 704 1
632 709 705 719 1
821 671 900 706 1
907 670 972 704 1
906 706 973 719 1
1082 672 1161 710 1
1093 713 1162 719 1
1094 630 1173 667 1
1095 594 1166 627 1
1096 548 1177 586 1
192 28 267 62 1
194 0 262 26 1
355 81 430 119 1
353 41 429 78 1
359 2 430 40 1
520 116 601 155 1
534 156 609 195 1
539 200 622 232 1
550 275 622 307 1
360 665 439 705 1
357 228 436 266 1
528 45 611 82 1
359 270 432 306 1
174 444 250 479 1
