767 479 801 547 1
737 282 772 368 1
695 284 732 365 1
650 285 686 363 1
653 203 690 282 1
699 197 733 275 1
441 209 522 249 1
452 149 529 190 1
445 325 522 360 1
451 622 529 654 1
430 560 512 596 1
437 501 524 536 1
438 445 524 480 1
736 197 772 279 1
774 295 811 376 1
816 291 855 371 1
857 298 895 376 1
896 293 934 376 1
934 301 974 373 1
974 298 1012 376 1
1011 304 1048 375 1
1050 299 1088 380 1
1089 301 1123 379 1
1123 311 1163 386 1
778 207 816 285 1
820 197 853 279 1
859 201 893 277 1
897 210 931 280 1
937 214 971 287 1
1011 213 1049 288 1
1049 215 1086 290 1
1087 221 1125 291 1
1126 224 1161 296 1
1161 221 1196 296 1
1196 227 1235 302 1
1236 230 1276 303 1
1233 314 1271 388 1
1271 326 1279 393 1
1198 307 1235 378 1
1164 313 1202 383 1
1052 391 1127 427 1
644 471 675 547 1
687 472 721 538 1
729 474 763 551 1
731 557 763 628 1
764 560 800 638 1
806 566 842 642 1
845 568 881 639 1
885 566 921 637 1
924 562 964 639 1
966 566 998 640 1
999 564 1037 641 1
1039 573 1079 644 1
1078 572 1113 636 1
1116 569 1150 639 1
1152 567 1196 641 1
1195 571 1226 639 1
1228 573 1268 640 1
1265 579 1279 644 1
806 472 844 554 1
850 469 888 556 1
889 481 924 557 1
927 478 964 557 1
966 476 1004 557 1
1003 482 1040 556 1
1040 486 1077 556 1
1078 479 1119 561 1
1118 481 1155 553 1
1155 483 1192 555 1
1193 481 1231 550 1
1232 490 1267 553 1
1266 495 1279 568 1
1248 55 1279 130 1
1213 56 1255 129 1
1171 49 1212 128 1
1138 43 1175 118 1
1099 39 1140 116 1
1059 44 1102 125 1
1012 40 1051 119 1
954 40 990 117 1
844 25 877 98 1
787 24 824 101 1
725 18 761 100 1
665 10 702 89 1
606 11 642 96 1
549 13 580 94 1
459 11 515 91 1
