686 402 724 484 1
683 315 718 394 1
638 315 677 399 1
557 316 594 395 1
514 317 551 395 1
473 329 506 407 1
567 413 601 492 1
644 413 682 484 1
607 412 642 491 1
723 314 758 396 1
767 401 801 479 1
731 402 763 469 1
284 110 321 188 1
202 110 239 188 1
161 105 202 182 1
164 197 203 273 1
124 196 164 272 1
804 398 838 464 1
796 303 833 380 1
599 320 632 399 1
477 415 512 493 1
520 411 554 486 1
759 312 795 393 1
173 375 215 449 1
123 118 161 192 1
327 140 363 220 1
290 201 327 269 1
242 188 283 268 1
243 110 279 181 1
205 197 242 277 1
216 377 254 452 1
257 367 295 442 1
298 374 337 453 1
279 463 355 495 1
284 500 355 537 1
286 544 353 578 1
277 582 353 616 1
369 615 406 690 1
82 108 118 182 1
41 109 81 190 1
118 0 154 10 1
77 0 117 9 1
88 200 124 270 1
45 192 86 275 1
0 200 45 276 1
131 376 169 451 1
90 373 129 443 1
50 377 91 449 1
7 378 52 449 1
451 616 486 689 1
410 618 446 691 1
492 618 526 692 1
529 616 562 694 1
570 614 604 690 1
609 601 641 675 1
649 600 685 675 1
692 598 726 673 1
729 601 763 680 1
768 596 804 679 1
808 601 840 665 1
843 599 880 670 1
882 591 918 665 1
918 582 955 657 1
960 585 995 654 1
996 579 1032 650 1
1034 576 1071 644 1
1071 573 1109 652 1
1108 571 1138 640 1
1139 569 1174 637 1
1174 567 1212 643 1
1212 564 1258 640 1
1249 557 1279 633 1
843 400 876 468 1
880 392 918 467 1
840 303 875 378 1
878 299 918 378 1
919 305 950 371 1
951 298 991 372 1
991 300 1026 374 1
1029 295 1063 366 1
1063 295 1102 359 1
1102 292 1132 364 1
1134 294 1172 368 1
1172 291 1204 365 1
1206 299 1237 361 1
1235 289 1276 355 1
1270 288 1279 355 1
920 388 955 462 1
956 387 995 461 1
995 382 1030 454 1
1031 379 1067 451 1
1068 382 1101 451 1
1100 381 1139 454 1
1140 379 1174 439 1
1174 377 1208 445 1
1207 377 1244 445 1
1243 375 1279 448 1
468 31 507 110 1
242 0 278 9 1
510 36 546 115 1
469 133 505 213 1
510 144 546 209 1
547 129 584 206 1
592 124 626 205 1
551 45 585 121 1
587 36 620 115 1
628 36 664 111 1
667 35 706 111 1
631 128 668 205 1
672 128 706 203 1
711 118 748 197 1
709 39 743 104 1
747 28 783 99 1
753 119 788 191 1
792 117 827 195 1
786 25 824 101 1
824 31 859 102 1
865 30 900 101 1
903 29 938 103 1
941 29 976 97 1
978 25 1014 98 1
1015 24 1051 94 1
1050 33 1086 89 1
1087 31 1124 104 1
1124 31 1160 102 1
1160 35 1196 106 1
1201 19 1240 92 1
1239 30 1272 90 1
1271 29 1279 101 1
1271 115 1279 181 1
1235 110 1273 182 1
1198 109 1236 174 1
1165 112 1201 186 1
1130 118 1164 175 1
1053 119 1094 184 1
1091 119 1128 194 1
1019 118 1055 181 1
984 116 1019 189 1
944 116 979 190 1
906 115 943 189 1
868 123 905 199 1
832 121 864 195 1
