1100 227 1171 268 1
889 242 930 326 1
899 127 939 214 1
901 26 944 113 1
691 94 764 133 1
696 139 770 172 1
697 176 772 216 1
695 221 771 255 1
691 261 768 296 1
691 300 769 339 1
683 344 764 376 1
682 388 767 424 1
684 425 761 464 1
684 467 758 503 1
680 506 761 545 1
673 550 751 586 1
503 485 580 537 1
508 439 584 486 1
508 398 579 448 1
514 181 588 236 1
334 664 425 718 1
340 603 410 662 1
352 572 421 615 1
335 513 414 568 1
339 471 417 522 1
344 422 413 474 1
355 379 423 430 1
360 331 422 382 1
343 281 415 329 1
356 233 423 286 1
357 186 425 237 1
358 134 434 189 1
363 86 428 143 1
353 33 432 96 1
360 0 437 51 1
