647 326 729 359 1
657 284 731 320 1
569 284 648 321 1
569 245 643 281 1
562 407 638 442 1
565 369 632 403 1
396 284 462 319 1
563 327 640 362 1
577 168 653 203 1
567 127 643 164 1
559 204 632 241 1
657 364 730 398 1
564 447 642 481 1
570 0 646 11 1
660 51 737 87 1
573 54 643 88 1
568 89 644 121 1
660 89 734 126 1
658 129 734 163 1
663 165 735 203 1
663 205 735 239 1
653 244 736 279 1
836 0 910 24 1
836 28 907 62 1
917 30 990 67 1
926 67 988 102 1
840 64 913 101 1
841 102 908 138 1
922 102 994 137 1
923 142 993 176 1
840 142 920 176 1
833 179 911 212 1
835 218 915 252 1
923 297 1000 331 1
844 300 906 333 1
922 335 1003 369 1
930 376 991 409 1
932 496 1009 530 1
661 15 740 48 1
669 0 738 14 1
936 649 1013 684 1
939 610 1016 647 1
941 572 1016 609 1
933 532 1014 568 1
853 533 926 564 1
851 575 926 609 1
846 616 914 649 1
845 654 924 689 1
853 495 925 532 1
848 455 927 490 1
837 416 911 453 1
931 415 1008 452 1
934 455 1011 492 1
842 375 916 409 1
839 337 909 372 1
1099 220 1170 254 1
1099 255 1175 287 1
1111 296 1175 331 1
1108 336 1187 369 1
1116 374 1192 408 1
1121 412 1191 444 1
1112 448 1190 481 1
1112 485 1197 522 1
1115 524 1192 561 1
1113 564 1195 600 1
393 171 466 203 1
376 204 452 242 1
385 248 468 283 1
396 129 453 166 1
209 73 281 105 1
208 33 285 71 1
204 0 285 33 1
383 328 458 361 1
377 364 460 402 1
375 408 452 442 1
379 447 453 482 1
377 489 449 522 1
381 529 457 563 1
386 568 458 602 1
386 609 456 644 1
378 649 456 684 1
667 408 738 441 1
662 448 736 481 1
662 485 743 521 1
664 528 742 564 1
663 566 741 601 1
664 607 737 642 1
657 645 738 684 1
570 490 642 521 1
580 531 652 565 1
567 570 648 604 1
580 607 648 642 1
567 650 642 681 1
337 674 372 719 1
379 686 456 719 1
567 686 648 719 1
654 687 734 719 1
853 694 927 719 1
937 690 1003 719 1
1111 676 1194 714 1
1111 639 1189 677 1
1114 601 1188 636 1
567 15 640 50 1
391 90 466 125 1
222 272 295 305 1
1105 29 1181 67 1
1110 67 1168 102 1
1104 105 1183 141 1
1106 145 1184 179 1
1092 181 1178 218 1
925 179 1004 214 1
919 217 998 251 1
920 255 991 287 1
841 255 911 291 1
332 583 369 665 1
931 0 1003 25 1
