640 571 683 672 1
583 550 630 659 1
533 560 579 662 1
477 557 527 666 1
424 565 478 670 1
694 552 743 657 1
754 556 797 654 1
801 558 846 657 1
857 557 914 687 1
568 342 673 388 1
383 342 481 386 1
259 345 366 388 1
120 350 235 394 1
910 552 952 652 1
958 552 1002 646 1
1005 540 1050 650 1
1060 554 1109 656 1
1110 538 1155 632 1
1159 537 1204 633 1
1210 551 1258 613 1
1048 335 1141 383 1
1154 339 1252 380 1
79 575 139 678 1
149 565 203 673 1
203 561 252 655 1
260 561 309 665 1
318 563 365 677 1
372 557 419 664 1
1257 534 1279 634 1
82 684 142 719 1
