522 156 598 191 1
353 398 432 432 1
358 437 431 473 1
519 195 601 233 1
541 397 618 430 1
626 396 702 430 1
533 356 609 391 1
626 354 705 387 1
906 387 974 423 1
825 390 897 429 1
818 354 896 387 1
904 351 966 380 1
817 153 851 234 1
615 164 650 245 1
656 163 689 239 1
696 167 729 232 1
735 154 769 230 1
774 158 810 234 1
352 357 429 395 1
531 119 609 155 1
524 82 604 116 1
518 41 600 78 1
528 7 603 41 1
347 0 424 10 1
534 0 589 9 1
336 10 406 44 1
333 44 411 83 1
336 84 414 118 1
336 122 412 155 1
340 158 412 194 1
338 198 415 235 1
159 0 240 36 1
163 39 240 74 1
156 75 234 112 1
163 148 242 181 1
161 186 235 219 1
156 229 225 262 1
142 269 234 301 1
152 306 233 343 1
153 342 234 378 1
154 381 233 417 1
159 423 240 455 1
165 466 240 501 1
148 501 225 538 1
153 543 237 578 1
150 580 234 617 1
150 623 233 657 1
152 663 230 697 1
359 479 432 511 1
351 516 425 551 1
349 555 424 591 1
356 596 427 632 1
366 638 440 673 1
364 678 440 713 1
540 435 616 470 1
531 481 609 513 1
541 518 617 551 1
542 554 614 591 1
542 596 616 633 1
546 636 616 670 1
542 674 613 707 1
547 708 617 719 1
634 710 712 719 1
627 670 703 707 1
621 636 698 668 1
627 595 705 628 1
634 559 709 591 1
626 515 707 548 1
627 473 699 508 1
628 436 705 468 1
825 435 899 468 1
905 434 979 467 1
911 474 988 509 1
917 513 989 546 1
821 474 904 509 1
818 514 899 547 1
814 552 891 586 1
830 596 903 629 1
920 590 994 632 1
922 632 1000 668 1
923 668 991 703 1
830 667 893 703 1
821 706 891 719 1
824 634 901 668 1
1086 700 1163 719 1
1097 658 1176 695 1
1097 620 1177 656 1
1097 581 1169 615 1
1084 541 1164 578 1
1079 508 1157 540 1
1080 466 1153 503 1
1078 430 1154 464 1
1085 393 1161 426 1
1076 352 1151 387 1
1085 310 1159 344 1
1085 272 1152 308 1
1080 229 1162 267 1
1036 150 1079 227 1
997 155 1036 234 1
963 164 1000 240 1
929 165 964 241 1
890 161 925 230 1
855 155 892 230 1
