404 275 449 372 1
456 277 501 377 1
511 299 552 360 1
565 283 607 379 1
617 292 660 385 1
671 281 716 390 1
726 292 767 391 1
776 309 821 390 1
572 522 635 619 1
628 516 689 621 1
832 296 877 392 1
884 300 933 401 1
941 294 984 402 1
989 292 1034 393 1
1037 308 1084 396 1
1090 314 1136 411 1
1162 439 1217 542 1
1184 174 1279 224 1
1001 84 1103 135 1
757 76 859 130 1
468 72 574 122 1
352 64 453 115 1
346 289 401 389 1
290 271 342 381 1
242 279 293 369 1
191 273 243 377 1
120 277 192 387 1
89 272 140 369 1
43 269 95 365 1
0 262 42 361 1
736 534 795 629 1
796 528 850 624 1
848 518 906 617 1
899 516 960 623 1
952 524 1016 623 1
358 508 416 608 1
299 498 365 604 1
195 497 259 594 1
138 694 197 719 1
458 696 511 719 1
21 683 82 719 1
