876 480 925 597 1
636 115 687 222 1
569 115 629 243 1
757 123 813 232 1
878 119 932 241 1
446 114 500 235 1
377 123 439 245 1
315 111 375 227 1
428 451 485 570 1
365 448 419 569 1
297 440 360 568 1
239 453 295 565 1
177 443 240 567 1
107 451 174 575 1
806 469 865 602 1
747 475 802 600 1
689 477 739 600 1
627 471 678 590 1
554 465 609 581 1
494 460 547 576 1
939 485 997 608 1
1000 481 1055 583 1
1058 473 1114 602 1
1119 475 1176 588 1
1231 475 1279 591 1
48 448 115 573 1
0 436 58 559 1
67 99 135 225 1
138 94 198 211 1
196 83 259 204 1
258 96 315 210 1
938 132 995 251 1
1006 137 1061 251 1
1063 140 1119 245 1
1235 142 1279 263 1
