809 2 886 42 1
815 41 887 80 1
815 82 896 121 1
814 118 887 158 1
812 157 884 193 1
839 199 919 236 1
811 239 884 277 1
831 281 914 317 1
830 322 910 360 1
831 364 900 398 1
829 404 897 435 1
833 442 911 479 1
833 484 905 518 1
837 524 914 564 1
840 562 920 600 1
853 604 927 639 1
846 645 923 682 1
844 685 924 719 1
692 4 724 79 1
691 82 726 157 1
702 158 740 242 1
706 246 742 332 1
708 336 744 415 1
712 419 747 488 1
715 489 751 575 1
720 577 754 656 1
724 658 759 719 1
612 0 686 35 1
604 43 684 79 1
611 81 681 120 1
608 120 686 159 1
615 162 691 200 1
624 203 701 241 1
625 244 694 281 1
618 286 693 321 1
615 326 695 361 1
621 367 702 405 1
626 409 706 446 1
620 453 701 488 1
622 491 698 529 1
624 534 705 574 1
625 578 709 618 1
621 620 710 654 1
620 658 708 698 1
622 701 694 719 1
385 11 468 48 1
376 51 455 89 1
376 92 454 130 1
389 131 457 169 1
378 177 444 211 1
378 213 453 249 1
381 258 449 292 1
392 294 469 332 1
397 335 474 369 1
392 375 467 412 1
389 420 462 453 1
389 457 468 496 1
386 503 465 538 1
391 543 473 579 1
398 583 481 624 1
398 627 477 665 1
411 667 480 704 1
