444 222 523 257 1
506 276 540 351 1
462 275 499 347 1
426 270 463 347 1
749 456 783 532 1
707 458 742 527 1
667 456 704 533 1
589 264 620 338 1
546 268 582 345 1
792 457 827 539 1
792 546 831 623 1
754 537 786 621 1
629 456 661 535 1
712 548 747 622 1
669 556 706 627 1
629 552 663 625 1
390 267 423 347 1
364 231 439 262 1
314 183 352 260 1
273 184 310 264 1
234 191 270 256 1
349 282 383 359 1
310 272 345 346 1
271 274 307 349 1
233 271 269 345 1
196 268 233 345 1
158 270 195 341 1
118 278 159 352 1
79 270 120 343 1
41 279 82 351 1
1 281 46 353 1
195 184 234 262 1
162 183 195 254 1
124 187 163 254 1
82 187 123 258 1
49 185 90 259 1
9 185 48 260 1
0 185 13 255 1
12 124 97 161 1
0 54 57 92 1
67 55 146 92 1
164 53 241 87 1
248 51 319 86 1
331 46 401 78 1
591 67 662 109 1
629 266 661 342 1
668 261 703 342 1
710 265 744 347 1
749 267 785 345 1
791 278 827 346 1
829 269 865 349 1
872 258 909 333 1
909 274 942 347 1
949 261 984 336 1
989 280 1025 345 1
1181 256 1221 324 1
1221 248 1265 321 1
1262 262 1279 334 1
1232 65 1273 140 1
1189 63 1233 138 1
1153 74 1191 151 1
1112 75 1154 154 1
1077 80 1116 157 1
1038 83 1075 160 1
1003 84 1034 159 1
1233 545 1268 609 1
1188 533 1233 612 1
1113 444 1150 525 1
1149 540 1189 620 1
1112 548 1147 621 1
1068 447 1105 520 1
1071 544 1111 624 1
1033 541 1071 619 1
1027 454 1066 524 1
994 449 1029 525 1
953 448 992 526 1
914 462 950 537 1
873 442 908 521 1
833 456 867 534 1
993 543 1030 620 1
955 542 990 620 1
914 550 950 622 1
877 550 911 623 1
834 543 871 624 1
587 461 621 535 1
544 469 578 541 1
546 556 581 633 1
507 555 542 631 1
504 457 541 539 1
464 470 498 539 1
424 455 458 534 1
385 457 421 542 1
340 460 379 547 1
307 461 341 535 1
268 457 306 535 1
233 461 266 537 1
196 457 231 532 1
153 457 192 535 1
117 460 152 534 1
76 464 115 542 1
34 464 76 538 1
0 463 41 535 1
466 554 499 629 1
425 547 462 630 1
383 543 422 625 1
345 552 379 622 1
309 548 344 623 1
267 542 305 623 1
233 546 268 622 1
195 545 230 623 1
152 546 194 623 1
114 551 152 631 1
79 560 116 632 1
37 558 77 628 1
0 553 39 624 1
