921 490 1028 545 1
926 545 1030 599 1
923 665 1027 710 1
924 607 1031 657 1
792 613 894 658 1
527 490 634 535 1
397 483 511 532 1
385 662 493 710 1
139 581 229 629 1
128 643 238 693 1
489 243 540 356 1
547 235 598 347 1
599 226 655 343 1
714 220 766 336 1
771 227 828 312 1
813 193 872 308 1
1038 120 1096 226 1
920 434 1031 483 1
419 258 478 374 1
147 235 249 284 1
1126 104 1192 213 1
1176 98 1244 206 1
1226 96 1279 194 1
1159 391 1261 436 1
1263 395 1279 439 1
1157 449 1274 489 1
1159 502 1276 544 1
1169 552 1268 598 1
1164 646 1270 704 1
1159 701 1269 719 1
368 0 420 48 1
427 0 473 37 1
482 0 526 23 1
529 0 575 18 1
778 429 900 476 1
994 120 1050 227 1
938 129 993 235 1
