522 39 631 88 1
532 90 626 136 1
128 139 231 190 1
637 1 748 43 1
636 48 746 98 1
645 253 746 301 1
632 197 746 245 1
642 100 748 149 1
515 301 627 349 1
509 359 626 408 1
638 416 742 465 1
631 471 741 517 1
510 469 620 516 1
627 525 736 572 1
507 573 621 628 1
606 630 727 685 1
265 89 378 138 1
257 26 379 83 1
265 0 380 25 1
128 0 249 24 1
255 200 370 248 1
364 157 478 234 1
525 0 636 38 1
515 191 617 242 1
510 243 633 298 1
626 360 746 408 1
617 684 733 719 1
857 0 959 49 1
871 52 973 105 1
875 103 966 153 1
869 155 967 203 1
863 207 975 257 1
865 308 971 358 1
862 421 973 468 1
864 474 983 524 1
853 681 969 719 1
979 52 1087 105 1
975 115 1071 165 1
980 199 1084 250 1
980 249 1087 300 1
983 303 1085 351 1
977 357 1086 406 1
978 410 1085 460 1
989 465 1076 510 1
978 519 1078 563 1
959 570 1071 618 1
972 623 1080 671 1
977 680 1083 719 1
1203 329 1279 381 1
1199 385 1279 435 1
1205 439 1279 488 1
1213 492 1279 540 1
1210 541 1279 591 1
1193 596 1279 645 1
1206 648 1279 704 1
1196 704 1279 719 1
113 268 228 315 1
