1100 228 1139 301 1
1065 269 1108 346 1
1061 184 1102 258 1
1025 192 1060 260 1
984 183 1026 264 1
944 182 982 259 1
946 270 983 344 1
985 273 1024 345 1
1027 276 1066 350 1
905 268 944 347 1
903 180 941 256 1
864 186 902 259 1
825 176 860 248 1
828 262 863 338 1
870 260 907 344 1
784 173 820 253 1
787 262 823 337 1
1242 118 1279 193 1
1246 385 1279 467 1
1246 491 1279 571 1
1107 491 1147 573 1
1065 458 1105 540 1
744 186 779 254 1
745 269 779 343 1
703 265 735 349 1
700 180 735 261 1
659 170 694 244 1
661 260 698 343 1
619 261 657 343 1
619 173 655 254 1
574 175 613 256 1
576 265 610 344 1
536 177 572 255 1
534 258 570 345 1
493 167 529 249 1
491 253 526 333 1
452 174 487 254 1
447 259 486 342 1
410 261 446 337 1
411 173 447 255 1
371 174 408 257 1
368 259 405 341 1
330 178 368 255 1
327 262 361 340 1
286 177 329 258 1
246 180 284 256 1
210 177 247 251 1
169 171 208 250 1
856 50 936 88 1
289 266 324 333 1
246 266 284 343 1
208 264 245 343 1
168 263 209 340 1
773 42 841 79 1
691 41 767 80 1
586 39 670 76 1
507 45 576 80 1
411 47 484 84 1
324 40 406 82 1
240 47 314 82 1
155 49 231 85 1
1069 554 1108 620 1
1027 460 1065 531 1
1030 538 1068 619 1
989 456 1027 535 1
987 545 1026 626 1
951 452 987 531 1
945 542 984 623 1
909 458 945 537 1
906 541 945 621 1
867 449 902 529 1
868 547 906 616 1
827 449 865 534 1
825 538 863 617 1
785 456 819 535 1
784 541 822 622 1
741 454 777 535 1
741 537 777 619 1
658 450 694 531 1
657 545 696 623 1
620 550 653 633 1
618 456 653 532 1
573 455 610 536 1
573 555 608 628 1
533 451 569 531 1
531 548 566 623 1
488 448 527 530 1
487 539 526 625 1
446 448 483 517 1
446 549 483 626 1
405 542 443 624 1
404 443 442 531 1
364 446 402 524 1
318 436 360 518 1
281 443 319 520 1
238 440 280 526 1
200 419 240 494 1
158 448 199 524 1
364 542 402 622 1
322 546 361 623 1
283 542 320 621 1
238 535 277 612 1
198 533 238 610 1
158 531 198 609 1
1246 689 1279 719 1
101 0 142 72 1
57 0 99 74 1
20 0 58 75 1
0 0 18 75 1
130 173 168 248 1
92 173 129 241 1
49 169 92 245 1
12 172 54 251 1
0 172 12 245 1
130 262 168 343 1
89 258 129 335 1
46 259 89 339 1
9 258 48 335 1
0 258 15 331 1
701 454 734 531 1
704 542 738 622 1
118 443 162 527 1
114 532 159 613 1
78 535 119 604 1
80 442 123 526 1
37 438 85 520 1
0 441 44 520 1
33 528 81 614 1
0 525 41 605 1
0 708 25 719 1
35 706 72 719 1
78 708 110 719 1
115 709 151 719 1
162 709 193 719 1
201 708 237 719 1
244 711 274 719 1
283 708 321 719 1
364 711 395 719 1
404 710 438 719 1
1177 63 1233 139 1
692 370 770 404 1
