576 116 635 230 1
844 465 904 588 1
787 443 841 565 1
580 479 639 611 1
1023 419 1108 609 1
1097 453 1152 575 1
1154 448 1218 571 1
1215 437 1279 562 1
703 109 758 225 1
763 114 817 231 1
827 105 883 224 1
890 134 949 253 1
952 129 1016 250 1
1071 125 1133 247 1
1131 126 1192 226 1
1194 118 1260 227 1
1252 116 1279 234 1
513 116 564 246 1
450 128 501 229 1
388 135 442 258 1
457 456 510 593 1
330 461 385 588 1
324 135 376 248 1
255 132 312 261 1
198 142 255 263 1
142 147 197 263 1
81 150 141 263 1
10 149 75 257 1
0 146 16 257 1
264 471 319 593 1
204 475 261 595 1
139 464 198 572 1
74 472 138 597 1
15 474 81 593 1
0 477 20 593 1
