825 7 864 89 1
822 110 860 194 1
817 210 857 288 1
821 315 863 401 1
821 439 870 525 1
816 529 853 614 1
807 646 846 719 1
1016 619 1091 664 1
602 503 679 539 1
609 545 683 582 1
607 587 684 626 1
605 628 682 667 1
604 668 681 707 1
423 592 500 651 1
608 379 688 419 1
618 253 685 293 1
604 85 681 126 1
616 42 688 80 1
429 214 509 265 1
424 298 512 355 1
247 647 331 703 1
263 605 332 654 1
260 549 343 604 1
251 493 336 555 1
254 448 340 515 1
259 401 345 463 1
258 354 346 412 1
265 312 345 361 1
262 255 350 314 1
267 208 346 260 1
263 152 343 215 1
265 113 346 168 1
266 67 352 121 1
267 21 353 77 1
