593 9 666 44 1
360 14 440 52 1
364 54 441 94 1
361 99 438 134 1
358 141 434 177 1
690 215 723 294 1
684 58 717 139 1
689 146 719 210 1
601 134 681 168 1
592 53 671 86 1
808 168 884 201 1
361 228 439 265 1
361 270 444 305 1
369 309 452 349 1
371 353 450 390 1
387 391 453 427 1
594 214 674 254 1
595 175 676 213 1
808 6 891 42 1
810 47 886 83 1
810 90 877 123 1
805 130 875 161 1
811 208 881 242 1
356 184 438 219 1
597 90 674 128 1
816 292 898 326 1
828 332 905 365 1
822 372 900 408 1
822 411 900 446 1
824 452 909 491 1
367 475 452 514 1
382 563 462 601 1
374 520 449 557 1
370 432 458 477 1
603 471 682 510 1
610 509 689 548 1
622 549 696 587 1
623 590 701 628 1
710 558 742 635 1
830 613 908 646 1
827 574 907 610 1
823 495 905 532 1
825 533 904 572 1
600 429 674 465 1
602 384 682 420 1
601 343 685 375 1
604 300 685 339 1
603 258 681 295 1
705 475 743 558 1
703 385 737 463 1
813 252 895 286 1
682 0 714 51 1
697 300 733 378 1
623 629 699 666 1
383 602 460 641 1
382 643 457 683 1
830 650 904 688 1
348 0 419 16 1
835 692 918 719 1
711 641 743 718 1
614 668 700 714 1
373 686 454 719 1
