321 78 402 116 1
320 119 398 156 1
562 30 642 65 1
564 69 645 106 1
563 109 640 144 1
555 150 641 190 1
556 194 635 231 1
559 233 638 273 1
576 400 639 437 1
651 39 685 114 1
650 124 686 203 1
653 211 689 288 1
766 1 847 18 1
343 411 426 449 1
662 377 697 464 1
574 436 661 485 1
585 482 656 525 1
343 492 425 532 1
577 525 657 566 1
575 565 669 615 1
574 268 651 305 1
571 317 646 352 1
580 362 643 395 1
660 296 692 370 1
669 472 704 550 1
798 627 876 666 1
325 34 407 73 1
316 0 394 29 1
647 0 685 32 1
555 0 631 27 1
774 350 851 386 1
789 302 869 344 1
794 264 857 300 1
792 227 872 263 1
781 185 860 220 1
776 144 848 182 1
771 104 851 139 1
771 63 849 101 1
767 22 848 59 1
321 579 411 624 1
327 536 403 574 1
348 453 414 485 1
333 367 422 404 1
350 328 416 362 1
314 161 394 199 1
314 201 397 239 1
321 237 416 280 1
342 285 419 321 1
794 670 878 710 1
799 591 875 630 1
799 548 874 594 1
800 508 877 547 1
785 469 863 511 1
781 427 864 468 1
779 393 860 429 1
