1090 235 1163 274 1
884 249 923 331 1
896 136 932 218 1
898 35 936 124 1
690 101 763 142 1
695 0 773 18 1
695 147 765 180 1
694 183 769 222 1
693 227 768 261 1
687 263 765 300 1
685 305 764 344 1
680 348 761 385 1
681 389 758 426 1
678 430 757 466 1
676 473 752 507 1
673 511 757 547 1
666 554 745 589 1
502 487 575 537 1
505 443 579 495 1
509 402 576 449 1
512 190 584 241 1
334 667 422 718 1
337 604 407 662 1
349 570 414 615 1
335 511 411 567 1
338 467 416 523 1
344 423 411 477 1
353 381 418 428 1
361 334 420 383 1
341 286 414 330 1
357 236 421 290 1
358 190 423 233 1
358 134 435 195 1
359 90 429 145 1
353 37 431 100 1
363 2 439 59 1
