789 514 833 610 1
739 510 781 612 1
686 516 735 612 1
637 507 683 607 1
405 302 513 343 1
586 514 631 617 1
659 304 750 347 1
176 298 276 346 1
88 297 180 340 1
533 509 575 607 1
477 505 519 594 1
425 508 469 610 1
364 514 411 608 1
362 617 414 717 1
832 508 877 607 1
880 525 923 621 1
929 508 975 608 1
979 515 1019 607 1
1019 521 1063 612 1
1069 522 1131 636 1
1114 518 1159 613 1
1155 523 1202 608 1
1198 514 1248 618 1
1250 528 1279 621 1
1243 329 1279 374 1
543 304 638 345 1
830 317 922 363 1
