522 501 605 540 1
708 581 776 618 1
706 540 787 577 1
441 502 516 537 1
440 461 518 501 1
805 578 879 614 1
438 421 517 457 1
526 419 605 453 1
527 461 606 495 1
527 338 606 376 1
445 342 522 379 1
523 378 604 415 1
710 497 785 532 1
802 496 875 531 1
793 538 879 572 1
432 546 512 580 1
441 586 518 623 1
449 299 515 334 1
528 298 603 334 1
712 457 790 491 1
807 458 879 488 1
802 413 882 449 1
971 573 1051 611 1
975 538 1047 570 1
967 493 1048 531 1
968 458 1049 490 1
967 415 1050 451 1
714 416 787 453 1
963 374 1045 410 1
795 373 873 410 1
706 377 782 412 1
711 338 784 372 1
794 332 869 368 1
790 296 864 332 1
707 296 785 331 1
523 255 597 292 1
435 382 506 418 1
527 586 608 622 1
310 594 350 660 1
306 503 345 573 1
302 408 341 493 1
304 311 342 387 1
305 236 341 307 1
311 143 350 225 1
436 259 514 295 1
523 216 597 249 1
440 218 510 256 1
447 177 520 215 1
520 171 601 210 1
527 136 603 173 1
441 140 517 177 1
442 100 519 138 1
530 96 600 135 1
711 256 785 292 1
792 253 870 291 1
791 212 866 248 1
703 213 785 251 1
705 175 780 210 1
793 173 862 208 1
791 135 865 173 1
712 132 784 173 1
705 92 780 131 1
791 96 865 133 1
791 58 868 96 1
784 17 860 58 1
709 56 785 92 1
711 20 778 56 1
531 60 601 96 1
444 56 523 99 1
451 22 519 57 1
532 20 607 59 1
952 20 1025 58 1
960 60 1031 98 1
960 99 1034 138 1
962 140 1041 178 1
956 178 1031 217 1
961 218 1037 254 1
962 257 1033 293 1
975 296 1039 329 1
971 335 1036 371 1
519 546 596 581 1
304 675 347 719 1
437 669 523 703 1
528 666 606 702 1
528 626 600 659 1
441 629 518 662 1
444 707 518 719 1
530 707 610 719 1
709 662 785 698 1
799 659 881 695 1
806 700 883 719 1
973 696 1050 719 1
701 705 782 719 1
968 657 1049 693 1
966 615 1047 655 1
801 619 880 657 1
705 624 791 657 1
444 0 521 22 1
527 0 602 17 1
711 0 786 18 1
800 0 862 18 1
960 0 1034 18 1
1035 0 1074 41 1
1077 0 1113 38 1
1119 0 1153 36 1
1155 0 1188 43 1
