619 60 721 109 1
357 336 478 386 1
362 390 476 439 1
982 426 1074 478 1
742 223 833 265 1
726 165 838 213 1
736 106 849 157 1
741 54 834 104 1
968 375 1078 424 1
956 322 1080 370 1
950 267 1071 318 1
958 217 1068 265 1
973 165 1065 209 1
954 111 1064 160 1
942 58 1049 106 1
953 10 1054 53 1
370 172 478 216 1
365 123 477 168 1
608 7 716 58 1
724 6 837 52 1
732 275 838 320 1
590 219 721 272 1
604 277 723 325 1
599 337 722 383 1
727 330 853 380 1
731 385 851 438 1
729 448 846 495 1
618 451 728 498 1
356 17 466 71 1
245 21 355 72 1
0 28 118 87 1
0 144 116 199 1
0 205 109 256 1
0 319 122 370 1
0 378 114 430 1
0 436 103 486 1
228 337 351 391 1
237 399 357 446 1
325 455 443 502 1
0 0 119 26 1
251 0 351 18 1
371 0 473 16 1
1160 0 1255 41 1
1164 18 1252 98 1
1141 70 1246 160 1
1143 129 1245 224 1
1158 203 1251 288 1
1197 298 1268 360 1
1182 347 1279 428 1
1208 427 1279 508 1
1184 491 1279 566 1
1184 552 1279 628 1
