802 191 843 287 1
753 186 794 279 1
709 59 805 108 1
701 181 742 273 1
649 187 688 278 1
598 183 642 272 1
550 189 589 271 1
501 188 545 285 1
405 188 449 287 1
358 193 399 284 1
313 170 356 261 1
264 174 309 265 1
223 172 266 258 1
132 172 176 259 1
83 172 132 268 1
38 177 88 255 1
0 179 42 271 1
240 0 279 16 1
283 0 323 22 1
330 0 371 23 1
431 0 467 14 1
471 0 510 19 1
516 0 553 21 1
558 0 599 26 1
608 0 644 29 1
656 0 698 21 1
703 0 746 24 1
750 0 792 30 1
803 0 843 26 1
854 438 896 526 1
793 443 835 537 1
744 453 782 530 1
696 428 739 523 1
647 445 687 538 1
598 439 637 535 1
549 444 587 541 1
498 444 540 538 1
439 416 491 561 1
309 441 356 533 1
267 423 309 513 1
123 439 170 535 1
31 416 83 515 1
