1094 235 1172 270 1
889 248 927 333 1
897 131 937 221 1
898 32 943 120 1
693 100 766 135 1
696 141 772 177 1
699 183 774 219 1
698 225 767 261 1
693 267 767 302 1
694 306 768 344 1
682 349 761 386 1
684 394 761 424 1
681 431 764 467 1
681 475 758 509 1
676 514 763 547 1
669 558 752 593 1
507 490 578 543 1
506 447 584 497 1
510 402 579 452 1
514 188 587 240 1
345 289 413 334 1
364 334 421 388 1
361 384 424 434 1
349 427 415 481 1
338 472 418 530 1
338 519 414 571 1
352 574 421 621 1
336 613 411 668 1
332 672 423 719 1
355 245 422 290 1
363 196 425 240 1
356 136 433 195 1
359 85 430 143 1
353 40 436 101 1
362 3 439 57 1
695 0 776 19 1
