596 197 651 315 1
659 203 711 317 1
730 207 786 329 1
790 209 847 331 1
852 206 909 332 1
910 201 969 334 1
976 211 1033 324 1
1042 218 1101 339 1
1099 210 1159 313 1
1156 205 1219 331 1
1219 207 1279 319 1
1218 560 1279 692 1
1099 534 1165 670 1
977 539 1036 666 1
914 547 970 670 1
855 550 909 672 1
791 538 843 649 1
726 543 780 674 1
662 547 713 669 1
596 548 649 672 1
531 541 586 666 1
466 549 522 673 1
399 546 450 675 1
338 546 390 661 1
279 549 332 663 1
208 540 271 662 1
152 560 209 659 1
88 545 153 662 1
24 522 88 643 1
0 539 25 660 1
535 194 586 310 1
471 191 522 313 1
401 187 461 315 1
342 205 394 317 1
279 198 339 322 1
216 208 274 331 1
156 211 216 331 1
96 203 161 321 1
26 209 97 328 1
