840 10 875 80 1
841 87 881 168 1
826 310 863 391 1
819 417 856 493 1
809 512 846 589 1
809 614 849 698 1
640 14 718 56 1
635 0 712 18 1
630 55 704 94 1
624 94 696 129 1
615 133 692 174 1
620 181 695 215 1
642 222 702 255 1
626 257 699 300 1
620 339 692 378 1
606 386 682 425 1
613 549 678 588 1
595 667 675 709 1
419 583 499 639 1
428 505 503 555 1
450 250 525 302 1
451 207 521 259 1
453 90 529 140 1
452 48 532 91 1
468 7 536 50 1
311 0 375 32 1
295 26 370 78 1
294 67 377 125 1
288 114 367 172 1
287 164 373 223 1
280 210 364 266 1
281 250 355 304 1
278 310 358 361 1
277 354 359 409 1
268 401 348 456 1
264 436 345 498 1
266 495 348 541 1
264 537 346 597 1
259 595 337 641 1
257 640 340 689 1
256 688 335 719 1
