835 41 878 121 1
832 150 871 219 1
833 226 876 305 1
817 454 859 534 1
811 563 851 643 1
802 659 841 719 1
600 699 668 719 1
592 531 673 571 1
604 487 682 525 1
616 403 691 441 1
630 364 694 398 1
610 320 684 359 1
604 277 681 314 1
609 232 686 271 1
615 193 693 233 1
624 154 709 193 1
625 112 703 151 1
616 64 694 105 1
525 6 607 47 1
449 93 526 144 1
453 142 524 188 1
432 185 518 235 1
434 231 510 281 1
431 352 506 403 1
431 397 515 449 1
411 657 488 708 1
246 691 324 719 1
247 647 327 696 1
243 592 326 648 1
247 550 329 607 1
253 506 340 558 1
257 457 340 509 1
254 396 334 456 1
262 355 345 410 1
268 308 350 362 1
266 254 348 311 1
270 207 356 263 1
268 156 352 215 1
280 112 355 165 1
279 59 357 120 1
274 5 358 69 1
