643 295 719 335 1
638 341 718 379 1
634 243 721 287 1
635 375 734 422 1
640 213 700 249 1
724 194 758 281 1
728 287 766 365 1
639 174 704 209 1
412 134 477 171 1
395 174 482 213 1
406 219 489 255 1
410 260 479 294 1
405 300 488 337 1
390 348 465 381 1
384 389 473 432 1
368 501 464 548 1
255 522 330 593 1
379 573 470 615 1
381 610 467 651 1
377 653 469 694 1
892 605 931 688 1
853 485 935 523 1
859 446 933 480 1
856 406 935 440 1
853 364 931 404 1
856 323 935 361 1
843 285 922 324 1
841 242 922 281 1
838 205 919 239 1
832 163 910 199 1
848 118 929 158 1
852 78 916 113 1
850 38 930 80 1
836 0 915 36 1
715 22 751 103 1
720 107 751 183 1
401 93 482 130 1
382 43 475 88 1
376 7 459 40 1
617 2 697 39 1
621 43 700 82 1
635 70 713 118 1
632 125 704 165 1
849 632 884 704 1
806 638 850 719 1
770 647 808 719 1
731 645 767 719 1
685 654 722 719 1
649 662 683 719 1
608 656 643 719 1
564 662 602 719 1
524 676 560 719 1
