838 14 874 85 1
839 89 879 169 1
824 314 863 391 1
817 417 856 494 1
809 513 846 589 1
809 618 849 698 1
638 0 716 23 1
640 19 719 56 1
629 57 704 94 1
622 93 697 130 1
613 135 690 174 1
625 181 694 217 1
641 224 700 256 1
629 262 701 299 1
616 341 692 382 1
603 385 681 426 1
611 550 678 589 1
594 672 674 710 1
472 5 537 51 1
452 49 531 95 1
454 90 527 140 1
449 210 522 261 1
451 253 523 309 1
427 507 505 555 1
420 591 503 642 1
254 684 332 719 1
249 638 339 695 1
260 592 338 646 1
262 538 345 597 1
270 495 348 546 1
263 438 345 502 1
270 401 349 460 1
277 354 358 410 1
271 312 358 362 1
277 252 355 312 1
284 214 364 265 1
292 167 369 220 1
286 116 368 174 1
291 66 374 125 1
292 19 370 76 1
307 0 376 33 1
