847 248 889 338 1
762 527 810 620 1
753 254 796 341 1
705 254 747 354 1
658 263 698 343 1
672 512 716 611 1
961 511 1005 603 1
613 273 651 365 1
916 494 958 587 1
578 519 617 614 1
528 525 567 617 1
560 271 600 359 1
505 268 551 369 1
461 275 503 371 1
418 282 460 372 1
371 283 416 371 1
321 282 363 368 1
277 282 319 371 1
231 282 277 366 1
187 283 231 372 1
136 282 187 375 1
95 298 139 379 1
49 294 97 384 1
0 303 51 396 1
890 250 929 340 1
936 244 980 333 1
983 263 1028 352 1
1027 258 1075 351 1
1116 253 1161 345 1
1159 252 1204 326 1
1205 246 1257 324 1
1247 244 1279 333 1
917 137 1009 182 1
1081 471 1149 613 1
1135 496 1178 586 1
1177 491 1228 583 1
1221 483 1274 572 1
0 40 49 131 1
38 29 90 122 1
92 34 133 124 1
132 41 178 129 1
180 48 225 138 1
228 38 271 128 1
319 29 362 121 1
366 26 404 105 1
454 19 497 102 1
545 9 585 97 1
591 13 631 99 1
645 10 683 96 1
689 7 727 85 1
826 0 870 90 1
871 0 919 93 1
921 4 963 97 1
966 0 1009 80 1
1010 0 1054 86 1
1055 0 1100 92 1
1101 5 1146 87 1
1142 1 1185 91 1
1184 3 1232 90 1
1236 0 1279 81 1
482 531 522 622 1
431 525 473 608 1
383 532 430 624 1
340 534 382 623 1
293 537 335 625 1
245 533 291 624 1
200 544 248 634 1
152 541 197 637 1
107 547 153 630 1
66 549 107 636 1
10 546 63 639 1
0 563 14 637 1
