325 627 414 682 1
313 573 419 631 1
427 558 543 615 1
427 629 529 678 1
969 575 1066 668 1
298 521 398 573 1
933 519 1038 627 1
905 485 994 583 1
873 436 963 519 1
1169 384 1265 481 1
1121 343 1222 441 1
1089 298 1190 394 1
1053 257 1146 345 1
1020 218 1110 303 1
971 175 1068 265 1
925 128 1027 228 1
1141 180 1232 272 1
1102 132 1191 227 1
1059 89 1153 179 1
1022 85 1093 137 1
64 467 183 526 1
64 531 189 582 1
77 588 189 642 1
1039 609 1132 700 1
1077 658 1160 719 1
1228 501 1279 581 1
1205 432 1279 522 1
1176 217 1276 309 1
893 81 983 170 1
980 1 1073 88 1
537 88 639 191 1
445 7 555 105 1
404 0 499 74 1
12 162 76 267 1
0 171 32 282 1
320 682 416 719 1
75 640 192 697 1
0 647 58 703 1
0 591 71 644 1
0 537 63 591 1
0 476 65 531 1
1023 38 1112 133 1
