1129 137 1189 225 1
1078 135 1131 221 1
1038 134 1091 223 1
993 132 1049 221 1
802 125 857 205 1
758 128 810 217 1
714 124 762 202 1
640 11 684 121 1
640 0 681 12 1
698 0 740 16 1
799 0 838 12 1
846 0 890 22 1
894 0 936 21 1
940 0 987 25 1
986 0 1025 25 1
1030 0 1072 25 1
1073 0 1115 26 1
1120 0 1163 43 1
1163 0 1211 27 1
1213 0 1258 31 1
1253 0 1278 38 1
1197 312 1253 398 1
1148 315 1203 405 1
988 306 1053 408 1
931 317 987 411 1
884 316 939 405 1
822 321 883 406 1
728 316 783 399 1
672 299 725 381 1
616 311 669 395 1
559 303 615 393 1
509 289 569 381 1
553 691 646 719 1
