815 57 849 143 1
811 164 849 249 1
805 260 842 343 1
808 366 845 453 1
834 546 892 632 1
1005 673 1080 715 1
802 587 840 666 1
595 680 670 717 1
594 637 670 677 1
600 598 668 633 1
593 555 667 593 1
409 647 485 702 1
253 653 322 708 1
250 597 331 655 1
239 545 323 605 1
242 500 328 566 1
246 459 331 517 1
246 409 334 464 1
260 362 332 415 1
251 308 337 365 1
254 260 333 314 1
247 207 329 266 1
253 167 332 221 1
256 122 341 175 1
253 75 340 130 1
255 16 334 71 1
275 0 340 30 1
432 9 508 64 1
426 0 495 23 1
610 10 682 52 1
606 93 677 132 1
593 138 668 179 1
607 309 671 343 1
595 434 676 471 1
414 348 497 407 1
417 265 495 321 1
