468 303 519 406 1
474 414 522 523 1
596 286 638 382 1
662 526 720 617 1
609 535 668 634 1
558 529 608 617 1
657 291 702 396 1
717 295 761 403 1
768 287 814 395 1
820 298 872 399 1
873 292 918 397 1
927 297 971 394 1
973 289 1019 391 1
518 68 625 118 1
659 70 760 116 1
784 73 877 120 1
963 83 1061 130 1
270 78 375 125 1
167 75 270 121 1
538 291 585 400 1
879 522 941 622 1
933 523 992 621 1
977 518 1038 614 1
1038 523 1100 619 1
1028 307 1073 409 1
1077 293 1127 392 1
1130 298 1178 394 1
1177 303 1226 397 1
1229 304 1279 418 1
