599 109 707 155 1
162 266 279 317 1
463 44 565 94 1
599 48 715 100 1
955 279 1063 326 1
961 333 1061 381 1
954 384 1060 433 1
838 381 945 430 1
944 435 1054 485 1
442 168 558 218 1
55 88 165 140 1
852 109 949 166 1
956 121 1069 171 1
967 176 1062 227 1
845 165 963 219 1
847 217 953 267 1
841 272 952 322 1
834 483 945 537 1
932 543 1043 594 1
936 599 1046 652 1
1154 599 1279 657 1
1260 497 1279 542 1
1165 397 1279 448 1
1166 346 1279 393 1
1172 241 1279 291 1
1171 144 1279 197 1
1177 94 1279 141 1
1185 45 1279 94 1
1175 0 1279 42 1
967 27 1068 81 1
962 0 1071 30 1
850 0 960 19 1
866 17 952 68 1
598 0 711 45 1
826 703 931 719 1
939 706 1051 719 1
143 493 262 545 1
14 607 128 661 1
0 667 107 719 1
