1068 401 1143 438 1
861 420 900 499 1
872 0 911 67 1
879 89 915 176 1
874 200 911 288 1
870 305 908 387 1
678 28 740 68 1
666 152 746 190 1
664 273 736 309 1
669 316 742 350 1
664 357 742 390 1
666 399 743 434 1
661 441 738 474 1
657 481 740 516 1
654 521 734 556 1
654 562 733 602 1
654 605 731 641 1
650 648 728 682 1
650 684 732 719 1
484 363 559 418 1
486 70 566 127 1
488 0 568 39 1
480 578 553 630 1
475 624 557 672 1
474 664 550 716 1
310 690 382 719 1
313 648 388 701 1
316 601 385 653 1
325 561 392 610 1
325 510 391 563 1
312 464 385 511 1
320 416 391 466 1
328 369 394 420 1
327 315 404 373 1
313 261 400 323 1
318 216 400 278 1
327 178 406 234 1
325 125 409 185 1
325 85 406 137 1
340 31 411 86 1
332 0 413 34 1
