927 11 1020 89 1
624 143 710 183 1
610 196 718 248 1
616 422 709 472 1
615 478 715 525 1
612 537 712 588 1
617 601 719 652 1
494 603 598 650 1
497 552 609 596 1
506 499 599 546 1
502 439 611 483 1
489 336 595 388 1
485 285 594 334 1
487 238 592 282 1
487 187 594 230 1
500 138 597 182 1
505 85 605 131 1
257 116 365 166 1
144 83 255 139 1
254 217 364 264 1
262 265 364 313 1
282 317 372 366 1
259 373 375 421 1
275 433 363 482 1
266 499 370 541 1
267 548 373 596 1
269 603 385 648 1
165 548 263 601 1
146 487 261 536 1
164 435 264 477 1
152 387 258 436 1
147 286 255 329 1
149 235 254 278 1
0 337 49 382 1
0 391 40 433 1
0 445 44 496 1
0 502 44 545 1
0 550 38 600 1
0 606 51 655 1
0 246 38 292 1
0 190 43 234 1
0 89 30 139 1
0 40 33 88 1
