681 200 801 252 1
696 257 810 307 1
696 317 814 368 1
692 382 808 440 1
702 443 796 494 1
563 446 689 501 1
0 481 54 531 1
316 309 437 361 1
305 250 434 300 1
209 192 326 245 1
329 141 449 193 1
218 85 326 137 1
341 88 454 139 1
344 36 454 87 1
341 0 460 36 1
221 0 338 33 1
318 428 446 483 1
201 427 320 478 1
177 490 305 545 1
319 496 438 548 1
557 504 679 559 1
683 510 809 563 1
567 312 687 366 1
700 145 810 195 1
579 96 702 151 1
579 44 692 96 1
703 37 818 96 1
715 93 808 142 1
703 0 815 36 1
940 0 1050 29 1
941 27 1047 83 1
1069 52 1169 107 1
1073 109 1169 161 1
947 82 1058 134 1
956 128 1057 185 1
948 180 1060 235 1
935 237 1054 287 1
944 292 1060 344 1
933 344 1051 397 1
940 397 1043 446 1
953 459 1043 499 1
932 507 1042 561 1
1052 518 1165 567 1
1066 223 1183 275 1
1073 296 1178 345 1
1067 351 1175 404 1
