631 107 690 237 1
695 109 754 223 1
571 119 622 221 1
701 470 761 601 1
580 445 628 584 1
508 127 560 247 1
441 125 492 239 1
373 120 427 251 1
314 130 369 253 1
255 137 310 252 1
199 138 252 252 1
130 138 188 245 1
73 134 130 245 1
11 132 72 243 1
0 137 14 245 1
820 104 877 219 1
880 109 936 224 1
943 103 1001 219 1
1005 130 1064 247 1
1066 125 1132 245 1
1180 125 1248 240 1
1236 124 1279 222 1
1209 446 1271 570 1
1138 412 1233 603 1
963 458 1023 581 1
906 436 960 558 1
448 454 504 583 1
383 462 435 586 1
322 466 377 587 1
258 457 311 566 1
192 463 253 588 1
136 466 192 584 1
66 469 133 585 1
3 464 76 588 1
