614 257 657 333 1
717 273 750 350 1
761 277 790 351 1
799 272 832 351 1
837 273 873 353 1
876 269 910 348 1
915 274 946 345 1
952 286 987 359 1
988 285 1025 360 1
1027 279 1062 357 1
1063 282 1099 357 1
1101 282 1138 355 1
1137 285 1174 355 1
1175 280 1212 357 1
1212 283 1250 357 1
1250 291 1279 366 1
1247 460 1279 539 1
1204 458 1244 539 1
1166 458 1206 535 1
1134 469 1167 539 1
1097 451 1134 528 1
1054 462 1092 538 1
1020 469 1053 541 1
981 465 1017 538 1
942 477 978 546 1
907 470 943 541 1
871 463 906 537 1
790 474 824 553 1
828 470 864 547 1
748 463 786 542 1
706 460 744 542 1
696 560 774 595 1
697 599 775 634 1
700 637 780 673 1
700 676 781 710 1
698 713 782 719 1
548 467 581 543 1
548 559 581 638 1
505 558 538 633 1
509 475 543 550 1
469 471 501 548 1
426 461 460 538 1
389 468 422 545 1
349 468 385 540 1
309 464 344 541 1
271 466 306 537 1
234 460 269 532 1
198 461 233 532 1
154 461 193 535 1
115 459 155 540 1
79 463 118 538 1
38 462 82 538 1
6 459 43 532 1
0 461 7 530 1
467 559 500 636 1
429 557 460 627 1
386 555 424 634 1
347 557 377 630 1
309 546 342 624 1
271 541 304 616 1
230 546 268 622 1
193 551 229 623 1
157 549 191 623 1
115 546 155 623 1
75 547 116 623 1
33 545 76 623 1
0 544 38 621 1
552 284 585 361 1
512 282 546 365 1
472 287 506 361 1
432 286 465 362 1
394 277 429 353 1
356 272 392 352 1
315 279 351 351 1
276 289 311 361 1
238 282 273 360 1
199 284 235 359 1
160 286 198 364 1
118 282 159 361 1
84 285 122 361 1
48 287 85 361 1
8 283 48 361 1
0 282 10 360 1
1225 120 1265 186 1
1191 118 1225 191 1
1154 114 1191 194 1
1119 117 1154 183 1
1079 107 1112 174 1
1039 98 1073 172 1
1004 97 1037 173 1
965 89 1003 174 1
928 97 965 175 1
890 100 923 172 1
852 92 886 167 1
779 96 814 174 1
738 93 773 168 1
696 88 727 157 1
653 76 690 162 1
613 81 647 164 1
579 84 611 162 1
538 83 574 162 1
498 88 531 165 1
454 91 493 167 1
417 78 453 153 1
379 84 414 161 1
341 80 377 158 1
300 77 337 151 1
262 78 295 152 1
225 84 258 154 1
190 88 223 158 1
150 107 186 172 1
108 87 149 164 1
72 99 107 171 1
33 85 71 158 1
0 79 31 169 1
