1038 423 1113 460 1
839 328 876 415 1
832 446 868 528 1
843 228 880 311 1
843 117 882 200 1
838 12 876 92 1
643 58 707 98 1
635 179 713 220 1
633 302 707 337 1
636 346 711 381 1
635 385 713 422 1
637 428 711 463 1
632 470 710 501 1
630 509 711 543 1
456 19 533 75 1
453 101 537 157 1
455 394 527 450 1
450 610 526 661 1
450 649 527 702 1
451 693 524 719 1
299 17 380 70 1
305 0 375 24 1
298 62 380 120 1
290 115 375 164 1
293 156 379 218 1
294 208 375 267 1
289 251 371 310 1
282 293 368 354 1
295 345 376 403 1
296 398 368 449 1
287 446 365 497 1
287 493 357 540 1
287 540 364 590 1
297 589 367 638 1
293 632 361 684 1
287 678 363 719 1
626 550 704 585 1
627 590 703 626 1
625 631 704 666 1
623 672 697 707 1
