474 328 539 438 1
1007 253 1064 344 1
1064 230 1129 356 1
504 217 601 263 1
359 361 421 480 1
298 376 361 490 1
131 394 188 500 1
413 349 466 441 1
194 395 244 472 1
432 64 492 179 1
378 66 433 184 1
315 74 375 190 1
952 248 1006 332 1
834 271 895 368 1
771 294 838 389 1
1153 589 1244 704 1
1204 621 1279 718 1
802 659 870 719 1
1123 231 1185 341 1
1179 207 1250 306 1
1241 203 1279 299 1
261 94 323 193 1
210 115 267 209 1
144 125 215 232 1
97 159 153 250 1
34 134 103 252 1
0 146 46 254 1
24 17 82 121 1
0 33 24 135 1
80 12 141 113 1
134 0 200 105 1
187 0 250 93 1
247 0 312 81 1
308 0 361 65 1
360 0 417 61 1
425 0 472 26 1
664 29 721 130 1
725 16 788 133 1
788 1 847 111 1
845 0 906 94 1
901 0 961 94 1
955 0 1025 88 1
1017 0 1081 88 1
1073 0 1139 74 1
1135 0 1196 66 1
1196 0 1255 73 1
