541 0 579 34 1
615 0 648 34 1
675 0 710 32 1
736 0 769 26 1
793 0 830 33 1
859 0 895 32 1
918 0 950 27 1
1029 0 1067 40 1
1090 0 1132 38 1
1139 0 1187 42 1
1188 0 1221 33 1
1227 0 1263 33 1
1262 0 1279 41 1
1095 72 1167 121 1
1095 134 1139 216 1
1137 138 1176 216 1
1176 142 1217 216 1
1217 142 1259 220 1
1254 138 1279 216 1
1020 140 1056 217 1
977 136 1016 211 1
938 129 977 207 1
897 129 935 208 1
858 137 895 218 1
816 129 852 214 1
775 129 813 211 1
731 139 766 219 1
1258 232 1279 310 1
1220 234 1265 309 1
1178 223 1220 306 1
1139 225 1181 307 1
1101 232 1140 303 1
1062 225 1101 306 1
1023 229 1061 304 1
982 223 1021 307 1
944 230 979 309 1
901 223 939 307 1
859 229 896 312 1
815 217 855 304 1
777 220 816 303 1
731 223 766 303 1
731 414 768 494 1
775 414 812 485 1
818 415 857 496 1
860 418 894 486 1
516 92 599 131 1
511 155 592 194 1
520 269 599 308 1
514 394 603 431 1
516 453 608 489 1
514 515 598 552 1
675 519 745 594 1
537 579 617 614 1
823 502 859 575 1
862 502 899 584 1
904 506 942 587 1
944 510 981 583 1
984 506 1022 580 1
1024 500 1065 582 1
1065 504 1102 580 1
1105 500 1142 581 1
1146 508 1183 582 1
1184 507 1222 575 1
1222 500 1263 575 1
1263 501 1279 578 1
900 408 939 493 1
942 406 981 495 1
983 415 1020 496 1
1020 412 1062 493 1
1061 410 1103 491 1
1102 414 1140 493 1
1140 416 1183 492 1
1181 409 1227 494 1
1222 409 1263 483 1
1259 407 1279 485 1
1263 674 1279 719 1
1223 674 1268 719 1
1183 674 1224 719 1
1137 680 1181 719 1
1100 682 1143 719 1
1059 680 1099 719 1
1017 674 1059 719 1
975 676 1018 719 1
937 678 973 719 1
897 686 938 719 1
