663 397 739 465 1
659 451 758 525 1
667 515 751 586 1
654 568 750 647 1
668 644 766 719 1
466 340 565 379 1
469 391 572 436 1
470 445 575 487 1
465 493 574 535 1
470 542 570 585 1
472 591 585 645 1
482 643 581 689 1
253 696 359 719 1
247 645 349 696 1
253 598 340 646 1
233 549 345 594 1
124 553 228 600 1
137 604 235 645 1
138 652 244 700 1
145 699 245 719 1
248 498 338 539 1
134 499 243 538 1
136 451 242 494 1
244 452 332 496 1
237 403 345 446 1
241 348 351 391 1
127 350 232 393 1
116 402 230 452 1
568 75 669 119 1
558 14 658 65 1
453 27 559 73 1
445 73 551 124 1
457 0 557 20 1
228 27 334 74 1
226 79 339 127 1
120 28 228 77 1
112 0 226 24 1
224 0 332 25 1
0 352 26 400 1
0 402 35 451 1
0 460 33 503 1
0 563 29 603 1
0 608 30 647 1
0 655 26 705 1
