287 323 348 438 1
346 305 399 425 1
465 281 530 391 1
120 336 172 435 1
998 206 1055 297 1
1055 183 1120 309 1
1115 186 1177 301 1
1172 163 1239 262 1
1231 162 1279 261 1
426 14 483 127 1
450 166 542 218 1
367 14 426 135 1
308 22 369 137 1
253 38 309 142 1
200 62 258 154 1
139 68 206 177 1
90 104 148 194 1
29 77 96 198 1
0 94 39 196 1
14 0 76 65 1
68 0 135 59 1
132 0 187 50 1
190 0 243 38 1
249 0 302 32 1
658 0 715 84 1
720 0 779 86 1
786 0 838 67 1
843 0 896 53 1
903 0 957 48 1
960 0 1017 44 1
1019 0 1077 42 1
1075 0 1131 31 1
763 618 856 719 1
839 666 903 719 1
1140 552 1223 668 1
1192 585 1279 688 1
1244 625 1279 714 1
