738 383 774 461 1
741 301 778 380 1
518 658 600 694 1
525 599 612 634 1
526 543 612 578 1
527 309 608 346 1
532 424 610 460 1
784 293 821 374 1
545 105 598 185 1
535 247 615 284 1
730 566 766 643 1
822 292 860 377 1
784 382 818 461 1
819 379 857 463 1
860 390 896 471 1
863 301 901 380 1
903 292 940 373 1
900 385 939 468 1
939 393 978 472 1
942 296 979 372 1
978 303 1015 375 1
1018 307 1055 381 1
977 387 1016 469 1
1017 393 1055 464 1
1056 390 1092 468 1
1093 397 1129 466 1
1130 391 1169 469 1
1169 393 1205 466 1
1206 402 1245 475 1
1241 401 1279 473 1
1133 480 1209 516 1
1240 309 1279 383 1
1204 314 1244 387 1
1167 312 1204 382 1
1130 305 1167 380 1
1091 303 1132 380 1
629 106 666 189 1
692 103 729 188 1
752 102 787 182 1
809 113 846 194 1
872 118 909 194 1
927 119 962 189 1
1038 135 1073 207 1
1093 133 1135 208 1
1139 134 1185 213 1
1180 129 1219 204 1
1218 131 1257 206 1
1255 141 1279 217 1
1237 570 1279 645 1
1234 656 1279 719 1
1196 656 1234 719 1
1199 569 1237 643 1
1160 570 1202 650 1
1160 661 1196 719 1
1123 576 1161 645 1
1121 662 1160 719 1
1084 570 1123 647 1
1081 653 1120 719 1
1048 567 1085 645 1
1008 569 1046 646 1
1048 656 1082 719 1
1008 652 1048 719 1
970 572 1008 646 1
931 560 970 645 1
969 656 1006 719 1
892 653 928 719 1
929 660 967 719 1
890 566 929 641 1
852 572 885 636 1
814 569 850 646 1
772 566 807 633 1
852 652 889 719 1
815 651 851 719 1
