560 169 627 234 1
529 192 600 261 1
634 355 704 427 1
444 287 515 358 1
463 136 530 199 1
319 26 391 96 1
227 109 297 171 1
91 235 169 304 1
466 253 541 328 1
501 227 568 294 1
406 315 482 386 1
180 588 255 654 1
91 514 168 586 1
487 103 562 173 1
585 132 660 207 1
338 247 411 320 1
369 218 438 290 1
403 193 468 260 1
435 165 502 236 1
186 149 259 219 1
139 193 215 268 1
51 279 133 354 1
7 329 93 400 1
0 405 43 446 1
321 284 388 354 1
382 348 456 420 1
341 369 418 447 1
284 311 356 386 1
257 340 327 411 1
319 403 392 473 1
292 438 361 508 1
232 379 302 450 1
48 463 125 538 1
269 664 339 719 1
343 702 384 719 1
505 667 592 712 1
360 0 431 51 1
429 0 470 19 1
528 0 586 33 1
727 391 798 458 1
699 415 769 487 1
669 451 738 517 1
605 390 675 461 1
663 326 734 396 1
570 412 645 489 1
539 445 614 523 1
515 483 577 544 1
644 483 710 547 1
612 512 684 578 1
576 538 652 608 1
549 564 614 627 1
484 510 555 580 1
455 539 516 600 1
425 568 495 634 1
521 74 590 143 1
554 50 620 116 1
584 21 653 90 1
606 0 677 59 1
649 0 707 34 1
701 22 770 88 1
679 53 748 118 1
650 83 722 152 1
614 104 686 177 1
606 219 681 295 1
732 0 803 70 1
694 299 763 371 1
724 271 792 336 1
747 237 823 312 1
778 208 844 279 1
805 179 872 248 1
831 150 897 214 1
864 129 925 192 1
893 101 961 168 1
914 73 982 140 1
941 43 1011 114 1
971 18 1037 86 1
992 0 1065 58 1
1030 0 1088 35 1
1080 0 1111 12 1
756 358 826 429 1
794 330 859 401 1
819 303 880 367 1
841 272 907 337 1
871 238 935 309 1
898 216 962 283 1
925 188 986 253 1
952 161 1014 227 1
976 129 1044 202 1
1005 106 1071 178 1
1032 77 1095 146 1
1053 49 1118 120 1
1076 25 1139 93 1
1106 1 1166 65 1
1133 0 1194 37 1
1184 0 1216 13 1
766 0 826 39 1
814 0 860 17 1
736 638 808 702 1
760 603 826 669 1
790 572 862 645 1
819 540 886 605 1
852 513 920 587 1
884 488 947 550 1
909 457 975 524 1
935 422 997 487 1
960 394 1032 464 1
987 361 1051 428 1
1013 341 1083 407 1
1044 313 1111 379 1
1067 284 1134 352 1
1092 249 1161 317 1
1117 230 1182 297 1
1146 202 1216 270 1
1172 174 1237 241 1
1196 145 1272 215 1
1217 122 1279 181 1
1248 100 1279 149 1
1265 70 1279 102 1
