798 487 839 580 1
744 498 792 600 1
690 481 734 592 1
738 289 834 331 1
279 274 382 317 1
641 492 682 583 1
592 488 636 587 1
443 481 483 578 1
487 485 528 581 1
538 490 583 608 1
892 505 931 562 1
842 488 885 581 1
938 487 980 579 1
985 497 1026 584 1
1030 484 1075 584 1
1079 493 1119 585 1
1121 507 1167 578 1
1168 497 1217 582 1
1214 499 1265 593 1
1264 491 1279 586 1
1106 297 1192 344 1
846 294 944 342 1
109 265 204 309 1
0 263 97 305 1
385 474 430 575 1
336 490 380 584 1
288 469 332 571 1
241 474 283 571 1
189 471 237 571 1
138 476 188 571 1
88 468 141 568 1
38 474 89 575 1
0 468 35 562 1
0 682 36 719 1
196 684 248 719 1
249 688 295 719 1
290 689 338 719 1
346 690 397 719 1
600 695 645 719 1
699 691 741 719 1
755 698 796 719 1
945 703 986 719 1
994 696 1036 719 1
1139 701 1185 719 1
1187 700 1235 719 1
1231 695 1279 719 1
