939 369 1012 406 1
937 407 1012 445 1
936 446 1013 484 1
941 485 1014 523 1
937 526 1013 559 1
933 563 1009 599 1
931 608 997 638 1
922 647 991 680 1
835 648 913 685 1
847 603 920 640 1
844 562 920 595 1
844 523 914 557 1
851 481 926 518 1
856 441 927 475 1
856 403 928 437 1
670 266 739 302 1
581 265 648 302 1
677 308 745 342 1
576 301 653 337 1
577 339 655 378 1
421 180 485 213 1
407 217 480 253 1
400 254 480 291 1
395 295 472 330 1
396 332 470 369 1
392 371 462 406 1
394 411 467 448 1
854 363 930 398 1
665 228 744 262 1
674 188 747 224 1
582 225 657 262 1
673 346 742 380 1
670 386 749 421 1
670 427 745 462 1
582 384 652 415 1
668 465 742 502 1
666 506 739 540 1
659 542 738 577 1
652 583 729 621 1
661 624 725 657 1
398 455 469 490 1
398 494 464 530 1
388 532 462 567 1
385 570 460 603 1
395 611 468 645 1
384 648 456 684 1
383 687 458 719 1
564 695 637 719 1
648 699 728 719 1
654 658 728 695 1
568 659 638 692 1
570 622 652 658 1
571 578 648 615 1
568 541 644 576 1
583 502 651 536 1
574 462 653 498 1
586 425 659 459 1
343 465 378 543 1
346 552 378 625 1
296 638 369 675 1
296 678 375 718 1
156 581 194 656 1
156 669 195 719 1
412 143 493 177 1
588 187 665 223 1
589 147 663 186 1
673 150 751 187 1
683 112 752 148 1
583 108 655 144 1
686 75 752 110 1
602 73 674 107 1
679 41 753 74 1
684 1 755 38 1
595 0 667 34 1
592 34 665 70 1
430 0 497 29 1
424 31 486 66 1
422 68 493 103 1
405 103 477 137 1
243 122 317 160 1
258 160 325 193 1
844 326 915 358 1
936 327 1010 364 1
938 291 997 323 1
853 286 922 318 1
934 247 1011 284 1
848 246 915 280 1
932 212 1007 247 1
855 211 917 243 1
929 173 999 207 1
852 169 920 205 1
930 133 1006 170 1
849 133 926 167 1
937 100 1014 133 1
849 94 924 129 1
855 58 934 94 1
938 63 1006 97 1
939 23 1006 60 1
944 0 1004 24 1
858 0 929 24 1
862 23 922 56 1
1124 0 1183 31 1
1120 35 1197 70 1
1117 75 1195 111 1
1101 109 1187 147 1
1106 147 1175 180 1
1106 180 1180 215 1
1116 221 1180 256 1
1111 260 1188 293 1
1120 299 1196 333 1
1121 333 1190 368 1
1111 371 1188 400 1
1108 407 1193 442 1
1113 447 1188 481 1
1109 483 1188 518 1
1109 521 1177 556 1
1102 559 1177 594 1
1099 597 1179 632 1
1099 632 1178 672 1
1102 676 1175 714 1
