375 335 417 425 1
419 339 461 429 1
469 335 510 423 1
518 355 558 449 1
565 352 610 447 1
801 88 843 177 1
946 341 993 432 1
901 340 945 429 1
857 336 896 427 1
804 345 849 435 1
759 343 800 430 1
713 350 749 427 1
664 349 704 445 1
1002 574 1047 662 1
945 582 987 675 1
901 594 938 671 1
854 573 898 668 1
809 592 849 682 1
715 591 752 689 1
432 583 475 675 1
287 339 330 425 1
286 604 335 698 1
241 340 284 436 1
664 597 704 689 1
761 587 800 682 1
614 571 657 719 1
463 502 544 586 1
200 583 245 684 1
108 585 155 680 1
60 594 108 684 1
13 594 65 684 1
0 584 16 668 1
197 346 240 422 1
153 352 196 443 1
107 348 148 433 1
56 345 104 438 1
14 349 59 440 1
0 353 15 440 1
843 78 885 177 1
890 92 931 182 1
936 97 977 176 1
977 73 1023 158 1
752 97 789 185 1
706 95 743 183 1
663 96 699 178 1
617 86 657 179 1
573 87 611 171 1
525 71 565 166 1
475 90 513 186 1
428 88 468 182 1
384 84 424 177 1
247 93 290 172 1
204 96 244 180 1
151 98 198 183 1
110 90 156 181 1
18 99 71 179 1
