568 255 601 332 1
612 259 641 333 1
650 254 683 333 1
688 255 724 335 1
727 251 761 330 1
679 452 715 529 1
548 581 626 616 1
551 619 631 655 1
551 658 632 692 1
358 453 393 530 1
397 448 432 523 1
396 540 430 619 1
354 537 389 613 1
404 266 440 345 1
723 448 756 525 1
638 458 671 535 1
597 447 633 524 1
554 442 593 523 1
545 542 619 580 1
546 695 620 719 1
320 450 357 527 1
318 538 353 614 1
282 532 314 606 1
241 532 279 609 1
759 457 794 529 1
797 465 831 527 1
835 451 871 528 1
874 457 909 529 1
911 450 950 526 1
953 438 991 516 1
991 456 1026 533 1
1027 446 1063 522 1
1064 447 1100 517 1
1104 448 1144 519 1
1142 451 1177 516 1
1178 447 1215 515 1
1217 444 1251 511 1
1251 445 1279 511 1
770 257 802 329 1
805 270 843 345 1
846 269 883 345 1
884 264 921 340 1
923 266 958 340 1
959 267 998 341 1
1000 270 1034 342 1
1035 266 1072 343 1
1072 269 1109 344 1
1109 278 1151 352 1
1150 274 1184 347 1
1185 282 1227 353 1
1223 274 1260 342 1
1256 272 1279 344 1
1240 103 1279 177 1
1201 99 1241 177 1
1163 96 1202 176 1
1086 106 1122 171 1
1051 100 1086 177 1
1016 100 1054 178 1
980 102 1016 168 1
941 91 971 157 1
899 84 933 155 1
863 81 896 156 1
824 74 859 156 1
788 81 823 158 1
749 84 782 158 1
709 75 742 151 1
632 80 669 157 1
593 77 628 152 1
551 73 584 141 1
507 61 545 147 1
468 66 504 145 1
435 69 467 147 1
433 205 491 275 1
395 68 432 145 1
356 73 392 152 1
367 264 401 346 1
326 270 361 342 1
313 77 352 153 1
277 63 315 139 1
240 68 277 146 1
203 65 241 142 1
165 63 201 137 1
126 63 161 136 1
89 66 124 137 1
51 71 89 143 1
10 87 49 154 1
0 68 11 145 1
288 269 324 343 1
251 261 289 335 1
215 255 250 332 1
175 262 212 332 1
135 273 175 340 1
98 265 135 339 1
61 265 98 340 1
19 268 60 341 1
0 263 21 342 1
279 442 315 519 1
244 447 280 524 1
204 445 242 517 1
164 443 205 516 1
128 446 164 517 1
91 438 128 509 1
55 440 93 509 1
7 438 53 511 1
0 438 17 512 1
201 536 236 605 1
163 524 201 600 1
128 521 164 593 1
86 524 128 598 1
48 530 89 600 1
10 527 51 599 1
0 524 11 602 1
0 703 35 719 1
40 706 74 719 1
195 708 230 719 1
