775 52 818 140 1
776 152 812 236 1
767 290 802 374 1
759 400 794 469 1
763 472 801 555 1
541 317 621 358 1
551 366 632 401 1
555 410 632 443 1
544 450 622 487 1
538 489 611 530 1
530 532 608 569 1
539 573 612 611 1
556 618 618 652 1
542 657 619 694 1
454 259 533 297 1
329 105 416 147 1
222 134 297 187 1
222 178 303 235 1
220 224 295 283 1
204 268 285 324 1
208 322 284 379 1
201 370 279 424 1
208 421 280 470 1
200 462 283 518 1
190 512 274 569 1
191 565 279 619 1
193 610 268 664 1
178 652 265 708 1
361 609 436 658 1
362 652 439 699 1
363 486 442 534 1
360 442 445 489 1
380 399 451 444 1
376 349 459 399 1
