632 160 699 226 1
648 288 715 353 1
577 214 638 279 1
410 117 482 185 1
348 53 416 118 1
211 324 283 393 1
775 418 841 487 1
745 446 806 510 1
801 501 873 573 1
835 477 902 543 1
199 197 267 262 1
237 298 307 367 1
268 269 336 336 1
289 235 363 303 1
371 18 434 83 1
228 169 296 236 1
171 225 235 291 1
141 253 210 322 1
116 286 183 353 1
173 358 254 428 1
149 380 222 449 1
827 362 896 430 1
413 365 482 432 1
385 390 456 465 1
489 438 550 504 1
456 460 523 529 1
428 492 485 553 1
358 420 422 489 1
401 522 466 585 1
332 452 392 516 1
310 488 376 555 1
286 515 354 584 1
375 552 447 619 1
349 580 415 642 1
260 545 318 605 1
223 563 293 636 1
626 570 692 634 1
320 605 388 674 1
703 225 766 289 1
735 198 796 260 1
607 186 671 253 1
551 243 618 314 1
613 307 683 380 1
439 81 504 145 1
471 59 537 127 1
502 26 565 93 1
521 0 587 63 1
401 0 469 57 1
436 0 499 28 1
554 0 617 41 1
216 0 276 34 1
30 138 106 207 1
0 202 39 260 1
193 102 259 162 1
70 575 145 643 1
126 406 189 474 1
87 316 158 384 1
60 344 119 408 1
28 371 91 437 1
0 399 55 457 1
0 441 36 497 1
92 432 158 501 1
61 461 128 527 1
29 488 98 553 1
4 520 73 589 1
0 548 41 614 1
0 607 18 642 1
464 304 538 376 1
481 241 546 302 1
664 132 732 197 1
689 104 754 171 1
713 75 781 139 1
740 48 805 111 1
770 24 836 87 1
793 0 860 62 1
690 0 754 62 1
821 0 883 34 1
872 0 915 22 1
975 0 1023 28 1
931 0 992 52 1
909 12 967 71 1
754 168 821 233 1
777 135 846 202 1
804 105 871 171 1
830 80 893 149 1
854 53 919 123 1
882 30 946 98 1
205 608 269 677 1
290 632 354 695 1
264 664 335 719 1
239 695 288 719 1
174 629 239 699 1
144 659 215 719 1
113 691 169 719 1
785 276 852 337 1
853 330 922 400 1
876 298 941 364 1
903 272 968 339 1
926 244 995 314 1
958 219 1020 277 1
1026 278 1085 345 1
1022 144 1091 211 1
1057 121 1121 181 1
1075 93 1146 158 1
1100 66 1161 124 1
1129 42 1194 108 1
1157 16 1220 73 1
1180 0 1246 49 1
1224 0 1275 27 1
1264 20 1279 57 1
1238 46 1279 104 1
1211 74 1279 138 1
1192 104 1259 162 1
1167 127 1237 191 1
1140 150 1206 218 1
1115 181 1170 235 1
992 308 1051 373 1
967 337 1030 404 1
941 363 1007 428 1
920 393 982 457 1
890 425 960 491 1
858 446 923 510 1
1260 272 1279 307 1
1238 296 1279 362 1
1215 322 1279 387 1
1189 356 1255 416 1
1167 383 1226 441 1
1122 439 1185 499 1
1097 465 1163 534 1
1066 489 1136 559 1
1047 523 1110 586 1
1022 549 1088 614 1
990 575 1056 637 1
972 602 1034 665 1
946 635 1010 700 1
915 662 984 719 1
898 695 940 719 1
691 630 753 695 1
661 657 726 719 1
597 602 666 667 1
635 689 684 719 1
573 626 641 698 1
542 658 605 719 1
509 675 574 719 1
484 707 516 719 1
605 707 632 719 1
