525 409 608 448 1
711 489 779 526 1
803 527 883 565 1
803 568 882 605 1
709 448 790 485 1
444 410 519 445 1
443 369 521 409 1
306 583 348 667 1
312 502 352 576 1
808 486 882 522 1
441 329 520 365 1
529 327 608 361 1
530 369 609 403 1
439 290 509 326 1
530 246 609 284 1
448 250 525 287 1
311 411 350 482 1
307 317 347 403 1
311 223 348 298 1
310 151 346 223 1
526 286 607 323 1
713 405 788 440 1
805 404 878 439 1
796 446 882 480 1
708 530 794 566 1
521 452 597 488 1
435 454 515 488 1
444 494 521 531 1
529 493 607 527 1
712 570 788 607 1
810 608 886 646 1
807 648 883 685 1
803 690 879 719 1
706 614 787 651 1
711 657 787 690 1
708 694 795 719 1
312 678 351 719 1
449 701 526 719 1
536 697 622 719 1
536 655 604 691 1
447 655 528 698 1
532 618 611 651 1
449 616 523 652 1
444 576 525 612 1
528 575 608 611 1
530 535 602 566 1
440 534 522 569 1
318 56 353 137 1
452 207 518 242 1
531 206 606 242 1
715 365 793 399 1
810 366 882 396 1
972 684 1050 719 1
973 642 1053 683 1
977 603 1053 639 1
805 321 885 357 1
970 564 1051 602 1
967 525 1048 562 1
974 481 1054 519 1
978 446 1050 478 1
970 401 1051 439 1
971 366 1052 398 1
970 323 1053 359 1
717 324 790 361 1
966 282 1048 318 1
798 281 876 318 1
709 285 785 320 1
714 246 787 280 1
797 240 872 276 1
970 244 1035 280 1
973 205 1038 240 1
961 166 1033 203 1
961 127 1036 166 1
955 91 1028 127 1
960 52 1039 90 1
793 204 867 240 1
710 204 788 239 1
440 169 517 206 1
526 163 600 200 1
711 164 788 203 1
794 162 869 200 1
789 120 863 161 1
705 121 785 161 1
524 126 601 161 1
440 129 514 166 1
452 91 523 125 1
523 84 604 123 1
705 88 782 122 1
797 84 860 120 1
791 48 866 83 1
790 12 865 47 1
713 48 787 85 1
530 49 605 84 1
446 49 520 89 1
448 15 524 52 1
533 12 603 48 1
537 0 602 11 1
450 0 527 13 1
707 9 780 46 1
712 0 784 10 1
789 0 866 11 1
961 12 1030 51 1
960 0 1030 12 1
