726 132 770 222 1
776 131 821 231 1
636 363 699 457 1
527 347 594 448 1
675 143 717 219 1
478 356 541 448 1
855 349 921 449 1
797 338 861 448 1
746 345 807 445 1
693 354 751 454 1
618 124 661 223 1
564 119 610 220 1
516 130 559 221 1
462 121 508 215 1
412 139 455 200 1
359 122 406 218 1
309 124 358 215 1
255 135 307 235 1
151 131 203 219 1
270 348 329 445 1
213 340 279 445 1
342 532 422 643 1
835 125 876 227 1
882 123 925 222 1
110 347 177 439 1
203 122 253 225 1
103 127 154 224 1
32 128 102 240 1
0 128 44 226 1
35 542 119 642 1
932 136 976 228 1
982 142 1025 237 1
1067 4 1172 58 1
1063 263 1109 365 1
1163 554 1231 635 1
1112 541 1174 627 1
1061 535 1128 627 1
996 554 1069 657 1
947 559 1011 643 1
883 547 965 648 1
823 549 898 647 1
406 547 468 638 1
530 548 600 648 1
586 546 660 646 1
654 539 727 635 1
705 557 772 655 1
768 551 837 640 1
