601 254 637 329 1
557 249 596 330 1
518 248 557 327 1
475 254 511 334 1
475 165 513 249 1
515 166 549 245 1
556 168 590 243 1
600 159 636 241 1
640 161 676 239 1
681 153 718 234 1
726 163 762 238 1
766 161 802 244 1
810 262 845 338 1
769 255 804 338 1
728 254 765 335 1
687 258 722 338 1
646 256 682 337 1
805 162 842 234 1
844 164 881 242 1
885 167 921 244 1
925 172 961 247 1
961 176 998 244 1
1036 175 1069 244 1
997 170 1035 242 1
1069 172 1108 247 1
1109 176 1144 248 1
1144 168 1187 249 1
1185 171 1218 242 1
1219 180 1257 249 1
1258 173 1279 246 1
1256 257 1279 330 1
1221 256 1257 329 1
1184 260 1223 324 1
1149 250 1185 325 1
1111 253 1150 329 1
1073 251 1109 325 1
1039 253 1075 330 1
1001 255 1037 328 1
967 261 1001 340 1
928 266 964 335 1
890 260 922 333 1
847 252 882 333 1
433 166 469 246 1
436 258 471 332 1
391 161 429 244 1
390 252 430 338 1
350 163 386 246 1
350 250 388 332 1
307 166 344 245 1
309 254 346 337 1
264 166 304 245 1
266 251 305 337 1
227 256 266 333 1
223 165 257 242 1
183 166 223 246 1
143 171 183 250 1
98 172 142 249 1
57 170 99 250 1
13 172 56 250 1
0 176 12 252 1
186 254 226 332 1
144 260 186 334 1
101 256 141 334 1
57 257 102 338 1
16 256 60 337 1
0 262 20 345 1
241 351 322 385 1
1257 427 1279 501 1
1217 425 1260 498 1
1180 420 1219 491 1
1143 424 1182 499 1
1110 425 1147 494 1
1076 435 1111 498 1
1040 432 1075 497 1
1001 426 1038 506 1
965 427 1003 509 1
926 431 963 508 1
890 430 925 511 1
849 438 881 511 1
811 433 846 513 1
767 428 803 508 1
728 430 762 510 1
689 436 724 513 1
646 431 682 510 1
607 432 639 513 1
564 432 600 518 1
521 434 557 516 1
474 435 514 518 1
435 437 470 516 1
398 433 432 512 1
354 435 391 513 1
315 431 351 515 1
275 434 311 515 1
234 435 268 515 1
191 446 228 513 1
149 436 188 515 1
104 437 149 519 1
65 438 103 518 1
18 440 64 520 1
0 439 22 518 1
99 0 140 70 1
144 0 180 67 1
180 0 221 67 1
221 0 262 62 1
266 0 306 59 1
309 0 345 61 1
350 0 386 59 1
387 0 427 60 1
433 0 470 59 1
475 0 511 65 1
515 0 551 64 1
556 0 592 66 1
595 0 636 65 1
641 0 675 57 1
678 0 712 63 1
719 0 756 65 1
761 0 797 60 1
799 0 839 66 1
840 0 874 55 1
878 0 915 70 1
914 0 954 72 1
957 0 991 74 1
991 0 1030 71 1
1031 0 1069 77 1
1072 0 1104 74 1
1105 0 1142 67 1
1143 0 1179 68 1
1179 0 1222 73 1
1222 0 1256 75 1
1254 1 1279 75 1
