643 162 686 261 1
591 373 657 470 1
548 375 609 474 1
855 159 909 271 1
798 156 845 254 1
752 152 797 250 1
693 146 742 245 1
588 145 633 248 1
539 153 583 250 1
487 149 532 254 1
494 376 558 474 1
655 376 719 474 1
905 157 946 256 1
950 163 993 250 1
433 152 480 256 1
380 149 428 251 1
329 156 377 259 1
274 152 321 250 1
217 149 265 238 1
167 153 215 259 1
102 164 157 259 1
95 268 155 371 1
915 376 975 470 1
1012 371 1074 471 1
1070 381 1125 477 1
1257 387 1279 465 1
996 153 1041 261 1
1048 169 1100 269 1
1100 161 1144 251 1
1144 161 1194 253 1
1196 178 1244 236 1
1245 160 1279 254 1
277 377 336 467 1
229 384 293 481 1
180 378 238 464 1
1191 572 1264 659 1
1146 559 1223 656 1
851 574 921 672 1
728 571 801 672 1
675 575 740 669 1
485 569 560 684 1
427 582 487 678 1
373 581 434 674 1
308 582 373 680 1
195 581 263 671 1
141 565 205 669 1
78 579 148 674 1
24 569 96 665 1
0 559 44 655 1
