474 259 555 297 1
479 300 553 337 1
386 183 462 221 1
385 222 463 263 1
479 220 554 258 1
471 178 554 216 1
473 343 558 380 1
480 384 562 423 1
474 429 560 466 1
480 471 564 507 1
472 513 557 551 1
476 551 559 588 1
481 596 560 634 1
398 596 475 636 1
389 554 468 591 1
386 513 470 550 1
393 473 472 507 1
380 432 461 465 1
382 389 457 428 1
387 346 460 385 1
389 306 467 345 1
388 265 460 301 1
664 593 744 629 1
664 554 733 591 1
749 503 822 539 1
664 508 744 550 1
665 470 736 507 1
749 465 832 502 1
660 426 742 464 1
755 417 834 461 1
757 378 830 416 1
653 382 741 420 1
663 342 744 380 1
752 337 827 375 1
855 338 896 420 1
744 295 827 335 1
659 298 737 337 1
655 257 738 297 1
749 256 827 295 1
745 216 825 256 1
659 217 738 254 1
662 176 734 215 1
752 171 826 210 1
750 135 817 170 1
743 95 818 135 1
655 135 737 176 1
653 96 728 136 1
652 56 729 97 1
737 52 815 94 1
740 18 815 52 1
648 18 720 54 1
657 0 721 15 1
739 0 811 18 1
907 0 990 25 1
476 0 556 23 1
391 0 464 27 1
216 0 289 21 1
217 22 292 60 1
209 61 297 102 1
205 103 286 139 1
201 139 283 176 1
206 181 293 217 1
211 296 294 328 1
209 231 289 268 1
204 410 278 449 1
206 470 286 505 1
207 533 293 570 1
200 589 284 631 1
208 652 295 692 1
472 21 545 59 1
392 27 467 66 1
387 65 461 104 1
477 59 552 97 1
481 97 556 137 1
390 103 466 141 1
469 138 551 176 1
389 143 460 182 1
908 23 987 60 1
906 60 981 96 1
908 96 990 135 1
911 134 984 173 1
919 177 993 213 1
924 216 994 252 1
921 257 1002 294 1
918 297 992 335 1
920 339 1002 375 1
922 382 995 417 1
929 422 1010 458 1
