289 326 394 367 1
777 321 879 366 1
895 324 999 366 1
1168 314 1269 359 1
1152 523 1200 622 1
1100 517 1150 621 1
1053 530 1097 625 1
1000 524 1045 621 1
953 544 994 609 1
897 525 942 630 1
848 530 889 625 1
794 547 840 652 1
732 531 779 644 1
684 543 726 636 1
632 541 675 647 1
519 542 566 644 1
469 539 513 639 1
410 536 460 640 1
360 552 404 652 1
306 531 354 639 1
258 540 306 641 1
203 534 251 646 1
146 544 201 650 1
91 533 148 645 1
107 323 210 365 1
573 547 623 675 1
35 548 91 658 1
1248 527 1279 616 1
1200 540 1247 616 1
0 325 93 370 1
0 545 34 648 1
