640 378 682 464 1
690 381 733 473 1
739 375 777 454 1
781 370 825 467 1
545 116 587 197 1
455 115 494 197 1
589 370 630 471 1
546 375 585 471 1
452 379 492 468 1
642 622 683 717 1
595 628 632 719 1
547 628 588 719 1
497 620 538 705 1
450 625 489 719 1
497 379 535 470 1
737 620 778 719 1
829 636 871 719 1
977 614 1016 708 1
1009 510 1068 602 1
1146 602 1218 719 1
1204 630 1249 719 1
1246 625 1279 719 1
1240 384 1279 463 1
1194 385 1241 478 1
1105 385 1153 480 1
1059 387 1106 480 1
1014 366 1057 456 1
967 371 1010 461 1
924 368 966 456 1
835 370 875 459 1
399 372 442 460 1
357 372 395 459 1
311 367 352 454 1
265 365 307 454 1
215 361 263 457 1
173 374 215 457 1
129 369 175 459 1
80 375 129 467 1
37 376 82 467 1
0 370 44 459 1
123 301 216 351 1
406 624 444 716 1
354 625 397 715 1
309 619 352 712 1
263 623 307 719 1
215 622 257 719 1
170 622 213 709 1
128 627 170 710 1
72 617 125 713 1
30 633 77 710 1
0 622 35 716 1
46 120 95 215 1
96 116 141 204 1
140 107 184 195 1
184 111 228 200 1
224 122 270 208 1
272 130 316 219 1
319 120 360 210 1
409 116 451 212 1
639 107 679 199 1
685 117 726 203 1
740 114 779 203 1
784 115 821 196 1
921 113 966 206 1
968 118 1011 213 1
1010 124 1054 220 1
1057 106 1102 199 1
1106 124 1147 206 1
1150 125 1192 214 1
1192 136 1238 217 1
1237 133 1279 219 1
