1076 129 1138 162 1
1006 125 1066 159 1
420 106 493 139 1
978 254 1009 325 1
886 256 922 329 1
849 255 879 320 1
819 250 847 318 1
783 248 815 314 1
713 247 743 311 1
682 247 710 314 1
646 244 676 315 1
611 249 644 317 1
576 244 606 313 1
543 248 572 318 1
505 245 537 312 1
467 243 496 304 1
432 244 463 315 1
389 251 421 316 1
443 395 478 453 1
475 398 514 465 1
508 394 545 453 1
650 395 690 459 1
686 395 724 460 1
716 394 756 458 1
756 398 795 461 1
922 399 964 461 1
510 106 578 137 1
592 108 654 140 1
711 115 774 146 1
1252 524 1278 586 1
266 111 335 141 1
205 109 270 141 1
1244 132 1278 169 1
1012 264 1044 331 1
946 259 975 317 1
915 256 943 322 1
1046 258 1070 319 1
1073 259 1102 320 1
1105 271 1134 309 1
1135 262 1167 321 1
1167 267 1198 325 1
1198 261 1229 324 1
1229 265 1261 327 1
1260 276 1278 327 1
1240 412 1278 473 1
1145 408 1186 467 1
1175 402 1219 466 1
1022 404 1058 466 1
983 398 1026 464 1
1171 526 1223 589 1
1205 526 1257 589 1
1098 528 1143 586 1
1067 519 1119 585 1
879 528 925 591 1
800 522 848 587 1
764 525 808 585 1
525 529 569 594 1
569 528 609 592 1
647 519 695 594 1
605 529 645 593 1
449 527 494 592 1
415 516 454 588 1
375 527 415 590 1
341 520 381 585 1
308 511 350 573 1
390 318 424 390 1
749 256 777 325 1
