481 260 598 309 1
484 317 599 364 1
488 367 596 416 1
476 418 597 473 1
1060 157 1165 202 1
1060 210 1163 254 1
843 90 952 143 1
723 91 830 139 1
738 259 840 308 1
729 202 834 253 1
721 143 835 195 1
849 152 952 201 1
843 203 951 250 1
858 254 947 301 1
487 88 601 142 1
482 147 600 194 1
468 475 589 523 1
853 308 961 353 1
841 362 949 411 1
475 210 585 257 1
359 92 481 143 1
364 149 478 197 1
365 211 473 257 1
479 530 597 582 1
485 586 595 635 1
447 644 561 699 1
351 530 472 586 1
362 592 475 639 1
124 99 244 149 1
0 100 105 154 1
121 162 239 210 1
0 164 102 216 1
120 217 240 269 1
111 336 236 387 1
0 333 90 385 1
106 392 230 439 1
0 447 99 501 1
124 507 243 560 1
116 569 234 621 1
0 570 87 621 1
118 624 226 674 1
711 422 837 470 1
858 418 948 464 1
846 472 949 519 1
722 476 840 528 1
840 523 962 576 1
716 533 835 583 1
845 581 960 635 1
841 638 953 691 1
732 640 840 694 1
1059 98 1169 150 1
1054 257 1159 306 1
1065 312 1175 357 1
1082 362 1177 409 1
1070 415 1178 462 1
1060 465 1173 515 1
1067 519 1191 567 1
1075 571 1190 621 1
1094 623 1185 671 1
1247 64 1279 129 1
1247 264 1279 326 1
1250 324 1279 393 1
1258 399 1279 446 1
