531 285 576 382 1
583 287 628 387 1
638 309 679 370 1
692 293 734 389 1
426 512 486 616 1
488 521 541 621 1
318 508 383 608 1
744 302 787 395 1
798 291 843 400 1
853 302 894 401 1
903 319 948 400 1
955 310 1000 404 1
1006 313 1053 412 1
1059 306 1107 409 1
1108 303 1156 402 1
1157 318 1207 408 1
1207 324 1257 422 1
1121 96 1221 150 1
885 89 978 143 1
594 82 696 132 1
474 74 575 126 1
4 65 114 117 1
471 296 523 404 1
415 281 465 392 1
365 289 412 380 1
315 285 362 387 1
246 286 311 401 1
209 283 258 383 1
165 279 210 375 1
107 271 161 369 1
56 287 109 384 1
2 266 63 369 1
54 500 129 596 1
0 493 68 589 1
156 695 202 719 1
89 695 143 719 1
699 532 762 629 1
755 526 816 631 1
865 545 920 638 1
922 538 973 633 1
970 528 1029 625 1
1018 522 1078 630 1
1073 533 1138 630 1
