779 128 817 214 1
777 229 815 312 1
766 363 808 446 1
762 474 798 539 1
764 547 803 628 1
543 390 624 430 1
557 440 635 478 1
559 481 638 519 1
547 521 624 558 1
543 561 614 601 1
532 603 611 643 1
542 646 614 682 1
560 685 623 719 1
461 331 538 372 1
383 419 459 472 1
386 473 455 517 1
366 513 451 565 1
368 556 443 605 1
365 680 439 719 1
200 683 280 719 1
205 634 286 690 1
199 585 284 640 1
205 539 292 592 1
216 493 286 541 1
202 444 286 496 1
213 395 290 454 1
209 343 291 402 1
222 301 299 357 1
223 256 311 310 1
226 213 302 263 1
336 182 420 224 1
