819 543 933 596 1
823 492 930 539 1
687 491 800 553 1
677 441 793 491 1
684 382 800 440 1
694 600 803 657 1
678 556 803 604 1
682 329 794 381 1
437 546 555 601 1
435 616 554 670 1
808 289 910 340 1
798 231 903 283 1
673 273 788 327 1
306 557 425 615 1
427 489 548 540 1
408 428 532 486 1
422 375 533 424 1
298 284 408 340 1
304 340 422 394 1
67 357 186 413 1
62 410 185 461 1
47 517 181 575 1
69 577 192 637 1
414 262 530 314 1
432 319 523 370 1
410 149 519 210 1
412 205 527 258 1
403 44 515 97 1
410 98 523 151 1
293 15 384 72 1
287 64 391 126 1
296 167 399 226 1
712 658 804 711 1
662 215 774 266 1
660 154 771 211 1
1094 99 1184 193 1
1064 49 1142 134 1
1019 0 1115 89 1
454 676 552 719 1
323 683 443 719 1
81 688 208 719 1
0 472 62 524 1
68 300 173 351 1
0 360 57 412 1
57 245 178 298 1
0 250 57 307 1
0 202 57 245 1
59 136 169 193 1
0 145 58 200 1
54 81 169 135 1
51 0 171 36 1
0 87 37 144 1
