431 494 464 562 1
395 578 430 651 1
598 214 637 292 1
558 212 597 286 1
518 206 554 282 1
473 488 509 571 1
434 580 467 663 1
519 484 555 573 1
560 494 595 575 1
606 305 642 380 1
476 585 516 664 1
521 588 557 662 1
605 491 640 573 1
651 300 686 381 1
521 306 557 387 1
564 299 599 387 1
647 489 683 573 1
685 209 725 290 1
729 209 766 288 1
771 213 808 287 1
621 34 655 111 1
688 493 724 575 1
387 493 425 572 1
689 583 725 665 1
648 586 683 664 1
606 582 644 665 1
563 585 599 663 1
735 299 770 385 1
691 307 725 382 1
685 32 721 112 1
477 206 512 288 1
477 300 512 385 1
435 216 473 299 1
434 307 470 390 1
392 209 429 294 1
388 297 428 382 1
775 299 813 382 1
816 308 855 388 1
859 306 899 385 1
901 300 937 376 1
938 305 976 387 1
980 317 1016 383 1
815 214 852 295 1
854 210 891 289 1
893 217 932 296 1
935 218 975 293 1
977 222 1015 292 1
1018 220 1057 298 1
1059 220 1100 300 1
1098 229 1139 291 1
1132 218 1170 291 1
1172 221 1215 303 1
1212 221 1256 300 1
1249 220 1279 294 1
1256 308 1279 388 1
1217 305 1256 390 1
1178 309 1215 388 1
731 498 768 572 1
772 492 812 576 1
816 489 853 567 1
856 490 896 567 1
901 486 937 560 1
940 495 977 561 1
979 494 1019 575 1
1018 488 1059 570 1
1058 487 1098 570 1
1099 490 1143 571 1
1142 492 1183 571 1
1178 494 1223 572 1
1220 491 1261 571 1
1258 489 1279 567 1
1260 575 1279 652 1
1221 580 1265 654 1
1181 575 1218 651 1
1142 578 1182 658 1
1102 581 1143 658 1
1059 584 1100 662 1
1020 578 1061 659 1
982 585 1019 658 1
940 584 977 654 1
898 584 934 661 1
945 703 1029 719 1
856 580 897 658 1
818 583 852 660 1
775 588 811 660 1
736 590 773 668 1
1247 36 1279 117 1
1203 41 1244 119 1
1164 41 1201 112 1
1125 44 1164 122 1
1085 46 1128 119 1
981 36 1022 121 1
939 33 979 111 1
901 40 939 113 1
861 33 896 116 1
818 28 857 107 1
782 24 816 102 1
738 30 772 115 1
503 29 539 102 1
444 32 481 109 1
379 31 417 113 1
322 24 359 105 1
263 31 301 115 1
201 39 244 121 1
116 40 178 120 1
347 491 383 559 1
306 490 343 567 1
1019 310 1058 389 1
1059 305 1099 382 1
1099 306 1138 383 1
1138 298 1180 378 1
352 211 389 291 1
351 301 386 383 1
309 221 347 299 1
306 304 345 379 1
107 177 193 214 1
101 238 184 273 1
105 351 186 385 1
104 469 188 503 1
108 524 193 560 1
97 583 181 619 1
117 645 202 681 1
