607 364 686 403 1
619 404 693 442 1
620 445 698 483 1
597 284 671 320 1
599 239 679 275 1
598 198 682 230 1
601 155 682 194 1
600 113 678 150 1
611 523 692 564 1
374 375 449 408 1
694 158 728 233 1
697 240 731 318 1
699 330 735 408 1
704 413 738 492 1
610 569 687 605 1
616 486 693 522 1
625 642 703 687 1
387 246 455 279 1
374 204 452 238 1
370 160 453 197 1
358 37 439 73 1
362 79 441 115 1
365 120 445 157 1
381 413 463 449 1
377 497 453 532 1
380 453 457 491 1
596 69 675 107 1
596 30 673 69 1
687 2 719 67 1
690 75 723 152 1
600 328 681 359 1
366 329 452 363 1
817 276 898 309 1
818 238 898 272 1
826 195 900 230 1
814 154 893 187 1
809 113 890 149 1
817 397 898 432 1
611 608 686 645 1
702 586 739 663 1
367 537 446 576 1
368 578 449 618 1
374 615 468 664 1
393 664 470 700 1
708 670 740 719 1
621 690 698 719 1
808 70 880 105 1
807 28 885 66 1
367 285 455 323 1
821 315 905 354 1
818 359 899 395 1
361 0 433 35 1
601 0 681 30 1
802 0 870 28 1
838 677 917 718 1
841 640 905 679 1
841 601 921 639 1
828 560 910 595 1
826 519 900 556 1
822 480 903 514 1
821 439 901 474 1
700 503 737 581 1
400 706 466 719 1
