255 408 360 449 1
743 403 845 448 1
861 406 965 448 1
1134 396 1235 441 1
79 402 178 444 1
0 402 65 446 1
0 621 61 719 1
60 611 113 719 1
113 622 168 719 1
166 616 219 719 1
223 617 270 719 1
272 611 321 719 1
326 630 371 719 1
377 614 426 719 1
437 619 479 719 1
483 622 530 719 1
537 624 586 719 1
595 620 639 719 1
646 621 691 716 1
697 612 743 719 1
757 628 806 719 1
810 612 857 706 1
860 608 906 709 1
914 624 956 686 1
964 604 1008 703 1
1013 611 1061 705 1
1065 598 1112 704 1
1116 603 1164 705 1
1166 619 1215 694 1
1217 607 1271 696 1
1266 605 1279 703 1
