625 198 661 277 1
666 200 703 283 1
580 388 613 453 1
539 379 575 461 1
587 118 619 189 1
588 201 622 277 1
710 200 742 281 1
749 212 783 280 1
788 209 822 287 1
748 120 783 195 1
708 116 746 199 1
668 121 700 196 1
625 117 660 194 1
740 382 773 455 1
778 390 816 466 1
821 392 858 469 1
698 384 735 463 1
660 383 694 454 1
619 393 654 458 1
497 377 533 460 1
1109 80 1155 156 1
1154 91 1185 167 1
1186 104 1221 175 1
1220 96 1256 172 1
1256 99 1279 172 1
1250 187 1279 261 1
1215 182 1252 257 1
1179 184 1214 256 1
1143 194 1179 258 1
1106 182 1143 257 1
1245 363 1279 438 1
1209 367 1246 440 1
1174 360 1211 432 1
1137 357 1176 430 1
1097 367 1135 440 1
1246 453 1279 525 1
1212 450 1249 526 1
1175 449 1211 525 1
1133 445 1173 520 1
1094 447 1133 521 1
1237 634 1279 709 1
1198 631 1238 703 1
1165 639 1197 714 1
1125 638 1167 718 1
1091 638 1126 713 1
1055 635 1092 708 1
1019 638 1053 707 1
982 634 1018 706 1
901 599 971 634 1
912 563 974 594 1
921 520 978 558 1
915 483 986 514 1
939 399 976 472 1
900 388 938 463 1
859 396 896 469 1
787 131 822 203 1
832 126 865 201 1
867 133 902 210 1
905 136 937 206 1
942 142 976 217 1
862 218 901 295 1
903 214 939 292 1
944 230 977 296 1
979 174 1013 253 1
546 110 578 187 1
506 118 541 188 1
546 201 580 280 1
505 205 542 289 1
461 207 495 280 1
465 113 498 190 1
426 109 459 185 1
383 105 420 183 1
424 202 459 276 1
380 193 417 276 1
344 103 377 173 1
342 202 376 278 1
301 101 339 185 1
298 196 336 276 1
261 102 299 178 1
260 193 297 272 1
217 196 255 273 1
216 93 257 171 1
177 98 216 174 1
135 96 178 176 1
94 104 134 176 1
53 100 95 177 1
12 105 54 179 1
0 187 12 257 1
9 187 54 263 1
53 182 93 258 1
93 185 133 257 1
134 188 175 259 1
177 193 215 272 1
946 0 981 35 1
904 0 941 40 1
866 0 901 33 1
828 0 864 29 1
790 0 824 28 1
755 0 789 23 1
712 0 746 17 1
672 0 706 16 1
633 0 667 19 1
592 0 627 17 1
552 0 590 11 1
512 0 545 11 1
470 0 506 13 1
435 0 465 13 1
454 378 489 460 1
416 374 453 458 1
374 379 409 454 1
336 373 372 456 1
291 366 330 450 1
252 366 289 449 1
214 370 250 448 1
171 364 212 440 1
134 364 171 439 1
89 361 134 442 1
48 361 91 440 1
0 359 50 439 1
