850 295 896 395 1
897 305 942 398 1
944 299 984 399 1
987 303 1032 391 1
1035 300 1075 393 1
629 97 727 142 1
310 92 404 136 1
402 96 497 137 1
758 100 848 145 1
586 303 631 395 1
588 404 632 501 1
662 507 707 585 1
707 513 758 603 1
752 507 804 588 1
942 506 998 590 1
991 508 1042 590 1
1028 502 1082 586 1
1083 510 1136 590 1
1075 318 1119 406 1
805 302 844 401 1
750 298 793 391 1
697 293 736 380 1
645 294 688 396 1
1120 303 1164 393 1
1166 311 1208 397 1
1204 316 1249 404 1
1253 318 1279 420 1
1022 118 1110 167 1
868 107 950 154 1
1254 685 1279 719 1
1147 680 1203 719 1
1096 682 1149 719 1
942 674 997 719 1
888 688 933 719 1
841 687 883 719 1
782 687 828 719 1
681 689 723 719 1
628 678 670 719 1
575 691 617 719 1
522 679 566 719 1
471 670 519 719 1
