936 384 1017 423 1
935 426 1015 464 1
936 468 1020 505 1
938 508 1018 547 1
933 553 1017 587 1
934 591 1008 629 1
933 631 1020 669 1
741 259 820 299 1
737 341 813 377 1
734 377 814 415 1
733 504 811 540 1
733 546 801 581 1
735 586 812 625 1
731 629 806 665 1
726 668 804 706 1
635 667 713 702 1
639 625 707 663 1
450 291 524 329 1
447 371 524 408 1
444 413 525 450 1
440 455 515 495 1
442 496 523 531 1
449 541 513 574 1
448 581 529 621 1
446 624 522 659 1
349 249 425 285 1
358 370 437 408 1
358 411 426 448 1
344 449 424 491 1
359 497 436 533 1
353 533 430 575 1
345 579 423 614 1
353 624 418 660 1
346 662 420 700 1
345 702 420 719 1
299 299 336 376 1
171 327 259 362 1
168 404 242 442 1
160 444 235 485 1
158 490 229 523 1
152 528 225 565 1
156 572 233 605 1
154 610 231 647 1
156 649 229 685 1
161 691 238 719 1
78 323 155 359 1
78 363 159 399 1
76 405 151 444 1
73 448 147 485 1
68 488 138 518 1
62 527 144 564 1
62 566 131 602 1
63 609 145 644 1
67 651 140 686 1
66 688 151 719 1
448 664 514 701 1
444 702 522 719 1
640 706 715 719 1
730 707 802 719 1
930 708 1010 719 1
935 669 1007 708 1
737 466 812 500 1
652 467 721 504 1
642 507 721 541 1
641 544 723 582 1
638 588 715 624 1
642 425 717 461 1
640 381 722 416 1
636 335 715 371 1
649 299 723 333 1
649 253 731 292 1
741 173 814 211 1
737 215 813 253 1
649 171 725 211 1
647 215 728 252 1
730 301 807 340 1
458 168 526 208 1
348 207 430 246 1
352 167 431 205 1
448 252 515 289 1
447 209 524 246 1
349 290 420 327 1
357 331 433 370 1
450 333 531 368 1
174 160 258 201 1
83 159 166 195 1
78 197 157 235 1
177 203 260 238 1
177 241 255 278 1
172 284 254 319 1
74 282 152 318 1
77 240 152 276 1
169 364 248 401 1
111 53 194 104 1
184 0 267 35 1
90 0 169 32 1
370 0 448 33 1
461 0 541 33 1
652 7 722 44 1
732 8 812 51 1
928 0 995 10 1
738 0 817 8 1
933 12 1006 48 1
930 49 1007 88 1
941 90 1013 128 1
938 307 1014 341 1
942 345 1018 378 1
940 268 1016 306 1
938 226 1010 265 1
942 188 1008 223 1
