1074 128 1136 161 1
1004 124 1064 158 1
418 105 491 138 1
263 107 330 141 1
201 106 264 139 1
1107 269 1137 307 1
1075 254 1104 319 1
1044 254 1075 318 1
1013 262 1046 329 1
976 253 1007 324 1
946 258 980 317 1
917 255 947 322 1
884 255 920 328 1
847 254 877 319 1
817 249 845 317 1
781 247 813 313 1
748 254 774 320 1
711 246 741 310 1
680 246 708 313 1
644 243 674 314 1
609 248 642 316 1
574 243 604 312 1
541 247 570 317 1
503 244 535 311 1
465 242 494 303 1
430 243 461 314 1
387 250 419 315 1
385 318 421 391 1
441 394 476 452 1
473 397 512 464 1
506 393 543 452 1
648 394 688 458 1
684 394 722 459 1
714 393 754 457 1
754 397 793 460 1
920 398 962 460 1
986 396 1026 463 1
1022 401 1058 463 1
1146 406 1189 465 1
1177 401 1222 464 1
1213 524 1261 589 1
1172 526 1226 590 1
1099 526 1146 585 1
1066 518 1124 586 1
878 526 925 591 1
799 521 847 591 1
763 526 807 588 1
640 521 693 600 1
601 531 644 600 1
565 528 608 592 1
521 531 567 596 1
446 530 490 593 1
335 521 377 590 1
302 512 345 576 1
508 105 576 136 1
590 107 652 139 1
709 114 772 145 1
1250 523 1279 585 1
1241 410 1279 470 1
1262 275 1279 322 1
1246 131 1279 168 1
1235 264 1265 325 1
1138 260 1168 320 1
1168 268 1197 325 1
1199 262 1232 326 1
411 519 452 591 1
372 527 412 589 1
