688 345 757 416 1
715 314 786 382 1
422 215 492 286 1
369 276 444 352 1
437 332 508 408 1
410 366 482 437 1
348 427 420 493 1
657 375 725 443 1
396 247 462 313 1
309 337 377 405 1
342 304 416 378 1
372 392 445 461 1
749 404 826 478 1
292 370 352 430 1
625 408 694 476 1
598 436 671 501 1
662 494 733 561 1
693 468 761 530 1
720 435 793 506 1
574 465 645 536 1
484 153 552 221 1
458 184 526 249 1
550 210 621 281 1
513 234 591 309 1
544 498 615 568 1
514 525 586 598 1
293 490 365 559 1
259 392 330 465 1
639 529 704 591 1
779 374 846 443 1
227 425 298 495 1
205 457 263 518 1
318 456 387 526 1
495 278 564 348 1
468 308 538 376 1
744 283 814 353 1
774 258 843 327 1
486 556 553 626 1
550 616 620 684 1
576 585 648 655 1
604 558 672 625 1
453 584 525 657 1
521 647 593 716 1
490 673 562 719 1
423 615 495 685 1
467 707 501 719 1
398 647 471 719 1
372 675 441 719 1
335 696 379 719 1
445 433 519 509 1
168 483 234 555 1
268 522 332 583 1
232 545 307 615 1
201 570 272 640 1
139 514 210 584 1
106 541 178 611 1
175 605 251 673 1
148 638 220 708 1
79 574 155 649 1
111 661 187 719 1
81 688 144 719 1
47 604 120 671 1
12 634 90 704 1
0 664 58 719 1
582 184 651 254 1
517 124 589 192 1
541 93 611 162 1
610 156 682 228 1
640 125 707 196 1
670 101 740 174 1
573 69 635 129 1
603 43 669 106 1
699 72 764 143 1
629 12 698 78 1
665 0 730 53 1
700 0 760 29 1
729 48 793 115 1
753 22 825 85 1
782 0 843 54 1
814 0 870 34 1
860 0 894 14 1
890 15 948 86 1
832 153 894 215 1
829 204 895 271 1
801 227 876 300 1
879 141 950 208 1
901 119 969 181 1
925 87 995 152 1
957 62 1022 126 1
980 36 1053 107 1
1008 11 1065 69 1
1030 0 1099 50 1
1074 0 1124 26 1
1187 0 1238 37 1
1148 0 1213 59 1
1124 20 1181 83 1
1092 45 1159 110 1
1076 75 1135 142 1
1047 96 1111 167 1
1019 122 1084 191 1
1001 154 1062 220 1
973 177 1038 244 1
944 207 1007 270 1
914 232 978 299 1
889 259 953 325 1
865 291 933 358 1
841 322 904 385 1
809 345 880 418 1
708 706 746 719 1
735 674 804 719 1
1255 112 1279 156 1
1229 137 1279 208 1
1208 169 1274 232 1
1182 192 1254 254 1
1155 216 1223 281 1
1131 245 1199 308 1
1111 274 1179 341 1
1082 298 1149 365 1
1061 326 1125 391 1
1034 354 1107 423 1
1009 383 1077 448 1
981 414 1050 478 1
952 444 1022 510 1
928 468 995 533 1
905 499 969 565 1
874 525 943 591 1
844 555 913 622 1
818 586 888 655 1
799 623 857 683 1
765 645 830 710 1
469 0 511 12 1
416 0 482 42 1
384 0 452 71 1
355 28 424 98 1
324 64 395 131 1
308 97 373 163 1
261 114 333 183 1
236 150 305 217 1
205 179 272 242 1
177 210 249 278 1
148 241 221 308 1
64 315 149 389 1
36 346 115 414 1
8 382 83 446 1
0 407 58 480 1
0 460 20 501 1
