801 503 848 616 1
753 515 795 608 1
701 513 744 619 1
588 514 635 616 1
538 511 582 611 1
479 508 529 612 1
215 516 270 622 1
53 295 163 339 1
324 511 366 614 1
374 505 418 611 1
164 506 213 616 1
111 518 162 623 1
49 512 107 618 1
270 509 318 616 1
647 516 694 640 1
427 524 471 626 1
179 295 273 337 1
356 297 459 340 1
843 292 941 339 1
957 296 1055 338 1
1224 288 1279 332 1
0 303 33 345 1
0 511 47 610 1
858 515 906 620 1
911 499 954 596 1
961 499 1003 597 1
1013 513 1054 577 1
1060 494 1104 589 1
1108 502 1157 594 1
1159 491 1208 593 1
1209 495 1256 593 1
1257 509 1279 587 1
