671 506 747 543 1
666 463 733 499 1
666 422 746 458 1
749 414 824 452 1
668 384 735 417 1
752 376 833 412 1
754 330 833 372 1
660 335 740 376 1
756 291 829 326 1
654 292 743 330 1
665 255 743 293 1
750 251 825 287 1
927 332 1008 370 1
921 295 990 329 1
917 250 998 290 1
913 210 988 247 1
389 64 462 105 1
472 61 552 99 1
472 100 556 137 1
386 104 462 143 1
204 64 283 103 1
386 143 465 185 1
479 140 552 178 1
474 178 555 216 1
479 219 553 256 1
473 258 557 295 1
482 299 560 336 1
475 342 559 378 1
484 384 565 421 1
473 428 561 464 1
478 467 559 504 1
484 512 562 549 1
401 512 479 552 1
390 468 470 508 1
388 429 470 467 1
396 385 474 423 1
383 344 462 384 1
384 304 462 342 1
388 262 461 302 1
391 223 468 261 1
390 183 460 222 1
215 215 297 251 1
208 330 282 367 1
211 388 291 424 1
209 454 298 488 1
204 512 290 551 1
211 571 299 611 1
215 628 304 671 1
360 678 399 719 1
422 683 460 719 1
533 676 572 719 1
652 666 693 719 1
709 660 748 719 1
769 669 807 719 1
829 646 865 719 1
658 213 737 251 1
743 209 826 248 1
746 172 823 208 1
655 171 734 211 1
742 133 824 170 1
657 133 738 170 1
661 94 734 135 1
749 90 823 128 1
745 56 814 90 1
652 54 732 92 1
239 693 306 719 1
920 173 997 209 1
856 186 896 267 1
919 132 993 170 1
915 91 989 132 1
909 52 979 90 1
905 14 987 49 1
903 0 981 13 1
739 0 816 13 1
739 16 815 52 1
653 15 725 56 1
653 0 725 17 1
479 0 555 20 1
479 20 555 59 1
385 0 462 28 1
390 26 468 62 1
309 6 347 81 1
209 0 297 25 1
206 25 288 63 1
209 102 296 139 1
211 151 292 190 1
