1149 396 1245 441 1
864 405 967 448 1
744 401 847 450 1
245 402 352 448 1
63 400 167 442 1
0 399 51 441 1
1224 608 1276 707 1
1171 621 1223 704 1
1123 608 1169 711 1
1071 600 1118 713 1
1019 613 1066 711 1
969 608 1013 711 1
918 626 962 695 1
865 611 909 717 1
814 614 857 714 1
758 630 806 719 1
696 615 742 719 1
646 626 689 719 1
594 624 637 719 1
532 630 582 719 1
480 626 526 719 1
430 621 474 719 1
368 615 421 719 1
317 631 364 719 1
263 614 312 719 1
212 620 260 719 1
157 615 206 719 1
101 621 155 719 1
44 613 102 719 1
0 622 47 719 1
