538 275 584 381 1
458 145 501 243 1
403 145 447 234 1
561 9 668 61 1
353 130 398 228 1
304 132 349 235 1
246 141 299 240 1
198 141 246 230 1
151 151 196 230 1
97 137 147 232 1
47 129 99 231 1
0 141 48 229 1
315 356 383 457 1
260 344 326 455 1
212 351 274 448 1
161 359 223 458 1
107 370 172 461 1
3 353 73 452 1
0 545 73 639 1
53 547 126 642 1
118 538 190 637 1
156 557 235 656 1
233 559 296 647 1
282 558 354 651 1
346 558 424 659 1
411 573 475 659 1
462 570 538 673 1
538 553 601 649 1
589 564 653 651 1
651 576 710 671 1
0 375 22 450 1
