546 267 592 374 1
466 143 510 242 1
409 138 453 231 1
358 125 404 226 1
310 129 355 234 1
250 139 305 238 1
204 138 253 228 1
155 151 200 228 1
100 134 151 232 1
50 127 99 229 1
0 140 49 228 1
565 0 671 55 1
322 356 392 456 1
267 346 334 455 1
218 353 281 449 1
167 361 229 456 1
116 371 182 460 1
5 352 83 452 1
0 361 30 452 1
0 547 80 646 1
63 547 135 648 1
126 540 199 640 1
171 556 246 654 1
239 557 307 650 1
289 557 363 656 1
359 555 434 660 1
423 573 485 661 1
473 570 548 674 1
546 552 612 646 1
602 559 665 649 1
663 574 724 665 1
