895 467 978 531 1
798 434 831 515 1
795 543 837 624 1
809 231 848 313 1
821 6 863 87 1
602 0 687 18 1
601 15 673 51 1
593 56 672 97 1
605 100 674 136 1
621 142 681 181 1
611 184 682 226 1
597 262 676 301 1
587 305 663 347 1
596 479 665 518 1
579 600 660 638 1
404 514 482 571 1
409 433 485 483 1
429 177 506 232 1
426 137 498 188 1
427 17 501 63 1
428 0 506 25 1
268 0 354 52 1
259 42 343 98 1
262 94 346 147 1
254 138 338 192 1
258 181 332 237 1
252 241 334 292 1
250 285 337 339 1
248 331 329 388 1
234 368 324 430 1
247 423 327 475 1
238 471 325 529 1
237 529 319 576 1
236 571 323 627 1
240 619 319 679 1
229 664 314 717 1
803 337 845 417 1
