404 515 483 552 1
512 520 583 558 1
503 559 578 596 1
504 603 570 638 1
504 645 579 678 1
402 555 484 594 1
403 597 477 634 1
405 640 476 675 1
709 305 789 344 1
707 347 781 386 1
224 502 308 542 1
522 213 594 248 1
707 227 787 266 1
792 267 866 306 1
795 307 874 343 1
789 349 873 388 1
801 229 879 266 1
803 187 876 227 1
426 213 502 251 1
979 156 1063 193 1
986 195 1061 232 1
984 308 1059 346 1
515 335 593 374 1
526 296 599 329 1
424 252 496 287 1
135 386 216 437 1
0 329 44 411 1
0 587 31 674 1
0 683 22 719 1
232 546 315 583 1
231 586 309 623 1
356 644 395 719 1
413 677 491 716 1
506 682 587 718 1
688 685 765 719 1
137 288 212 323 1
230 288 303 324 1
234 334 315 370 1
142 330 223 366 1
140 246 218 285 1
238 249 315 287 1
422 334 500 369 1
421 291 498 327 1
143 205 222 241 1
236 204 312 243 1
229 166 308 204 1
0 243 44 321 1
4 144 49 228 1
9 47 53 124 1
166 10 229 48 1
154 46 235 88 1
244 11 319 52 1
241 51 315 88 1
240 88 311 127 1
149 89 223 124 1
241 128 315 166 1
151 125 221 163 1
146 167 222 200 1
429 171 506 210 1
525 171 600 208 1
522 132 599 169 1
428 132 502 167 1
430 91 504 129 1
518 91 592 130 1
515 50 589 90 1
427 50 501 88 1
436 13 509 49 1
519 14 594 52 1
516 0 596 14 1
432 0 508 15 1
250 0 323 11 1
165 0 242 11 1
14 0 54 41 1
711 28 778 63 1
806 28 878 66 1
983 7 1045 42 1
986 79 1056 116 1
709 187 787 224 1
800 149 876 186 1
703 147 778 182 1
797 112 877 151 1
796 74 871 111 1
703 69 783 107 1
706 106 782 145 1
986 118 1064 156 1
987 234 1064 270 1
980 273 1055 310 1
987 353 1062 388 1
984 394 1062 431 1
993 434 1065 469 1
781 650 856 688 1
701 648 773 685 1
792 608 870 644 1
787 566 863 604 1
793 524 865 565 1
700 523 777 558 1
702 569 780 603 1
987 533 1058 567 1
985 574 1058 609 1
985 614 1062 652 1
981 654 1058 686 1
984 688 1061 719 1
227 626 311 663 1
226 669 312 709 1
223 710 304 719 1
134 701 211 719 1
133 662 207 698 1
128 621 207 659 1
131 580 206 616 1
132 537 209 576 1
135 498 218 536 1
