36 0 84 59 1
41 74 85 153 1
48 177 89 256 1
46 272 89 350 1
52 376 93 460 1
48 473 93 558 1
52 566 98 652 1
55 670 101 719 1
187 2 264 43 1
288 0 368 38 1
288 38 375 75 1
417 8 451 84 1
194 42 267 78 1
196 78 274 119 1
287 74 371 113 1
287 115 361 153 1
192 122 265 160 1
281 156 356 194 1
193 163 265 198 1
192 199 259 237 1
280 197 355 235 1
279 238 351 273 1
189 239 269 277 1
190 279 258 318 1
283 275 362 314 1
405 314 449 399 1
283 318 356 352 1
194 321 270 357 1
289 355 362 390 1
199 363 268 398 1
296 396 372 435 1
202 399 282 439 1
294 437 374 476 1
208 440 287 480 1
302 478 378 517 1
206 485 280 522 1
302 521 379 558 1
209 527 285 562 1
295 562 371 598 1
208 566 289 602 1
209 609 280 642 1
302 601 390 641 1
306 643 386 681 1
216 646 295 684 1
215 688 293 719 1
313 685 390 719 1
512 679 581 715 1
597 674 677 714 1
596 632 671 669 1
499 640 573 676 1
494 597 575 635 1
593 593 671 630 1
596 555 672 589 1
498 561 574 594 1
495 521 573 557 1
492 476 569 514 1
487 435 561 471 1
584 433 664 470 1
580 388 659 425 1
484 393 561 433 1
480 354 556 391 1
583 348 651 385 1
580 304 652 342 1
488 314 552 351 1
463 277 546 313 1
579 266 661 303 1
579 226 643 263 1
481 228 561 267 1
569 183 650 219 1
487 191 563 227 1
564 145 640 182 1
468 143 548 185 1
569 105 645 142 1
479 106 550 144 1
476 68 554 103 1
569 65 641 103 1
568 30 646 65 1
475 29 551 66 1
465 0 536 28 1
566 0 636 28 1
755 0 827 26 1
832 0 906 28 1
840 28 913 60 1
842 61 916 94 1
747 22 822 61 1
752 63 830 104 1
758 102 829 139 1
770 145 834 179 1
852 140 923 176 1
851 178 925 214 1
855 215 918 251 1
763 178 842 217 1
765 220 843 256 1
859 255 933 291 1
766 258 842 296 1
770 297 839 333 1
858 297 933 333 1
856 335 934 371 1
771 337 847 373 1
862 378 938 412 1
777 381 855 417 1
866 416 943 455 1
775 419 855 460 1
783 462 855 497 1
867 458 940 491 1
872 494 948 534 1
782 503 862 543 1
783 543 861 578 1
877 537 948 575 1
875 578 944 613 1
783 584 864 623 1
879 616 956 651 1
792 622 874 660 1
880 654 946 691 1
793 661 876 699 1
793 700 875 719 1
880 691 962 719 1
1066 679 1145 715 1
1070 641 1151 677 1
1067 601 1147 641 1
1074 567 1138 599 1
1068 526 1144 560 1
1062 486 1139 527 1
1055 450 1135 484 1
1058 407 1129 444 1
1054 368 1130 404 1
1053 330 1126 366 1
1048 289 1135 327 1
1045 255 1119 289 1
1043 216 1127 253 1
1039 176 1122 211 1
1038 134 1121 174 1
1031 97 1110 132 1
1029 62 1109 95 1
1032 24 1108 58 1
1024 0 1100 25 1
585 472 663 509 1
593 515 675 549 1
