709 124 748 208 1
709 221 743 305 1
697 352 738 433 1
693 460 732 524 1
695 532 736 613 1
482 380 562 418 1
496 427 570 464 1
497 469 572 502 1
488 506 563 542 1
480 546 553 584 1
471 588 548 625 1
484 630 552 665 1
499 670 560 703 1
399 323 477 362 1
281 179 360 213 1
174 210 249 255 1
177 250 254 301 1
174 293 244 348 1
157 337 238 391 1
161 385 236 441 1
152 435 234 481 1
161 482 231 529 1
155 524 238 576 1
148 571 230 623 1
153 618 233 669 1
150 664 226 712 1
325 412 403 458 1
325 463 398 503 1
288 509 370 548 1
311 544 387 587 1
310 662 384 705 1
