793 8 830 98 1
789 106 830 192 1
777 243 817 328 1
771 355 811 424 1
776 433 815 511 1
551 270 637 311 1
565 320 646 356 1
567 364 647 399 1
557 405 634 437 1
555 442 626 482 1
540 484 623 525 1
552 530 629 567 1
570 572 635 608 1
558 611 629 648 1
548 690 625 719 1
466 211 546 252 1
346 59 430 101 1
231 89 315 137 1
235 130 320 184 1
234 179 309 234 1
215 217 300 276 1
222 269 299 328 1
207 324 295 375 1
218 371 293 422 1
213 418 297 473 1
205 464 291 521 1
207 519 292 572 1
206 565 286 617 1
195 603 279 662 1
198 668 280 717 1
374 563 446 611 1
374 603 453 655 1
377 439 453 485 1
375 394 457 442 1
395 353 463 396 1
393 298 472 350 1
760 657 799 719 1
