740 510 780 591 1
686 493 728 593 1
633 487 677 591 1
584 497 623 588 1
532 487 574 584 1
1103 621 1156 715 1
1033 502 1079 597 1
986 498 1029 587 1
1121 368 1223 414 1
948 284 1047 334 1
715 285 811 335 1
431 287 533 333 1
315 281 416 330 1
939 487 984 586 1
893 490 935 592 1
839 501 886 600 1
791 497 832 590 1
483 508 522 567 1
429 487 472 587 1
380 486 421 579 1
327 498 373 601 1
272 481 317 592 1
225 490 268 580 1
176 487 221 586 1
105 488 170 608 1
71 483 119 582 1
22 480 73 579 1
0 475 20 572 1
182 699 239 719 1
288 697 332 719 1
346 702 392 719 1
905 702 949 719 1
