536 235 616 272 1
531 12 613 47 1
542 84 607 117 1
529 512 609 549 1
540 312 611 345 1
531 349 612 382 1
537 392 615 428 1
543 435 617 467 1
532 473 611 507 1
347 506 422 541 1
351 467 421 500 1
346 426 420 463 1
346 386 424 421 1
340 346 417 381 1
346 309 415 344 1
352 191 426 226 1
354 154 428 188 1
356 116 427 151 1
178 142 248 175 1
171 178 244 214 1
173 331 246 366 1
164 372 244 404 1
358 705 441 719 1
630 709 703 719 1
353 81 428 119 1
351 41 427 78 1
357 2 428 40 1
518 116 599 155 1
532 156 607 195 1
537 200 620 232 1
548 275 620 307 1
355 228 434 266 1
526 45 609 82 1
357 270 430 306 1
172 444 248 479 1
168 218 244 251 1
159 256 247 292 1
168 292 245 326 1
170 488 243 519 1
165 530 235 565 1
151 569 239 605 1
160 683 241 719 1
159 647 241 680 1
157 612 243 646 1
360 667 438 704 1
541 671 619 704 1
549 709 624 719 1
635 669 710 705 1
824 671 902 706 1
830 710 899 719 1
909 707 977 719 1
908 670 973 702 1
1096 709 1164 719 1
1085 671 1164 709 1
627 476 660 563 1
668 473 699 554 1
709 480 741 550 1
749 472 784 548 1
788 477 822 554 1
827 480 863 553 1
870 479 903 551 1
907 475 939 549 1
943 482 976 560 1
981 478 1015 557 1
1015 469 1051 548 1
1056 464 1096 543 1
1095 547 1179 584 1
1100 593 1170 625 1
1097 629 1176 665 1
186 98 259 134 1
183 63 266 97 1
188 28 263 61 1
188 0 260 27 1
