1091 237 1164 276 1
890 250 926 335 1
893 134 933 221 1
897 36 940 123 1
698 0 774 22 1
693 103 766 139 1
695 144 767 181 1
695 181 772 223 1
694 226 769 263 1
690 265 768 305 1
689 308 769 346 1
681 350 760 384 1
680 390 760 426 1
679 433 759 468 1
676 474 755 509 1
674 511 758 550 1
669 553 749 591 1
512 189 589 244 1
507 403 579 452 1
503 447 580 497 1
504 489 576 541 1
334 665 422 718 1
340 607 408 662 1
354 569 417 619 1
336 515 414 569 1
339 468 416 524 1
349 426 413 477 1
354 381 421 429 1
362 337 422 385 1
346 285 414 331 1
359 239 424 290 1
358 190 427 240 1
362 137 436 198 1
361 89 431 145 1
359 42 435 101 1
368 0 441 60 1
