675 39 711 116 1
602 190 665 223 1
681 124 712 197 1
580 20 656 56 1
582 59 659 96 1
592 143 667 179 1
601 230 661 260 1
685 209 719 294 1
596 265 681 304 1
606 315 678 351 1
370 278 437 312 1
354 194 443 231 1
368 239 450 274 1
812 132 890 171 1
801 223 882 256 1
803 256 886 297 1
371 155 439 187 1
343 62 436 105 1
344 405 435 450 1
350 364 425 398 1
857 620 897 702 1
794 176 872 214 1
343 665 431 708 1
804 298 883 335 1
812 92 876 127 1
818 335 895 375 1
798 15 878 53 1
812 57 892 95 1
595 90 673 135 1
364 114 442 150 1
599 392 696 435 1
601 356 681 393 1
336 26 418 64 1
365 320 448 354 1
823 421 897 453 1
820 460 897 497 1
818 500 899 537 1
487 691 517 719 1
528 679 562 719 1
571 670 602 719 1
613 679 645 719 1
650 673 684 719 1
694 662 729 719 1
735 662 768 719 1
773 653 811 719 1
815 649 848 719 1
690 302 727 378 1
673 0 708 33 1
575 0 658 18 1
334 0 417 25 1
204 545 273 636 1
795 0 867 13 1
820 379 898 421 1
341 589 430 632 1
344 625 428 667 1
