729 134 766 212 1
773 124 812 206 1
814 123 853 208 1
858 130 895 209 1
897 120 933 200 1
935 120 976 197 1
976 126 1015 200 1
1017 128 1055 205 1
1071 55 1139 117 1
1092 121 1137 201 1
1132 122 1175 200 1
732 218 768 298 1
776 214 816 297 1
817 209 858 297 1
860 220 898 304 1
901 214 940 297 1
943 220 980 300 1
983 213 1022 297 1
1022 216 1061 292 1
1172 126 1217 200 1
1213 126 1258 203 1
1252 119 1279 201 1
1257 214 1279 292 1
1219 216 1267 289 1
1181 208 1220 290 1
1139 211 1180 290 1
737 409 773 487 1
780 408 817 478 1
823 407 862 488 1
863 408 899 476 1
903 400 943 484 1
948 396 986 484 1
987 405 1026 485 1
1025 399 1066 479 1
1066 397 1108 478 1
1106 398 1145 479 1
1145 401 1189 475 1
1183 393 1232 477 1
1223 391 1269 468 1
1261 391 1279 469 1
830 494 866 567 1
866 494 907 577 1
910 496 949 578 1
950 498 988 572 1
992 493 1030 569 1
1031 486 1073 570 1
1074 491 1109 567 1
1108 485 1148 566 1
1150 492 1191 569 1
1192 489 1229 558 1
1228 482 1267 559 1
1267 484 1279 558 1
907 680 947 719 1
951 669 984 719 1
988 664 1027 719 1
1029 663 1070 719 1
1070 667 1110 719 1
1111 669 1151 719 1
1149 663 1192 719 1
1192 658 1238 719 1
1231 656 1279 719 1
661 479 722 563 1
544 577 625 614 1
520 515 605 549 1
522 451 613 489 1
522 389 608 431 1
520 269 601 306 1
510 154 592 189 1
516 89 597 125 1
532 0 575 34 1
611 0 642 31 1
670 0 705 28 1
731 0 765 20 1
787 0 822 28 1
854 0 888 25 1
910 0 946 15 1
1024 0 1061 30 1
1080 0 1124 26 1
1132 0 1177 29 1
1182 0 1216 18 1
1220 0 1258 19 1
1259 0 1279 28 1
