623 316 656 390 1
580 318 616 397 1
632 55 663 128 1
591 48 626 132 1
549 55 581 131 1
506 52 542 128 1
505 131 541 210 1
546 133 583 216 1
592 134 624 213 1
631 144 666 214 1
670 142 704 220 1
671 64 705 139 1
715 56 748 134 1
753 66 788 143 1
789 70 824 140 1
829 74 865 149 1
867 105 902 186 1
833 161 865 228 1
789 144 823 225 1
748 149 785 229 1
710 144 742 223 1
466 53 501 125 1
469 135 503 212 1
428 135 463 214 1
426 47 461 121 1
388 53 422 125 1
388 141 424 223 1
346 50 384 127 1
342 141 379 215 1
309 45 342 122 1
304 139 343 212 1
264 129 300 212 1
264 42 304 122 1
226 38 262 110 1
224 137 261 216 1
180 130 222 213 1
182 39 224 120 1
143 40 183 114 1
96 28 141 108 1
56 34 97 109 1
11 30 57 112 1
0 39 12 114 1
0 121 15 195 1
14 125 59 196 1
57 129 101 206 1
100 132 139 210 1
143 129 181 210 1
538 316 577 390 1
500 327 536 391 1
460 321 493 386 1
660 324 699 399 1
706 325 742 402 1
748 330 782 403 1
789 322 826 399 1
830 333 865 408 1
803 418 878 453 1
810 457 872 495 1
802 501 866 535 1
795 538 864 573 1
876 572 911 648 1
912 576 950 649 1
950 575 988 650 1
987 579 1021 654 1
1022 578 1062 658 1
1061 579 1094 654 1
1093 569 1132 641 1
1132 573 1169 644 1
1169 572 1206 643 1
1205 578 1243 654 1
1243 577 1279 656 1
419 312 455 394 1
378 312 417 394 1
336 313 373 392 1
297 309 335 389 1
257 315 292 385 1
219 308 255 388 1
175 300 215 382 1
138 302 175 383 1
95 306 136 382 1
51 300 98 374 1
15 301 57 376 1
0 298 18 379 1
1005 11 1046 89 1
1043 22 1076 100 1
1078 36 1112 104 1
1112 29 1147 103 1
1148 32 1188 105 1
1187 32 1224 105 1
1261 28 1279 100 1
1223 38 1260 102 1
1259 119 1279 191 1
1220 116 1260 191 1
1185 122 1219 193 1
1145 120 1186 194 1
1109 116 1146 189 1
1072 116 1109 190 1
1037 128 1072 190 1
999 114 1038 189 1
1248 305 1279 379 1
1215 302 1252 380 1
1248 386 1279 460 1
1217 387 1252 446 1
1180 302 1216 374 1
1142 298 1183 374 1
1141 390 1180 457 1
1179 384 1222 459 1
1107 386 1143 461 1
1071 294 1104 367 1
1106 302 1141 375 1
1032 292 1070 365 1
993 302 1027 374 1
1072 387 1107 461 1
1030 382 1068 456 1
994 383 1028 459 1
