815 0 851 25 1
806 166 847 246 1
804 272 841 350 1
796 368 835 446 1
797 474 836 556 1
819 566 869 649 1
789 683 823 719 1
587 0 668 30 1
601 39 672 74 1
620 78 677 112 1
609 117 677 156 1
601 199 673 235 1
586 242 662 280 1
597 412 665 445 1
587 532 663 567 1
578 654 654 693 1
583 698 658 719 1
427 71 499 121 1
430 115 504 164 1
412 369 489 417 1
407 451 490 503 1
263 0 340 32 1
265 29 345 87 1
262 75 340 132 1
263 119 335 176 1
258 178 335 227 1
257 221 340 275 1
249 266 328 317 1
251 304 328 364 1
249 360 333 410 1
246 403 332 465 1
247 462 328 510 1
245 505 326 560 1
245 551 323 611 1
235 593 320 661 1
233 639 314 698 1
239 691 319 719 1
