1095 532 1212 584 1
1111 584 1229 634 1
1114 637 1234 687 1
1126 689 1243 719 1
1105 479 1219 528 1
1105 417 1220 472 1
1096 362 1210 413 1
977 372 1083 421 1
980 435 1092 482 1
982 494 1095 542 1
988 607 1105 658 1
721 397 834 449 1
586 408 703 456 1
594 465 706 515 1
604 526 718 579 1
744 627 853 678 1
748 685 863 719 1
619 632 719 687 1
349 485 444 537 1
359 543 455 594 1
349 654 460 709 1
206 500 323 546 1
213 448 315 493 1
0 512 60 566 1
0 579 57 631 1
421 241 527 293 1
1072 84 1177 131 1
946 95 1061 148 1
937 36 1055 96 1
1059 23 1168 77 1
1040 0 1161 22 1
944 0 1038 31 1
699 55 809 107 1
714 121 824 172 1
571 61 691 118 1
588 118 701 176 1
