347 191 425 223 1
355 115 426 149 1
338 342 405 376 1
350 303 418 339 1
358 225 426 260 1
355 266 420 299 1
352 150 430 187 1
181 30 247 65 1
153 141 230 175 1
155 177 240 211 1
155 216 232 252 1
164 257 240 287 1
159 294 234 327 1
158 333 232 370 1
155 372 229 408 1
163 410 244 442 1
162 449 246 485 1
168 489 249 521 1
173 527 254 561 1
177 564 255 600 1
183 605 260 639 1
183 643 256 680 1
179 683 262 717 1
620 264 695 297 1
358 80 427 113 1
352 43 427 79 1
356 8 429 42 1
161 67 238 102 1
173 104 244 139 1
1050 10 1115 44 1
870 8 942 42 1
781 8 853 43 1
788 44 853 77 1
789 80 867 113 1
1063 268 1139 300 1
1061 306 1138 340 1
1064 344 1135 378 1
352 505 433 538 1
630 654 698 689 1
535 544 607 576 1
623 538 700 571 1
626 499 704 535 1
627 461 701 494 1
532 305 606 343 1
528 268 599 299 1
536 225 611 259 1
623 226 695 258 1
615 189 693 223 1
530 187 605 222 1
612 151 685 184 1
526 150 598 183 1
613 113 684 147 1
528 110 599 147 1
611 74 686 111 1
527 75 602 111 1
526 38 602 73 1
610 38 683 72 1
902 230 969 261 1
898 265 961 301 1
890 304 961 340 1
809 305 886 340 1
809 345 886 379 1
802 422 877 457 1
803 384 879 422 1
802 464 878 496 1
807 542 879 577 1
1065 685 1138 719 1
1060 645 1145 685 1
1073 609 1152 643 1
1073 568 1152 603 1
1080 529 1137 562 1
802 502 874 536 1
797 658 874 693 1
796 698 877 719 1
880 692 961 719 1
889 655 967 690 1
899 383 968 418 1
893 346 959 378 1
891 422 965 456 1
898 460 975 495 1
883 499 957 538 1
894 540 955 573 1
889 576 961 614 1
887 616 958 651 1
809 581 873 615 1
802 621 883 656 1
357 542 431 574 1
349 465 423 497 1
352 422 426 457 1
344 384 417 420 1
163 0 236 29 1
525 0 596 38 1
611 2 679 37 1
1047 47 1116 81 1
1054 82 1128 113 1
1058 117 1133 147 1
1060 151 1136 188 1
1059 190 1140 227 1
1059 231 1126 265 1
1062 423 1136 454 1
1068 384 1135 416 1
1074 496 1150 527 1
628 691 699 719 1
524 695 598 719 1
542 655 615 690 1
530 615 605 649 1
533 580 604 610 1
621 615 696 650 1
622 576 698 611 1
529 358 610 394 1
809 270 884 302 1
