1026 622 1066 705 1
1067 706 1146 719 1
982 629 1020 707 1
950 639 985 719 1
913 646 948 719 1
799 637 831 709 1
757 640 792 713 1
717 636 750 708 1
679 637 712 710 1
639 638 671 711 1
600 648 635 719 1
503 671 585 711 1
507 634 580 669 1
517 596 598 629 1
510 555 589 590 1
506 511 582 545 1
514 474 580 507 1
519 436 587 468 1
508 396 587 430 1
512 357 583 390 1
506 311 582 353 1
494 274 571 309 1
513 236 590 271 1
502 197 582 231 1
504 157 581 194 1
506 116 582 151 1
507 82 579 112 1
333 3 405 39 1
342 38 413 75 1
335 76 403 110 1
335 111 409 150 1
328 153 401 187 1
325 191 399 228 1
329 230 397 267 1
326 270 396 305 1
327 310 401 344 1
324 347 399 382 1
328 386 405 423 1
331 428 406 464 1
318 468 389 502 1
315 507 393 542 1
320 544 398 581 1
319 585 394 621 1
325 625 396 659 1
323 665 396 701 1
138 685 211 719 1
144 642 221 678 1
145 601 224 635 1
139 526 217 562 1
148 488 221 521 1
143 445 222 482 1
133 410 222 447 1
143 370 219 403 1
144 334 218 365 1
152 294 221 326 1
162 252 232 283 1
157 212 238 248 1
162 177 238 210 1
163 141 235 176 1
155 60 238 99 1
158 24 240 60 1
165 0 238 24 1
