575 206 613 285 1
469 380 509 462 1
309 553 346 631 1
428 390 462 468 1
389 556 425 634 1
346 556 384 634 1
275 557 306 634 1
234 560 268 638 1
194 559 232 636 1
154 556 191 636 1
118 556 153 637 1
75 569 114 652 1
30 552 75 651 1
0 564 30 643 1
387 386 422 466 1
487 203 524 281 1
445 202 484 280 1
408 200 442 276 1
328 203 363 278 1
369 201 400 276 1
291 198 325 279 1
251 199 287 281 1
170 214 207 280 1
136 213 168 287 1
97 212 135 290 1
59 213 97 282 1
19 204 58 274 1
0 200 18 273 1
351 376 383 448 1
312 380 345 453 1
273 389 307 469 1
235 384 270 459 1
196 387 232 466 1
157 381 193 454 1
117 377 155 458 1
79 383 116 458 1
35 383 77 456 1
0 383 39 458 1
528 209 560 283 1
