800 141 879 180 1
804 189 888 224 1
816 228 894 265 1
817 270 895 306 1
818 312 901 346 1
817 352 891 383 1
813 387 889 420 1
838 430 918 463 1
811 469 886 501 1
829 513 915 550 1
827 553 907 589 1
826 593 897 629 1
822 631 894 667 1
822 672 905 709 1
695 227 731 304 1
697 307 730 383 1
705 387 740 471 1
706 476 742 559 1
706 566 739 654 1
709 652 743 719 1
617 219 693 259 1
608 266 686 302 1
613 309 686 343 1
609 351 688 386 1
616 393 691 428 1
619 435 698 469 1
620 475 695 509 1
618 516 691 552 1
612 559 694 594 1
617 597 697 635 1
619 637 703 678 1
615 680 695 719 1
377 139 452 177 1
390 188 469 222 1
384 229 471 269 1
374 272 452 311 1
373 317 452 354 1
382 358 451 392 1
371 403 441 434 1
372 440 450 475 1
373 484 445 522 1
384 525 465 562 1
390 566 467 599 1
382 604 460 643 1
382 647 455 685 1
377 689 458 719 1
