749 280 790 368 1
700 278 745 365 1
656 275 696 369 1
604 275 649 372 1
558 288 598 375 1
510 283 552 380 1
457 294 504 388 1
416 299 455 389 1
366 292 415 382 1
318 297 364 390 1
794 283 834 366 1
843 284 888 372 1
890 285 932 371 1
932 280 977 373 1
974 275 1019 372 1
1022 279 1065 363 1
1071 281 1113 371 1
1113 276 1156 350 1
1153 268 1201 362 1
1199 267 1246 351 1
1204 525 1261 620 1
1118 511 1168 610 1
1032 515 1076 613 1
987 523 1028 616 1
943 528 984 620 1
898 521 936 604 1
850 528 894 624 1
804 532 844 622 1
759 535 798 626 1
710 531 752 625 1
663 541 707 633 1
612 540 652 638 1
566 543 607 630 1
521 548 560 633 1
468 544 514 636 1
426 559 467 636 1
378 550 422 637 1
330 538 373 625 1
285 548 330 637 1
236 549 285 637 1
1204 156 1279 204 1
1138 24 1185 104 1
1095 25 1141 110 1
1046 29 1094 112 1
1002 21 1047 108 1
917 27 961 107 1
830 25 872 106 1
784 28 827 124 1
692 31 732 120 1
644 40 687 130 1
600 32 637 121 1
551 24 591 113 1
502 17 545 110 1
459 30 499 117 1
408 35 449 132 1
0 158 78 203 1
0 211 69 251 1
0 254 68 294 1
0 300 69 340 1
0 348 65 387 1
0 393 66 434 1
0 440 69 482 1
0 488 76 531 1
0 539 74 585 1
