896 534 946 599 1
260 101 328 133 1
193 98 260 132 1
419 97 493 131 1
511 97 583 129 1
596 97 662 131 1
720 104 788 138 1
1028 116 1091 153 1
1096 122 1165 156 1
389 248 422 316 1
388 319 423 394 1
431 241 465 314 1
469 238 497 302 1
508 240 539 309 1
546 242 578 317 1
583 240 613 310 1
619 244 651 314 1
655 242 685 314 1
692 245 720 311 1
726 241 754 311 1
759 254 791 322 1
795 244 828 310 1
833 247 862 315 1
867 251 894 317 1
901 253 941 329 1
936 252 968 319 1
967 256 997 317 1
1000 248 1028 320 1
1034 260 1068 328 1
1069 254 1096 316 1
1099 254 1130 318 1
1131 265 1163 308 1
1166 256 1196 318 1
1196 260 1228 322 1
1229 257 1262 322 1
1263 260 1279 324 1
1205 403 1253 470 1
1174 407 1218 467 1
1045 403 1081 467 1
1007 396 1049 467 1
938 400 982 465 1
769 397 810 466 1
724 394 769 462 1
695 396 735 465 1
660 395 700 463 1
512 397 550 459 1
476 401 517 470 1
443 397 479 456 1
814 529 865 599 1
777 531 824 596 1
1091 526 1148 595 1
1126 533 1171 592 1
1200 534 1256 595 1
1237 531 1279 597 1
652 527 703 606 1
611 539 652 603 1
575 536 614 599 1
529 537 573 604 1
448 535 495 602 1
413 525 455 598 1
373 535 414 601 1
334 526 380 592 1
302 520 345 587 1
