665 111 709 210 1
608 106 652 199 1
557 93 603 194 1
622 541 684 629 1
672 538 747 642 1
745 520 811 614 1
801 527 864 617 1
862 542 923 633 1
199 516 274 612 1
369 529 440 622 1
748 235 795 343 1
77 518 146 607 1
507 95 550 201 1
526 325 591 425 1
465 313 529 422 1
417 321 478 417 1
364 331 424 428 1
311 338 373 430 1
203 323 272 423 1
157 332 221 422 1
400 108 444 198 1
450 107 495 207 1
350 118 392 196 1
297 104 341 198 1
244 98 294 199 1
197 110 240 199 1
146 101 194 195 1
93 121 142 179 1
39 100 94 194 1
559 528 633 629 1
492 526 562 625 1
443 527 505 616 1
323 512 391 611 1
262 521 329 617 1
17 504 102 616 1
0 101 43 195 1
757 0 868 30 1
