632 309 749 363 1
648 252 763 309 1
494 365 624 417 1
498 422 621 474 1
496 478 614 530 1
622 481 750 534 1
631 425 736 474 1
646 371 741 418 1
621 537 742 593 1
506 594 622 647 1
624 597 737 656 1
653 200 749 251 1
530 197 634 252 1
518 142 632 196 1
640 144 758 201 1
652 94 761 149 1
648 31 761 91 1
522 29 636 85 1
522 83 636 136 1
280 18 403 77 1
275 79 395 133 1
267 142 379 188 1
269 192 392 245 1
269 250 386 297 1
270 301 381 349 1
258 354 384 404 1
246 410 369 462 1
251 465 376 521 1
256 524 372 575 1
212 578 334 636 1
118 460 246 519 1
125 523 250 571 1
151 15 283 70 1
151 75 273 125 1
154 135 266 188 1
876 53 985 106 1
876 106 982 161 1
877 164 980 214 1
865 212 970 265 1
874 269 986 321 1
889 326 985 373 1
874 377 984 428 1
862 431 983 482 1
866 486 990 537 1
873 542 988 591 1
888 595 982 647 1
1082 661 1186 719 1
1104 601 1186 670 1
1087 517 1187 601 1
1105 466 1173 530 1
1073 370 1162 457 1
1062 293 1157 395 1
1061 235 1162 327 1
1082 187 1167 263 1
1083 119 1176 206 1
1067 29 1170 127 1
0 6 37 62 1
0 71 28 124 1
0 128 22 187 1
0 252 17 305 1
