672 428 741 463 1
662 390 739 427 1
568 393 643 429 1
841 352 916 386 1
841 392 915 428 1
848 432 927 467 1
852 474 931 511 1
571 433 652 469 1
679 553 750 585 1
570 554 649 589 1
573 596 652 631 1
667 593 746 631 1
852 515 931 550 1
855 555 934 589 1
937 548 1018 583 1
934 511 1007 545 1
939 470 1020 504 1
941 428 1012 462 1
933 388 1010 424 1
932 352 1008 387 1
930 314 999 349 1
837 315 915 350 1
841 271 909 307 1
932 273 1007 305 1
1127 579 1206 613 1
1122 538 1196 570 1
1118 502 1194 536 1
655 347 732 384 1
651 304 726 343 1
652 268 728 302 1
647 231 726 266 1
566 272 642 306 1
563 311 636 345 1
566 351 639 387 1
284 360 357 395 1
289 397 359 432 1
288 440 363 474 1
371 439 448 472 1
378 476 456 512 1
284 478 364 513 1
284 523 363 557 1
385 520 461 556 1
376 561 452 593 1
284 562 362 598 1
293 605 371 637 1
386 604 465 640 1
1128 619 1208 654 1
1138 659 1213 692 1
854 597 926 630 1
932 592 1016 628 1
668 471 741 505 1
570 475 646 513 1
572 516 644 551 1
378 399 454 434 1
371 357 445 392 1
371 317 446 351 1
287 316 366 352 1
295 278 360 314 1
374 276 449 312 1
377 237 455 273 1
291 238 371 274 1
290 197 362 233 1
376 197 451 234 1
387 159 463 194 1
338 109 372 180 1
376 119 454 155 1
378 78 457 117 1
386 45 454 78 1
387 9 459 42 1
333 30 369 102 1
562 231 639 266 1
563 193 634 230 1
651 188 728 225 1
656 153 724 190 1
562 151 646 193 1
644 113 724 152 1
561 111 640 151 1
559 76 632 111 1
647 72 727 110 1
652 39 726 73 1
572 39 634 77 1
559 5 638 41 1
653 1 724 37 1
833 168 915 205 1
842 123 916 161 1
925 123 989 161 1
920 81 999 118 1
832 48 899 82 1
832 85 910 120 1
921 43 998 80 1
922 7 995 44 1
834 8 908 46 1
1124 463 1203 498 1
1122 425 1197 459 1
1113 386 1193 419 1
1116 346 1196 380 1
1114 305 1185 342 1
1106 230 1172 270 1
1103 194 1179 229 1
1098 147 1178 188 1
1092 114 1174 149 1
1092 77 1168 112 1
1093 0 1172 37 1
1095 38 1167 75 1
153 609 191 690 1
147 521 188 597 1
150 421 189 504 1
152 323 190 398 1
153 240 192 315 1
151 154 188 225 1
