465 338 504 429 1
414 334 459 430 1
561 597 603 686 1
514 592 556 684 1
466 601 510 693 1
605 345 645 428 1
561 342 597 428 1
512 339 556 426 1
657 348 698 436 1
702 348 741 440 1
748 345 787 440 1
791 342 833 439 1
702 590 739 672 1
655 595 696 685 1
611 595 646 687 1
416 598 455 695 1
654 88 693 166 1
607 88 645 184 1
514 92 555 182 1
467 101 509 189 1
421 90 462 181 1
377 82 415 170 1
331 75 374 165 1
290 87 328 176 1
239 92 284 187 1
745 90 788 170 1
398 258 490 308 1
834 82 874 170 1
879 91 922 177 1
931 93 972 174 1
973 92 1014 169 1
1106 89 1149 179 1
1149 91 1193 185 1
1195 99 1238 190 1
1241 78 1279 173 1
1244 357 1279 443 1
1197 335 1246 422 1
1154 338 1196 427 1
1111 338 1156 422 1
1192 458 1271 542 1
1166 578 1210 670 1
1025 339 1068 424 1
1022 602 1069 697 1
980 338 1021 433 1
937 344 976 423 1
894 350 932 441 1
842 346 883 432 1
372 347 411 430 1
325 341 367 432 1
277 350 322 440 1
235 349 276 442 1
191 343 235 432 1
142 351 190 438 1
373 598 413 682 1
751 597 791 689 1
795 596 836 688 1
845 589 883 684 1
935 586 977 684 1
330 600 367 682 1
279 592 322 680 1
237 605 277 680 1
190 596 234 682 1
145 580 189 668 1
99 593 143 680 1
49 592 96 678 1
