396 277 438 373 1
448 286 491 379 1
502 275 547 384 1
557 286 598 385 1
403 516 466 613 1
459 510 520 615 1
569 530 629 624 1
341 294 388 354 1
290 272 336 372 1
240 272 289 366 1
183 281 239 385 1
128 267 183 376 1
79 275 132 365 1
140 491 206 591 1
199 502 258 599 1
628 521 685 622 1
680 513 742 614 1
733 511 795 619 1
792 518 855 619 1
1009 434 1060 539 1
933 305 978 405 1
879 299 925 394 1
828 283 872 389 1
187 64 290 114 1
303 70 408 119 1
590 70 691 118 1
841 75 940 125 1
1025 164 1135 213 1
294 690 349 719 1
30 493 103 589 1
26 272 87 371 1
0 273 33 388 1
612 300 652 381 1
666 289 707 386 1
717 292 763 396 1
776 285 820 392 1
