669 457 749 493 1
1131 527 1211 563 1
941 488 1018 524 1
943 454 1015 488 1
848 452 924 487 1
661 337 735 374 1
666 416 738 455 1
664 378 728 414 1
949 572 1020 605 1
949 609 1022 643 1
670 538 747 571 1
670 496 745 531 1
870 578 935 613 1
860 616 939 652 1
668 299 735 335 1
561 341 643 375 1
559 380 637 416 1
568 420 640 456 1
575 462 654 496 1
579 499 658 534 1
583 540 648 573 1
857 419 930 452 1
934 415 1006 449 1
943 375 1018 409 1
854 372 935 411 1
938 333 1008 369 1
852 338 930 371 1
1138 568 1225 603 1
562 298 641 336 1
1131 487 1213 522 1
1134 448 1211 481 1
1128 413 1205 444 1
1127 374 1208 411 1
1123 334 1199 372 1
1124 295 1195 332 1
851 295 928 330 1
385 625 458 658 1
385 582 459 617 1
390 540 463 575 1
391 499 469 535 1
393 462 477 498 1
389 418 471 454 1
394 378 471 413 1
392 340 471 375 1
385 296 466 336 1
941 293 1010 331 1
1140 607 1224 642 1
672 619 748 653 1
666 580 739 615 1
571 579 650 617 1
588 624 665 659 1
295 299 373 334 1
292 338 369 375 1
291 382 366 414 1
290 421 367 455 1
298 463 372 496 1
299 502 377 538 1
299 543 369 581 1
297 585 369 620 1
297 622 364 656 1
161 590 199 669 1
156 487 195 564 1
157 394 197 472 1
160 145 199 225 1
156 62 199 135 1
161 0 199 53 1
1122 200 1196 236 1
1109 164 1189 197 1
1111 124 1188 161 1
1104 85 1179 119 1
1098 48 1174 82 1
1102 11 1183 46 1
1101 0 1173 13 1
926 0 995 15 1
924 15 1003 53 1
920 54 992 89 1
924 90 1003 124 1
922 129 1003 167 1
844 129 913 164 1
843 90 921 127 1
839 53 917 91 1
838 15 917 52 1
836 0 910 15 1
661 8 730 46 1
673 85 743 119 1
659 123 740 160 1
568 12 642 48 1
570 48 641 84 1
569 84 644 119 1
571 123 648 161 1
386 133 466 171 1
380 93 452 128 1
297 136 371 173 1
290 94 366 133 1
290 55 367 93 1
292 16 366 55 1
298 0 368 18 1
377 0 452 17 1
385 16 457 52 1
389 56 461 91 1
572 0 641 10 1
665 0 730 8 1
854 496 933 530 1
856 537 930 571 1
584 662 664 697 1
679 661 739 693 1
862 653 936 687 1
947 648 1013 686 1
949 688 1026 719 1
858 693 937 719 1
1140 647 1222 685 1
1142 685 1220 719 1
676 699 758 719 1
587 702 665 719 1
388 703 466 719 1
294 699 365 719 1
158 685 197 719 1
382 661 456 697 1
296 662 376 697 1
481 588 516 668 1
514 392 552 471 1
