998 105 1037 176 1
955 118 998 190 1
915 113 955 198 1
876 104 918 178 1
836 105 879 178 1
804 117 841 182 1
761 107 793 173 1
724 107 760 185 1
680 113 719 181 1
644 124 682 200 1
605 129 641 202 1
562 122 600 196 1
520 121 556 194 1
477 119 517 201 1
435 123 473 202 1
392 127 431 209 1
349 135 390 214 1
305 138 346 215 1
263 151 305 217 1
213 134 266 219 1
171 132 213 217 1
122 140 171 215 1
76 147 125 230 1
26 144 80 222 1
0 143 33 220 1
936 331 983 405 1
893 327 931 405 1
858 333 898 404 1
819 330 855 409 1
780 340 816 416 1
741 345 776 424 1
702 347 738 422 1
661 346 695 420 1
618 346 656 424 1
577 351 617 430 1
536 357 574 440 1
494 353 530 434 1
453 356 493 432 1
407 360 447 439 1
361 360 407 444 1
323 360 366 445 1
278 362 322 444 1
230 364 272 436 1
183 368 228 448 1
139 378 187 457 1
95 386 140 466 1
50 389 99 472 1
5 388 56 467 1
1015 504 1060 584 1
972 516 1012 592 1
939 527 978 604 1
899 532 941 608 1
862 534 899 615 1
828 534 863 609 1
790 531 830 605 1
751 561 786 637 1
710 536 746 610 1
667 557 706 643 1
626 558 665 638 1
587 561 622 631 1
547 559 584 630 1
507 562 543 642 1
465 568 503 641 1
421 572 462 651 1
380 575 417 658 1
340 589 377 668 1
293 585 335 667 1
253 585 293 669 1
200 592 250 676 1
161 589 202 676 1
117 593 164 678 1
70 600 115 681 1
25 602 71 686 1
0 604 25 683 1
0 478 40 513 1
45 477 132 511 1
132 467 224 510 1
233 463 318 502 1
323 460 407 493 1
410 450 491 484 1
498 445 563 477 1
567 439 648 476 1
657 433 735 470 1
744 427 820 462 1
826 414 897 448 1
900 411 969 444 1
