761 51 841 87 1
771 98 849 134 1
780 139 856 172 1
783 179 857 213 1
785 219 862 255 1
781 257 855 293 1
773 296 849 330 1
804 335 881 372 1
775 377 850 412 1
793 419 875 456 1
791 461 871 497 1
792 502 859 535 1
789 541 855 576 1
791 581 867 614 1
791 617 861 652 1
792 657 872 693 1
797 697 876 719 1
658 135 692 212 1
660 218 692 290 1
667 296 703 378 1
669 382 702 466 1
667 475 704 559 1
674 559 704 626 1
674 631 710 710 1
579 126 651 169 1
569 177 649 214 1
574 218 648 255 1
572 260 649 293 1
577 299 653 337 1
584 340 661 378 1
582 384 656 420 1
582 425 655 460 1
580 466 655 502 1
580 504 663 542 1
587 547 666 586 1
580 587 661 627 1
582 629 662 664 1
585 668 663 710 1
337 48 414 88 1
351 94 429 132 1
345 138 430 177 1
334 181 413 218 1
331 224 412 259 1
344 265 415 300 1
333 312 404 344 1
333 350 415 385 1
338 391 407 430 1
349 430 429 468 1
353 470 430 510 1
343 514 425 551 1
344 556 419 593 1
343 597 425 635 1
342 638 426 677 1
345 680 429 719 1
