649 328 731 361 1
659 286 733 322 1
571 286 650 323 1
571 247 645 283 1
399 170 470 203 1
401 130 460 165 1
564 409 640 444 1
567 371 634 405 1
399 92 470 126 1
380 205 454 241 1
390 249 471 282 1
398 286 464 321 1
384 328 458 361 1
379 364 461 400 1
377 408 454 440 1
380 447 454 482 1
378 486 446 522 1
379 527 456 561 1
565 329 642 364 1
662 530 737 564 1
579 170 655 205 1
569 129 645 166 1
561 206 634 243 1
663 567 739 602 1
662 449 734 481 1
666 408 735 442 1
659 366 732 400 1
566 571 647 604 1
578 532 651 566 1
571 489 640 522 1
661 488 742 522 1
566 449 644 483 1
213 32 289 72 1
213 74 283 107 1
224 270 299 303 1
145 706 181 719 1
336 669 369 719 1
377 683 455 718 1
332 581 367 661 1
377 648 456 682 1
386 607 454 643 1
388 566 458 602 1
210 0 289 32 1
572 0 648 13 1
672 0 741 18 1
666 17 740 53 1
572 17 644 51 1
662 53 739 89 1
575 56 645 90 1
570 91 646 123 1
662 91 736 128 1
660 131 736 165 1
665 167 737 205 1
665 207 737 241 1
655 246 738 281 1
838 0 912 26 1
935 0 1005 31 1
838 30 909 64 1
919 32 992 69 1
928 69 990 104 1
842 66 915 103 1
843 104 910 140 1
924 104 996 139 1
925 144 995 178 1
842 144 922 178 1
926 183 1005 217 1
835 181 913 214 1
920 220 998 255 1
837 220 917 254 1
841 258 911 294 1
920 259 991 291 1
925 299 1002 333 1
846 302 908 335 1
924 337 1005 371 1
839 339 909 374 1
932 378 993 411 1
842 379 917 412 1
838 419 912 453 1
930 416 1008 453 1
934 458 1009 493 1
846 458 928 493 1
934 498 1011 532 1
935 535 1012 569 1
940 575 1014 611 1
937 613 1015 650 1
934 651 1011 688 1
932 693 1000 719 1
851 498 926 533 1
852 534 925 567 1
848 576 924 610 1
845 618 913 650 1
844 657 923 690 1
850 696 925 719 1
662 608 737 641 1
578 609 645 643 1
655 646 735 684 1
563 649 640 684 1
650 686 730 719 1
567 684 647 719 1
1107 36 1184 73 1
1111 73 1171 107 1
1107 111 1186 145 1
1105 150 1186 186 1
1095 188 1179 224 1
1099 224 1169 260 1
1099 260 1176 292 1
1111 301 1176 335 1
1108 340 1185 373 1
1116 379 1193 412 1
1119 415 1191 449 1
1111 451 1191 485 1
1110 489 1195 526 1
1112 528 1191 565 1
1114 569 1193 604 1
1113 606 1184 639 1
1107 644 1186 679 1
1105 681 1189 719 1
