616 60 679 93 1
695 0 726 67 1
615 100 675 130 1
699 79 733 164 1
610 135 695 174 1
384 148 451 182 1
368 64 457 101 1
382 109 464 144 1
826 2 904 41 1
815 93 896 126 1
385 25 453 57 1
378 0 456 20 1
379 190 462 224 1
704 172 741 248 1
361 280 449 322 1
363 238 440 271 1
357 461 445 501 1
359 497 444 537 1
356 540 446 583 1
812 50 889 87 1
818 130 902 168 1
822 171 901 209 1
836 211 913 249 1
835 252 911 292 1
836 294 915 327 1
838 331 912 369 1
616 228 695 268 1
611 264 708 304 1
875 493 914 576 1
833 519 868 594 1
790 529 833 614 1
753 536 792 618 1
713 535 749 612 1
631 553 665 621 1
587 544 623 625 1
544 554 585 631 1
503 567 539 648 1
608 9 680 51 1
624 181 698 221 1
342 393 437 440 1
218 423 285 504 1
57 619 114 702 1
672 547 708 627 1
836 375 919 409 1
