646 466 704 583 1
582 466 639 578 1
515 591 568 694 1
524 465 581 580 1
457 455 520 573 1
398 442 456 564 1
336 437 400 555 1
282 429 343 546 1
209 545 267 654 1
276 572 329 677 1
332 570 388 678 1
397 571 453 684 1
451 580 511 692 1
704 476 760 588 1
824 482 878 601 1
882 498 938 610 1
941 495 992 610 1
992 507 1050 619 1
1052 487 1107 600 1
108 396 176 510 1
798 205 855 315 1
739 190 790 306 1
680 192 731 300 1
618 181 674 302 1
1072 243 1128 336 1
1016 229 1076 347 1
969 229 1021 321 1
908 219 965 315 1
1169 244 1229 360 1
573 590 632 701 1
629 594 694 715 1
686 636 741 719 1
768 478 823 595 1
751 618 807 719 1
809 625 867 719 1
869 621 923 719 1
923 624 985 719 1
985 629 1041 719 1
1039 645 1096 719 1
1227 257 1279 376 1
227 415 289 540 1
