1150 2 1241 102 1
1133 290 1248 384 1
1147 203 1238 295 1
1093 157 1197 257 1
1068 109 1165 200 1
1025 62 1130 164 1
977 20 1089 126 1
933 0 1045 84 1
987 427 1083 512 1
884 340 984 428 1
862 293 957 380 1
826 248 910 331 1
788 202 875 300 1
738 159 831 254 1
702 127 785 207 1
671 71 755 159 1
623 35 712 115 1
273 234 390 285 1
289 289 396 345 1
287 375 405 420 1
550 499 657 541 1
677 560 768 601 1
666 614 777 667 1
553 554 649 601 1
537 605 651 654 1
536 658 645 701 1
294 538 410 583 1
295 637 411 686 1
302 689 415 719 1
189 651 294 703 1
180 495 295 552 1
159 293 274 335 1
167 188 279 236 1
0 143 53 192 1
0 196 51 244 1
0 299 56 349 1
0 355 63 402 1
0 454 66 504 1
0 505 65 557 1
0 607 76 658 1
0 666 81 713 1
