657 9 693 88 1
660 96 696 173 1
587 247 650 280 1
781 235 858 271 1
792 354 870 396 1
788 312 871 353 1
786 278 867 314 1
322 41 402 79 1
353 332 421 367 1
352 290 436 327 1
341 247 428 285 1
355 208 425 243 1
348 165 426 202 1
328 118 422 161 1
320 81 405 117 1
327 460 417 504 1
334 418 409 453 1
347 373 432 410 1
666 181 697 254 1
561 32 646 73 1
565 77 641 113 1
567 116 644 153 1
581 147 657 188 1
577 200 652 236 1
586 287 646 317 1
583 318 666 358 1
591 367 663 403 1
584 410 661 448 1
583 448 675 495 1
321 641 410 683 1
321 677 409 719 1
798 559 882 597 1
803 518 879 555 1
803 437 877 479 1
805 481 881 514 1
804 396 882 434 1
780 35 857 72 1
786 74 865 110 1
798 116 879 149 1
794 192 874 231 1
801 153 862 188 1
835 681 871 719 1
667 267 700 350 1
670 359 708 437 1
781 0 856 29 1
571 0 650 29 1
332 0 406 36 1
