465 224 500 299 1
428 219 462 300 1
388 220 424 302 1
449 401 482 474 1
410 410 444 490 1
548 219 579 297 1
505 221 539 298 1
585 221 622 301 1
627 223 663 300 1
665 230 700 303 1
714 226 749 305 1
371 404 406 483 1
490 397 524 469 1
527 407 559 487 1
570 411 603 486 1
612 400 648 482 1
448 579 481 656 1
485 579 522 658 1
531 579 560 660 1
332 409 368 486 1
305 234 341 299 1
293 402 327 480 1
253 399 289 481 1
215 405 251 480 1
413 582 445 654 1
370 584 403 662 1
331 583 367 664 1
289 582 326 666 1
253 580 287 664 1
214 593 251 674 1
169 575 211 655 1
131 587 172 664 1
94 593 131 667 1
52 588 93 666 1
12 604 51 681 1
0 598 14 679 1
172 406 212 478 1
139 405 171 481 1
101 405 139 482 1
59 411 100 489 1
19 413 59 490 1
0 402 20 474 1
267 232 300 309 1
232 233 267 311 1
194 235 228 305 1
155 228 191 297 1
112 221 151 294 1
76 222 114 296 1
29 215 73 301 1
0 225 30 300 1
