757 15 837 51 1
767 62 845 98 1
776 103 852 136 1
779 143 853 177 1
781 183 858 219 1
777 221 851 257 1
769 260 845 294 1
800 299 877 336 1
771 341 846 376 1
789 383 871 420 1
787 425 867 461 1
788 466 855 499 1
785 505 851 540 1
787 545 863 578 1
787 581 857 616 1
788 621 868 657 1
654 99 688 176 1
656 182 688 254 1
663 260 699 342 1
665 346 698 430 1
663 439 700 523 1
670 523 700 590 1
670 595 706 674 1
575 90 647 133 1
565 141 645 178 1
570 182 644 219 1
568 224 645 257 1
573 263 649 301 1
580 304 657 342 1
578 348 652 384 1
578 389 651 424 1
576 430 651 466 1
576 468 659 506 1
583 511 662 550 1
576 551 657 591 1
578 593 658 628 1
581 632 659 674 1
333 12 410 52 1
347 58 425 96 1
341 102 426 141 1
330 145 409 182 1
327 188 408 223 1
340 229 411 264 1
329 276 400 308 1
329 314 411 349 1
334 355 403 394 1
345 394 425 432 1
349 434 426 474 1
339 478 421 515 1
340 520 415 557 1
339 561 421 599 1
338 602 422 641 1
341 644 425 683 1
793 662 872 700 1
804 702 877 719 1
674 674 707 719 1
581 675 662 717 1
350 683 432 719 1
