650 231 718 300 1
681 316 746 381 1
624 262 687 326 1
593 286 661 352 1
571 314 632 379 1
658 346 725 415 1
635 379 698 441 1
540 345 608 414 1
512 374 582 446 1
918 495 980 557 1
892 524 959 590 1
857 434 919 494 1
822 456 886 520 1
798 486 857 539 1
767 507 829 568 1
734 535 802 602 1
491 405 559 471 1
609 410 672 471 1
578 435 648 505 1
552 465 619 533 1
710 289 778 354 1
741 267 805 326 1
677 202 743 268 1
707 174 773 239 1
768 233 836 296 1
794 204 856 266 1
725 142 792 206 1
761 118 826 183 1
787 93 852 156 1
805 62 873 127 1
873 125 938 191 1
847 149 910 214 1
822 178 887 243 1
871 389 940 453 1
899 364 969 433 1
928 340 998 410 1
957 313 1023 377 1
981 284 1047 345 1
1001 255 1066 317 1
1060 311 1117 366 1
1039 337 1096 396 1
1013 369 1074 434 1
990 403 1054 470 1
969 432 1028 497 1
867 552 926 611 1
713 567 773 627 1
803 597 864 654 1
785 627 848 692 1
754 656 818 717 1
727 685 786 719 1
685 596 758 665 1
662 631 720 685 1
629 655 699 719 1
608 689 663 719 1
132 0 208 70 1
908 0 966 20 1
955 0 1027 59 1
988 20 1049 80 1
1019 42 1079 104 1
1045 68 1112 130 1
1072 95 1133 158 1
1096 118 1170 188 1
1130 146 1189 214 1
1151 178 1211 236 1
1173 204 1233 268 1
1198 232 1261 289 1
1228 245 1279 314 1
1258 290 1279 339 1
1262 351 1279 396 1
1239 388 1279 447 1
1214 412 1279 478 1
1177 433 1250 496 1
1159 467 1228 532 1
1131 491 1196 552 1
1108 516 1175 576 1
1083 546 1147 609 1
1060 576 1128 641 1
1043 608 1106 670 1
992 665 1060 719 1
955 687 1004 719 1
1019 637 1082 700 1
461 438 530 506 1
524 498 590 565 1
495 527 562 595 1
435 465 502 530 1
407 495 478 561 1
469 558 541 628 1
451 590 515 654 1
387 528 452 596 1
349 554 416 620 1
329 584 394 651 1
420 617 486 680 1
397 649 465 713 1
362 667 429 719 1
291 623 358 687 1
333 696 383 719 1
221 688 278 719 1
664 0 722 29 1
627 0 693 58 1
601 25 666 88 1
568 44 635 109 1
539 68 606 135 1
516 103 579 167 1
494 137 558 203 1
463 164 530 233 1
435 195 504 262 1
410 226 477 290 1
378 252 450 322 1
356 282 422 353 1
329 313 398 382 1
300 340 372 412 1
272 368 343 437 1
254 400 315 464 1
223 429 287 491 1
193 454 257 518 1
156 475 223 533 1
132 511 203 574 1
112 546 184 607 1
82 570 152 639 1
50 604 132 671 1
26 634 109 701 1
1 669 75 719 1
400 0 452 26 1
347 0 418 54 1
321 11 389 82 1
274 71 340 136 1
261 113 323 175 1
218 128 289 198 1
204 163 266 233 1
162 183 234 253 1
134 213 211 289 1
106 244 177 314 1
88 281 159 344 1
57 310 130 368 1
28 335 95 402 1
0 360 67 430 1
0 407 51 465 1
0 462 26 499 1
