1112 153 1185 187 1
919 0 961 44 1
919 57 956 142 1
912 166 948 253 1
715 26 788 63 1
717 69 790 105 1
719 107 793 143 1
719 149 791 184 1
718 187 789 224 1
714 228 790 266 1
710 270 790 302 1
708 310 787 345 1
712 349 789 386 1
711 394 785 426 1
707 431 788 467 1
701 473 780 504 1
537 410 607 466 1
535 366 610 419 1
541 325 609 378 1
541 113 613 171 1
378 593 461 644 1
380 539 446 587 1
388 495 454 545 1
373 441 447 492 1
374 395 450 450 1
374 351 447 404 1
385 308 453 359 1
383 262 451 310 1
379 211 444 261 1
383 169 450 217 1
386 119 454 167 1
383 67 462 127 1
388 22 457 75 1
387 0 456 33 1
