530 374 571 469 1
575 370 620 467 1
670 102 710 189 1
623 92 663 185 1
481 367 526 461 1
680 624 718 710 1
536 639 575 714 1
911 364 952 449 1
864 361 907 451 1
816 359 866 448 1
775 359 814 450 1
724 355 769 451 1
677 368 718 456 1
630 363 671 460 1
871 618 913 707 1
824 613 866 705 1
525 104 565 203 1
577 100 615 191 1
722 620 764 718 1
772 622 818 712 1
581 622 622 716 1
632 626 672 718 1
722 106 761 200 1
767 120 810 210 1
816 107 857 199 1
867 263 960 310 1
904 108 950 203 1
951 107 995 187 1
1038 108 1085 189 1
1124 101 1168 188 1
1167 108 1215 197 1
1216 111 1266 195 1
1260 109 1279 183 1
1228 361 1279 436 1
1186 365 1232 458 1
1136 364 1182 448 1
1092 357 1137 455 1
1051 364 1096 456 1
1005 368 1048 456 1
961 367 1006 454 1
434 377 478 466 1
1232 598 1279 700 1
1146 603 1192 698 1
1099 611 1144 703 1
1055 612 1098 711 1
1009 604 1051 688 1
963 613 1007 707 1
918 614 957 705 1
491 631 530 719 1
441 617 482 704 1
398 625 440 714 1
347 624 394 713 1
93 609 183 653 1
87 558 185 601 1
88 511 178 551 1
77 461 177 505 1
76 416 177 457 1
84 369 176 412 1
94 321 177 362 1
81 276 178 317 1
77 229 172 273 1
