512 106 546 194 1
510 207 548 287 1
499 342 540 421 1
492 449 527 517 1
498 523 537 603 1
277 371 357 405 1
286 415 367 453 1
289 459 369 491 1
277 501 360 532 1
273 535 348 575 1
268 579 343 616 1
274 621 349 657 1
291 664 357 695 1
276 701 360 719 1
187 310 271 349 1
66 157 153 200 1
112 401 195 449 1
117 450 191 492 1
68 497 153 543 1
99 537 176 583 1
96 655 174 703 1
0 203 40 246 1
0 247 47 291 1
0 298 40 338 1
102 699 175 719 1
0 341 25 380 1
0 391 23 432 1
0 440 18 475 1
0 483 21 517 1
0 532 25 569 1
