818 1 894 41 1
824 39 897 78 1
825 79 905 115 1
823 118 901 152 1
823 152 897 187 1
852 195 931 230 1
826 233 900 267 1
846 277 932 310 1
849 317 930 352 1
849 359 919 392 1
848 398 919 430 1
850 438 933 474 1
855 478 930 512 1
856 521 942 555 1
863 561 948 594 1
880 603 957 638 1
872 644 954 681 1
872 684 957 719 1
699 9 735 82 1
704 85 739 153 1
715 158 752 240 1
720 243 757 325 1
725 331 761 414 1
734 418 767 483 1
737 490 774 570 1
745 572 781 652 1
751 658 787 719 1
622 0 694 41 1
616 48 692 83 1
622 82 694 120 1
622 124 698 162 1
628 165 703 200 1
636 205 711 241 1
640 244 708 280 1
636 287 710 320 1
637 327 712 361 1
641 367 718 403 1
645 407 727 443 1
642 451 722 485 1
643 491 724 524 1
643 533 726 572 1
648 578 733 615 1
644 616 733 651 1
648 658 732 696 1
647 703 725 719 1
407 0 480 23 1
402 23 489 60 1
392 62 470 97 1
396 102 474 139 1
403 139 472 176 1
395 182 463 215 1
395 221 473 252 1
400 262 468 293 1
411 298 489 336 1
415 340 494 372 1
411 381 487 414 1
408 419 483 457 1
407 462 490 497 1
408 505 492 539 1
413 544 495 580 1
418 586 501 628 1
422 632 503 668 1
436 671 506 707 1
