607 472 660 600 1
547 473 599 598 1
486 469 540 589 1
741 478 790 595 1
870 480 921 584 1
414 463 471 577 1
354 456 411 571 1
293 447 352 563 1
231 444 290 564 1
501 113 552 220 1
434 113 494 241 1
312 115 372 233 1
246 123 310 244 1
178 109 249 227 1
672 471 726 604 1
807 484 861 611 1
927 473 983 603 1
990 476 1046 589 1
1104 474 1166 590 1
1161 480 1222 601 1
1225 478 1279 600 1
1230 160 1279 281 1
1173 148 1232 271 1
1113 139 1171 263 1
935 135 988 242 1
877 134 928 248 1
807 129 861 249 1
746 114 800 239 1
624 119 678 230 1
128 94 188 212 1
63 79 128 202 1
2 92 63 211 1
163 437 229 565 1
106 452 164 563 1
42 439 110 565 1
0 449 41 575 1
