908 175 987 216 1
913 217 992 255 1
928 256 1003 292 1
921 298 1000 334 1
922 337 1003 371 1
926 373 1010 415 1
927 418 1008 455 1
929 455 1010 493 1
934 498 1012 531 1
790 145 826 224 1
796 228 832 305 1
803 311 840 387 1
808 399 848 477 1
695 141 773 184 1
701 184 778 224 1
702 225 783 268 1
702 268 786 306 1
702 308 785 349 1
704 355 778 391 1
709 395 789 434 1
717 435 796 473 1
728 476 805 511 1
695 102 774 143 1
786 75 819 140 1
905 136 977 173 1
903 96 982 137 1
464 76 535 112 1
463 117 542 153 1
466 160 543 195 1
471 201 550 236 1
478 241 558 278 1
698 63 780 102 1
899 58 970 95 1
731 513 811 551 1
730 551 808 590 1
498 490 579 529 1
491 450 563 485 1
484 407 567 444 1
484 362 568 403 1
499 326 562 360 1
484 286 561 321 1
498 532 576 572 1
930 535 1011 571 1
498 571 570 611 1
464 34 540 74 1
470 0 543 31 1
694 21 772 63 1
689 0 765 22 1
778 0 813 73 1
898 20 967 59 1
896 0 975 20 1
813 481 852 554 1
817 564 853 641 1
821 647 859 719 1
933 572 1008 611 1
941 610 1021 650 1
954 652 1034 689 1
957 689 1018 719 1
723 590 808 634 1
727 636 805 673 1
730 674 806 711 1
491 614 568 653 1
494 651 573 696 1
502 686 593 719 1
