765 0 807 22 1
679 0 719 26 1
630 0 670 33 1
585 0 626 31 1
542 0 582 34 1
498 0 536 40 1
455 0 491 42 1
415 0 452 38 1
371 0 413 41 1
331 0 370 34 1
292 0 328 35 1
242 0 284 55 1
199 0 240 52 1
24 0 72 46 1
0 0 31 53 1
640 175 680 263 1
598 402 640 493 1
596 176 631 264 1
544 185 585 272 1
500 184 539 267 1
457 191 492 267 1
412 192 452 284 1
324 200 366 291 1
281 203 319 291 1
647 424 683 493 1
692 412 733 498 1
750 406 789 489 1
512 417 549 509 1
557 423 595 507 1
465 425 506 512 1
422 429 461 516 1
366 402 417 537 1
249 436 294 521 1
212 420 254 505 1
76 445 126 534 1
0 427 44 522 1
242 190 282 273 1
198 194 238 279 1
158 193 200 276 1
76 199 121 279 1
30 200 75 292 1
0 210 35 279 1
160 0 200 51 1
687 179 728 265 1
