1004 107 1045 175 1
963 116 1001 191 1
922 114 959 197 1
882 106 923 182 1
844 108 882 181 1
807 120 843 184 1
767 112 798 175 1
729 109 763 185 1
685 115 722 181 1
648 125 687 201 1
609 132 646 206 1
566 125 604 200 1
526 128 561 198 1
482 126 520 203 1
441 129 474 207 1
398 132 435 214 1
355 140 395 222 1
311 144 352 221 1
270 158 310 224 1
218 141 268 228 1
178 140 220 228 1
131 148 176 224 1
82 155 130 240 1
34 154 83 232 1
0 151 41 228 1
942 332 990 403 1
901 326 938 402 1
866 335 906 405 1
824 331 861 409 1
785 341 823 413 1
746 350 784 424 1
711 350 748 423 1
668 351 703 424 1
625 348 662 428 1
584 356 624 434 1
543 361 579 443 1
500 357 538 437 1
460 362 499 440 1
414 365 456 445 1
368 369 414 453 1
329 366 372 455 1
284 369 327 456 1
236 373 277 448 1
191 376 237 458 1
146 389 195 471 1
104 399 150 477 1
59 402 106 485 1
14 400 62 482 1
909 412 979 441 1
837 416 906 448 1
751 427 828 463 1
663 436 745 471 1
575 441 656 481 1
504 453 573 486 1
416 459 501 497 1
331 469 415 505 1
241 474 327 513 1
142 481 232 524 1
53 488 141 530 1
0 493 48 535 1
1028 500 1072 579 1
988 514 1028 592 1
949 526 991 601 1
913 529 951 604 1
871 533 913 612 1
835 536 875 609 1
802 531 838 606 1
763 562 801 642 1
721 538 757 616 1
680 561 718 646 1
639 562 677 646 1
597 565 635 636 1
558 567 595 635 1
517 570 555 653 1
479 573 513 651 1
432 579 472 663 1
392 587 429 670 1
349 601 391 681 1
307 596 348 678 1
262 598 304 683 1
214 603 260 696 1
171 605 217 690 1
129 607 174 695 1
83 614 127 703 1
35 618 83 706 1
0 621 35 705 1
