647 245 760 296 1
778 190 892 243 1
782 139 889 186 1
646 138 759 200 1
638 192 755 243 1
395 133 510 188 1
401 189 518 246 1
279 195 392 264 1
18 168 155 219 1
39 223 162 282 1
1 122 40 173 1
395 257 517 310 1
48 331 178 392 1
1 335 50 396 1
62 396 174 451 1
1 409 52 459 1
417 319 511 367 1
285 330 402 383 1
282 388 400 441 1
403 381 524 437 1
674 306 764 354 1
655 359 773 415 1
782 358 901 415 1
921 370 979 481 1
774 59 884 115 1
636 88 752 138 1
643 29 759 87 1
377 77 499 131 1
393 24 502 77 1
404 0 497 21 1
643 0 754 31 1
281 0 395 54 1
37 10 165 60 1
32 63 162 114 1
875 612 987 713 1
675 663 796 719 1
432 677 557 719 1
306 683 428 719 1
