1085 328 1161 371 1
897 19 939 102 1
893 130 933 217 1
891 230 928 315 1
881 344 921 431 1
690 78 768 119 1
685 201 760 234 1
690 242 762 277 1
690 282 765 321 1
689 325 762 359 1
685 367 763 400 1
682 405 763 442 1
678 447 758 483 1
678 489 755 523 1
675 530 755 563 1
671 572 752 605 1
672 608 754 645 1
663 650 744 687 1
509 290 581 341 1
509 0 593 53 1
506 502 574 552 1
499 544 578 595 1
501 588 573 642 1
346 671 416 715 1
334 614 409 666 1
337 570 412 625 1
338 525 411 580 1
353 480 416 533 1
356 438 415 486 1
339 390 410 432 1
362 342 418 393 1
359 297 422 343 1
348 237 429 298 1
342 189 424 246 1
346 143 428 203 1
359 103 431 160 1
351 50 433 107 1
356 7 433 57 1
