770 0 846 29 1
773 36 847 70 1
775 76 852 112 1
771 114 845 150 1
763 153 839 187 1
794 192 871 229 1
765 234 840 269 1
783 276 865 313 1
781 318 861 354 1
782 359 849 392 1
648 0 682 69 1
650 75 682 147 1
657 153 693 235 1
569 0 641 26 1
559 34 639 71 1
564 75 638 112 1
562 117 639 150 1
567 156 643 194 1
574 197 651 235 1
572 241 646 277 1
572 282 645 317 1
570 361 653 399 1
335 0 420 34 1
324 38 403 75 1
321 81 402 116 1
334 122 405 157 1
323 169 394 201 1
323 207 405 242 1
328 248 397 287 1
339 287 419 325 1
343 327 420 367 1
333 454 415 492 1
340 372 417 407 1
337 414 413 450 1
669 488 702 567 1
663 241 696 324 1
663 331 696 412 1
668 419 698 483 1
580 407 660 441 1
571 326 650 359 1
783 399 851 430 1
787 441 863 474 1
786 479 857 511 1
789 520 866 558 1
792 562 869 596 1
804 598 879 632 1
797 639 872 676 1
340 501 418 538 1
340 543 423 578 1
348 582 431 622 1
350 626 429 663 1
366 664 432 700 1
673 570 707 649 1
573 487 653 527 1
574 448 655 486 1
579 530 655 572 1
579 570 662 611 1
578 611 661 650 1
575 652 658 691 1
797 680 877 716 1
676 654 713 719 1
577 698 651 719 1
