1244 137 1279 168 1
1072 133 1134 165 1
1001 127 1064 161 1
705 114 771 146 1
590 109 651 143 1
508 107 575 140 1
418 107 489 141 1
262 111 332 142 1
199 110 267 142 1
388 253 419 318 1
386 320 419 392 1
428 248 462 316 1
467 244 495 304 1
501 245 534 312 1
540 250 570 319 1
575 245 604 315 1
609 251 641 320 1
643 249 672 317 1
679 251 710 316 1
712 248 741 315 1
747 259 774 326 1
780 251 811 316 1
816 253 845 318 1
847 257 876 324 1
882 260 919 334 1
916 258 944 324 1
947 261 973 322 1
975 255 1005 326 1
1012 266 1043 334 1
1042 261 1071 321 1
1073 262 1102 322 1
1105 273 1134 313 1
1135 264 1165 322 1
1165 270 1198 327 1
1197 262 1229 329 1
1229 266 1261 329 1
1259 277 1279 327 1
1238 414 1279 475 1
1172 405 1218 469 1
1143 409 1185 469 1
1022 404 1057 468 1
982 398 1024 463 1
919 401 959 465 1
752 400 793 465 1
711 396 753 461 1
682 397 721 464 1
647 396 687 463 1
506 396 542 457 1
472 399 511 466 1
441 396 472 452 1
1245 524 1279 586 1
1205 528 1255 593 1
1167 529 1221 593 1
1095 529 1143 590 1
1066 522 1117 588 1
876 530 924 591 1
796 525 845 594 1
760 530 806 592 1
641 523 689 598 1
601 533 641 604 1
565 532 606 595 1
519 532 565 598 1
444 531 490 594 1
408 520 450 593 1
370 528 412 591 1
334 522 378 591 1
301 514 344 578 1
