842 0 880 29 1
835 39 874 121 1
842 141 880 224 1
834 253 875 341 1
831 353 866 437 1
820 464 853 548 1
1023 450 1096 490 1
643 77 706 119 1
629 200 706 243 1
622 322 697 358 1
630 364 700 400 1
626 407 703 439 1
629 444 701 479 1
620 485 695 521 1
616 525 695 564 1
610 569 692 602 1
610 608 689 647 1
608 646 688 682 1
607 690 683 719 1
446 406 520 461 1
455 116 537 173 1
458 38 537 87 1
436 621 509 672 1
435 662 509 712 1
309 0 377 32 1
301 28 380 78 1
302 74 378 129 1
294 127 374 178 1
289 171 374 227 1
289 219 367 278 1
285 260 366 319 1
282 306 363 365 1
289 358 369 415 1
291 415 358 462 1
277 458 355 509 1
275 506 345 551 1
276 551 352 601 1
276 601 353 648 1
271 641 344 694 1
268 686 349 719 1
