766 0 803 31 1
817 0 885 73 1
867 33 938 112 1
919 67 986 140 1
958 112 1031 183 1
1009 154 1079 223 1
1059 186 1118 254 1
1137 265 1202 333 1
1182 302 1257 370 1
1216 328 1279 402 1
1254 377 1279 416 1
685 52 759 118 1
642 97 716 162 1
578 194 650 256 1
501 289 581 355 1
465 336 544 402 1
427 378 501 446 1
404 441 479 505 1
660 357 743 412 1
627 433 693 503 1
670 457 727 523 1
694 486 760 558 1
651 555 711 620 1
733 511 789 573 1
677 577 742 651 1
708 604 773 679 1
740 633 802 697 1
774 652 833 719 1
809 676 874 719 1
856 700 897 719 1
997 693 1045 719 1
946 679 1008 719 1
913 651 979 719 1
885 626 951 702 1
855 604 921 679 1
822 584 885 658 1
792 553 861 630 1
758 530 827 606 1
744 284 808 356 1
781 310 847 386 1
811 332 882 408 1
838 367 907 442 1
875 387 942 462 1
905 419 972 488 1
938 438 1007 511 1
969 466 1034 532 1
997 487 1067 556 1
1030 514 1090 578 1
1059 532 1126 607 1
1089 557 1155 626 1
1115 588 1179 658 1
1150 610 1216 678 1
1181 626 1242 695 1
1201 652 1274 719 1
1239 683 1279 719 1
1253 604 1279 649 1
1225 560 1279 632 1
1198 534 1262 603 1
1168 515 1230 586 1
1139 490 1201 558 1
1111 464 1174 536 1
1080 437 1144 511 1
1062 405 1118 474 1
1019 396 1081 463 1
994 368 1052 435 1
965 338 1026 410 1
931 313 995 387 1
895 296 961 370 1
863 263 931 343 1
836 238 898 314 1
795 219 859 292 1
