659 4 695 83 1
662 91 698 168 1
589 242 652 275 1
668 176 699 249 1
563 27 648 68 1
567 72 643 108 1
569 111 646 148 1
583 142 659 183 1
579 195 654 231 1
588 282 648 312 1
672 261 706 346 1
583 317 668 356 1
789 67 871 106 1
802 108 881 146 1
593 367 665 403 1
585 448 680 494 1
585 411 665 451 1
677 355 713 433 1
809 517 885 554 1
809 478 887 513 1
807 435 885 476 1
808 395 887 432 1
795 355 872 393 1
792 314 876 352 1
789 278 869 312 1
783 234 863 269 1
800 185 880 227 1
804 148 869 182 1
780 0 857 23 1
569 0 649 24 1
350 372 435 408 1
357 330 424 364 1
341 246 430 283 1
355 291 437 326 1
335 419 412 452 1
330 460 421 507 1
327 643 415 687 1
327 678 413 717 1
328 0 405 35 1
783 26 858 64 1
846 676 886 719 1
807 556 890 596 1
329 117 426 161 1
323 41 402 82 1
323 82 406 118 1
358 209 427 242 1
350 167 430 202 1
