940 301 1051 353 1
824 301 929 346 1
583 292 702 347 1
584 356 700 406 1
573 413 683 462 1
578 466 695 515 1
456 290 582 343 1
460 349 576 400 1
460 409 570 459 1
581 523 696 570 1
585 573 693 622 1
573 624 694 679 1
563 681 682 719 1
800 626 927 678 1
812 680 927 719 1
932 678 1031 719 1
944 625 1034 669 1
930 571 1038 617 1
945 517 1054 566 1
951 463 1041 511 1
833 469 934 516 1
825 414 930 462 1
940 415 1048 464 1
947 362 1049 410 1
821 356 935 401 1
214 291 335 339 1
207 352 331 402 1
212 415 333 464 1
70 290 196 341 1
70 353 195 404 1
205 528 328 584 1
67 529 179 573 1
195 587 318 637 1
63 644 187 692 1
216 699 333 719 1
1155 310 1265 357 1
1157 363 1262 408 1
1157 416 1260 460 1
1146 466 1251 514 1
1156 520 1266 569 1
1167 571 1267 619 1
1155 621 1268 672 1
96 10 201 61 1
223 5 350 55 1
463 12 584 63 1
598 15 708 65 1
814 20 925 77 1
929 27 1039 85 1
1150 25 1259 82 1
1170 0 1260 27 1
943 0 1030 24 1
818 0 932 20 1
1148 673 1273 719 1
