763 304 802 384 1
723 308 759 384 1
679 304 718 389 1
636 296 672 384 1
593 209 630 289 1
633 213 669 282 1
601 295 632 370 1
884 39 920 114 1
844 32 882 114 1
805 35 840 109 1
924 37 961 118 1
965 36 998 116 1
1001 50 1040 118 1
1043 47 1080 124 1
1079 45 1115 119 1
1114 52 1151 131 1
1153 63 1190 131 1
1193 56 1229 136 1
1231 55 1270 128 1
929 128 1007 166 1
1269 59 1279 131 1
806 300 842 384 1
883 218 918 299 1
844 213 880 294 1
802 212 838 293 1
763 216 796 296 1
720 205 758 293 1
676 207 713 290 1
506 207 541 286 1
550 207 585 277 1
845 308 880 385 1
883 304 919 386 1
926 314 962 391 1
762 29 801 112 1
723 33 760 113 1
681 24 716 109 1
638 29 673 114 1
596 17 632 105 1
557 21 590 103 1
510 25 547 102 1
515 0 548 22 1
303 65 385 105 1
301 185 383 222 1
302 243 388 279 1
293 302 375 339 1
314 367 396 400 1
559 0 594 17 1
598 0 632 16 1
637 0 675 25 1
679 0 715 20 1
721 0 756 20 1
760 0 798 21 1
798 0 835 28 1
881 0 918 29 1
920 0 958 30 1
959 0 996 33 1
998 0 1036 39 1
1036 0 1073 37 1
1073 0 1111 41 1
1112 0 1153 40 1
1154 0 1190 42 1
1191 0 1234 48 1
1234 0 1272 50 1
1270 0 1279 45 1
923 225 958 296 1
963 220 999 300 1
999 221 1036 295 1
1039 221 1075 296 1
1078 221 1115 291 1
1116 231 1151 294 1
1151 232 1189 306 1
1189 229 1228 305 1
1228 231 1265 306 1
1264 235 1279 310 1
1260 321 1279 391 1
1228 321 1268 397 1
1188 313 1232 392 1
1151 318 1188 388 1
1113 314 1151 385 1
1075 312 1113 387 1
1039 310 1080 386 1
1000 309 1035 386 1
962 313 998 384 1
1258 488 1279 567 1
1224 487 1257 563 1
1185 480 1224 556 1
1146 485 1181 566 1
1107 489 1145 564 1
1069 486 1107 561 1
1033 479 1071 556 1
995 480 1032 562 1
957 482 994 555 1
915 487 955 561 1
878 491 914 560 1
836 486 873 565 1
798 479 834 557 1
753 479 791 564 1
713 481 748 554 1
673 487 707 570 1
