919 447 953 522 1
885 444 919 516 1
843 438 880 519 1
561 277 629 311 1
362 350 438 386 1
360 389 435 426 1
359 308 435 347 1
559 164 630 198 1
555 201 635 238 1
375 79 445 116 1
545 480 627 517 1
550 315 626 349 1
554 125 630 161 1
543 85 618 120 1
554 357 644 395 1
559 401 637 431 1
549 438 628 473 1
1031 445 1064 525 1
804 443 838 524 1
764 444 801 519 1
210 26 291 64 1
214 62 284 100 1
837 644 912 680 1
374 632 450 667 1
380 44 451 78 1
562 51 646 85 1
569 241 642 273 1
646 445 677 529 1
684 442 716 521 1
722 448 756 518 1
1070 439 1109 517 1
957 455 989 531 1
993 453 1027 531 1
920 642 981 674 1
919 680 985 715 1
836 682 911 718 1
647 637 723 671 1
646 679 718 714 1
562 675 634 710 1
555 635 628 672 1
177 643 254 679 1
178 608 254 637 1
176 569 257 602 1
183 489 254 522 1
169 528 258 564 1
191 405 268 441 1
189 445 263 480 1
366 274 434 306 1
379 233 449 268 1
378 194 453 229 1
374 157 447 190 1
377 121 450 155 1
368 430 437 464 1
364 471 437 507 1
216 0 291 27 1
204 105 271 137 1
196 142 268 178 1
193 181 268 213 1
184 217 271 255 1
192 256 267 289 1
197 292 268 328 1
188 333 262 367 1
378 708 450 719 1
373 669 452 703 1
181 682 261 716 1
557 711 630 719 1
1104 686 1181 719 1
1095 648 1172 686 1
1108 607 1184 641 1
1110 567 1181 603 1
1108 523 1189 559 1
553 16 631 49 1
375 10 451 43 1
