673 43 709 120 1
600 194 663 227 1
679 128 710 201 1
578 24 654 60 1
580 63 657 100 1
594 94 670 135 1
590 147 665 183 1
599 234 659 264 1
683 213 717 298 1
594 269 679 308 1
813 60 892 98 1
604 319 676 355 1
688 307 724 385 1
361 324 446 360 1
368 282 435 316 1
352 198 441 235 1
366 243 448 278 1
338 595 426 639 1
810 136 888 175 1
814 97 880 131 1
799 227 880 260 1
801 260 884 301 1
806 304 885 341 1
819 342 897 381 1
818 382 896 425 1
820 426 898 460 1
820 463 897 502 1
814 506 898 544 1
369 159 437 191 1
362 115 438 150 1
341 66 434 109 1
333 28 418 65 1
342 409 433 454 1
348 368 423 402 1
342 625 429 668 1
597 361 678 399 1
596 397 692 443 1
792 0 864 15 1
668 0 706 34 1
571 0 657 20 1
332 0 414 31 1
855 624 895 706 1
792 180 870 218 1
798 15 878 55 1
341 669 429 712 1
813 649 846 719 1
770 655 810 719 1
732 665 767 719 1
691 661 728 719 1
645 672 683 719 1
612 680 643 719 1
570 672 602 719 1
524 681 562 719 1
