446 545 518 643 1
557 559 627 645 1
581 151 625 251 1
532 149 572 239 1
497 366 553 463 1
546 357 606 454 1
334 355 398 454 1
597 350 659 457 1
654 363 714 458 1
638 145 679 243 1
154 530 231 638 1
212 546 275 633 1
329 549 399 643 1
385 550 456 644 1
497 560 565 657 1
618 557 685 652 1
444 373 501 464 1
96 353 152 444 1
42 345 103 443 1
0 140 38 229 1
482 162 525 236 1
432 143 473 237 1
381 139 424 234 1
334 148 373 235 1
284 141 329 229 1
236 156 277 213 1
185 137 232 230 1
138 137 185 227 1
83 148 139 245 1
35 133 86 235 1
876 30 980 80 1
687 142 729 238 1
736 154 778 244 1
788 162 829 256 1
865 282 909 382 1
291 362 352 452 1
680 555 752 651 1
740 569 804 653 1
790 565 862 670 1
859 550 922 639 1
908 555 969 638 1
960 568 1022 654 1
