661 25 697 107 1
571 28 647 66 1
578 69 655 107 1
576 113 650 149 1
576 154 649 189 1
327 41 398 73 1
327 79 409 114 1
332 120 401 159 1
343 159 423 197 1
347 199 424 239 1
344 244 421 279 1
341 286 417 322 1
673 360 706 439 1
667 113 700 196 1
667 203 700 284 1
672 291 702 355 1
584 279 664 313 1
575 198 654 231 1
791 313 867 346 1
793 392 870 430 1
344 373 422 410 1
344 415 427 450 1
352 454 435 494 1
354 498 433 535 1
370 536 436 572 1
677 442 711 521 1
577 359 657 399 1
578 320 659 358 1
583 402 659 444 1
583 442 666 483 1
582 483 665 522 1
579 524 662 563 1
791 151 874 187 1
793 192 869 228 1
793 235 860 268 1
788 275 858 306 1
794 353 864 387 1
772 24 846 60 1
581 573 657 608 1
800 68 880 103 1
774 107 844 144 1
681 527 718 608 1
585 613 662 650 1
804 595 887 634 1
339 329 421 364 1
804 637 881 673 1
591 650 669 693 1
800 672 881 713 1
357 662 432 698 1
339 0 407 30 1
566 0 644 23 1
654 0 688 21 1
774 0 847 25 1
580 235 657 273 1
807 477 884 509 1
795 435 875 471 1
801 517 879 552 1
802 557 879 591 1
682 616 721 699 1
600 693 676 719 1
363 703 447 719 1
351 575 438 615 1
349 618 435 657 1
