560 92 628 159 1
720 315 777 376 1
693 345 758 408 1
533 116 598 186 1
600 309 667 376 1
667 374 737 443 1
622 274 686 338 1
650 240 715 307 1
749 283 814 348 1
499 144 568 211 1
378 137 445 206 1
442 203 510 272 1
416 228 477 296 1
350 165 409 231 1
381 253 445 321 1
291 220 350 278 1
259 245 330 317 1
321 310 386 374 1
268 367 334 434 1
576 338 643 409 1
547 368 607 427 1
232 272 290 333 1
206 306 272 371 1
296 341 363 410 1
180 338 240 398 1
217 430 286 499 1
186 461 258 528 1
100 539 167 605 1
247 396 307 463 1
351 283 415 348 1
471 176 542 249 1
583 60 654 125 1
679 213 749 286 1
71 568 155 651 1
111 166 187 235 1
185 102 258 169 1
39 239 115 312 1
0 307 44 374 1
256 26 326 97 1
326 0 393 32 1
161 488 226 556 1
134 517 200 583 1
95 420 163 488 1
127 396 196 463 1
153 366 221 432 1
319 193 380 259 1
406 108 472 176 1
431 76 496 146 1
459 50 526 115 1
492 22 556 89 1
523 0 587 65 1
68 453 137 519 1
36 479 109 547 1
6 506 75 570 1
0 536 49 606 1
42 599 115 671 1
19 634 87 701 1
0 663 50 719 1
0 589 21 631 1
601 0 660 16 1
712 0 766 22 1
834 76 902 144 1
857 49 923 115 1
889 24 947 85 1
912 0 975 63 1
936 0 1004 42 1
992 0 1022 12 1
895 138 963 207 1
918 218 983 263 1
1038 138 1106 174 1
933 120 988 183 1
977 65 1034 126 1
1006 40 1063 99 1
1019 14 1089 75 1
1042 0 1114 43 1
1100 0 1134 17 1
707 186 775 257 1
781 260 839 323 1
443 324 510 391 1
510 385 583 456 1
641 401 705 463 1
610 426 676 497 1
579 455 642 519 1
553 485 622 551 1
493 429 558 496 1
463 453 528 523 1
527 519 585 578 1
499 546 568 618 1
432 481 502 551 1
404 515 459 571 1
470 575 533 638 1
444 603 502 663 1
369 535 436 605 1
413 629 479 697 1
384 659 450 719 1
355 684 414 719 1
344 564 409 631 1
320 593 381 657 1
290 624 357 690 1
263 655 330 719 1
238 680 297 719 1
205 702 249 719 1
607 702 646 719 1
630 675 696 719 1
661 647 729 715 1
686 620 755 688 1
724 706 758 719 1
750 677 815 719 1
780 654 841 713 1
720 600 778 659 1
742 562 806 625 1
768 532 837 600 1
794 498 863 565 1
828 481 891 545 1
858 449 927 520 1
882 420 949 489 1
912 389 976 454 1
835 591 900 656 1
863 566 924 630 1
882 533 944 599 1
919 511 982 579 1
944 479 1006 543 1
971 452 1030 516 1
1018 276 1080 334 1
1044 248 1113 314 1
1071 330 1144 400 1
1101 305 1171 369 1
1122 279 1186 340 1
1152 258 1223 322 1
1091 196 1161 262 1
1113 169 1185 232 1
1136 138 1202 199 1
1165 113 1230 176 1
1185 87 1254 151 1
1214 61 1279 117 1
1250 146 1279 201 1
1224 173 1279 241 1
1199 199 1266 261 1
1177 229 1241 289 1
999 699 1036 719 1
1018 670 1085 719 1
1045 647 1112 713 1
1072 615 1136 679 1
1098 590 1159 649 1
1164 521 1227 585 1
1179 487 1252 555 1
1207 463 1279 526 1
1231 431 1279 492 1
1251 405 1279 455 1
