63 0 102 52 1
63 69 107 155 1
62 171 108 250 1
72 257 115 341 1
76 520 123 602 1
78 615 122 700 1
205 4 282 42 1
301 0 368 36 1
306 39 378 77 1
212 41 282 80 1
210 81 286 117 1
296 77 375 112 1
306 113 383 152 1
206 119 287 158 1
205 162 287 199 1
309 159 386 195 1
302 197 379 233 1
207 201 285 239 1
215 243 299 284 1
311 238 394 279 1
493 0 569 28 1
582 0 659 23 1
593 24 669 62 1
495 28 572 66 1
501 65 581 104 1
601 62 673 96 1
599 99 671 139 1
501 104 577 144 1
503 145 576 181 1
502 184 581 219 1
609 181 683 217 1
599 220 680 260 1
504 224 584 262 1
768 0 849 23 1
862 0 937 27 1
864 26 941 59 1
771 26 847 64 1
780 65 858 103 1
874 60 944 97 1
873 99 953 139 1
786 105 864 143 1
767 144 848 182 1
870 140 943 178 1
874 177 952 215 1
792 182 870 218 1
793 222 865 259 1
870 219 956 256 1
1042 0 1125 20 1
1041 21 1124 60 1
1054 60 1126 92 1
1055 94 1133 131 1
1054 132 1127 168 1
1057 168 1133 202 1
1068 210 1141 243 1
1063 249 1144 282 1
1078 286 1151 318 1
1083 385 1154 420 1
1082 423 1156 459 1
1088 464 1165 500 1
1085 502 1162 535 1
1093 538 1169 571 1
1092 577 1174 613 1
1090 616 1173 654 1
1096 659 1183 694 1
1097 698 1184 719 1
903 706 977 719 1
906 668 977 708 1
899 587 975 624 1
897 551 973 586 1
888 513 965 548 1
898 470 977 508 1
890 428 967 467 1
893 390 964 426 1
807 437 883 474 1
808 475 889 511 1
812 520 885 555 1
800 557 878 592 1
806 596 887 635 1
810 639 884 674 1
823 679 889 716 1
611 405 682 442 1
604 445 683 482 1
611 490 676 525 1
614 528 688 567 1
616 569 701 607 1
618 607 694 647 1
617 649 699 684 1
617 689 692 719 1
500 409 581 446 1
500 450 587 488 1
503 493 581 530 1
509 535 584 570 1
524 576 601 612 1
524 613 606 652 1
530 654 596 690 1
519 694 602 719 1
460 546 499 629 1
316 409 399 452 1
324 454 405 491 1
327 497 407 532 1
325 537 411 575 1
331 581 417 622 1
329 621 410 654 1
330 659 406 696 1
325 701 406 719 1
236 706 313 719 1
237 667 307 705 1
236 623 316 662 1
231 581 307 620 1
221 415 304 449 1
221 457 300 494 1
222 501 299 535 1
223 543 303 577 1
801 395 879 429 1
