929 5 973 74 1
891 25 937 96 1
851 30 900 114 1
805 33 860 109 1
768 42 820 116 1
737 62 784 128 1
695 65 738 131 1
659 71 708 147 1
616 89 666 152 1
582 105 634 184 1
548 120 597 197 1
507 124 555 200 1
464 135 509 207 1
421 144 472 224 1
379 155 427 235 1
338 170 390 253 1
296 188 352 271 1
254 200 308 280 1
213 224 265 293 1
162 221 226 308 1
120 230 179 315 1
73 247 134 323 1
27 266 91 349 1
0 272 42 352 1
924 237 980 310 1
880 245 929 319 1
846 261 898 328 1
809 266 857 342 1
772 284 820 359 1
733 302 782 379 1
697 315 743 384 1
658 322 703 395 1
613 331 664 410 1
576 347 627 426 1
535 361 587 445 1
495 369 543 449 1
452 383 507 462 1
406 398 464 475 1
364 415 424 495 1
324 418 381 505 1
281 430 338 518 1
236 445 287 523 1
190 461 246 544 1
149 482 209 563 1
107 502 164 585 1
65 516 127 603 1
20 526 80 608 1
0 529 33 615 1
1043 385 1101 463 1
1003 407 1058 484 1
978 426 1026 501 1
938 441 989 515 1
902 455 953 534 1
870 463 916 537 1
830 472 881 541 1
801 508 849 586 1
755 495 803 568 1
719 527 772 609 1
680 538 729 616 1
639 552 685 620 1
601 559 646 629 1
562 578 614 656 1
520 587 571 662 1
478 602 532 686 1
440 619 493 700 1
401 645 454 719 1
354 651 412 719 1
315 664 367 719 1
268 678 317 719 1
907 317 978 361 1
835 339 906 382 1
758 366 834 416 1
673 393 754 445 1
587 423 666 472 1
521 450 587 495 1
435 473 516 529 1
355 501 435 556 1
263 531 349 587 1
166 560 256 622 1
81 590 166 648 1
0 619 73 675 1
