398 168 438 263 1
249 370 309 466 1
704 172 745 260 1
657 167 697 266 1
751 166 797 270 1
804 182 853 280 1
855 172 898 262 1
903 175 945 266 1
954 193 994 252 1
1001 180 1042 269 1
1047 192 1090 275 1
1095 182 1138 277 1
1143 191 1185 281 1
1188 210 1235 280 1
1237 198 1279 282 1
603 169 647 276 1
549 165 590 261 1
505 160 542 255 1
448 155 492 249 1
346 152 392 250 1
299 158 345 251 1
248 155 297 253 1
201 157 249 253 1
153 150 200 248 1
104 158 153 255 1
47 151 100 243 1
0 149 45 231 1
798 0 892 25 1
909 0 1001 32 1
1164 0 1262 44 1
1251 396 1279 488 1
1202 404 1261 497 1
1155 413 1213 499 1
1056 397 1120 492 1
1012 402 1070 490 1
817 392 870 487 1
763 382 820 483 1
659 384 716 477 1
399 375 461 471 1
340 368 400 465 1
298 372 357 467 1
51 365 106 451 1
0 372 60 464 1
0 562 26 635 1
63 564 134 660 1
130 562 190 650 1
179 567 243 659 1
232 555 310 661 1
413 570 477 661 1
467 569 538 666 1
587 578 652 671 1
875 570 964 677 1
935 585 999 669 1
1045 582 1121 678 1
1096 582 1172 671 1
1156 574 1243 668 1
1206 592 1279 685 1
