807 375 867 470 1
795 155 838 253 1
527 160 570 259 1
535 376 600 474 1
475 371 541 468 1
432 373 493 472 1
619 573 690 672 1
744 577 810 672 1
906 371 969 473 1
966 380 1019 474 1
1156 384 1219 471 1
1202 375 1271 473 1
1231 156 1279 256 1
1184 168 1233 255 1
1135 159 1182 250 1
1090 176 1135 234 1
1039 155 1085 251 1
993 155 1035 247 1
945 165 990 265 1
887 150 934 257 1
841 160 884 250 1
739 157 793 269 1
682 154 729 252 1
636 150 681 248 1
577 144 626 243 1
472 143 517 246 1
423 151 467 248 1
371 147 416 252 1
316 155 368 254 1
268 147 314 249 1
217 156 265 259 1
161 151 210 248 1
103 149 155 237 1
53 154 103 258 1
0 166 45 261 1
0 265 47 372 1
68 379 129 463 1
119 384 183 481 1
169 378 227 466 1
378 374 442 472 1
562 576 626 669 1
1028 559 1119 666 1
1088 574 1156 659 1
1202 567 1279 665 1
370 566 447 683 1
316 580 376 676 1
261 579 321 670 1
198 580 263 679 1
81 581 153 671 1
23 565 94 671 1
0 581 36 678 1
