825 419 881 531 1
889 421 944 538 1
938 427 993 544 1
412 374 466 487 1
769 409 825 524 1
1100 450 1156 563 1
1048 442 1104 552 1
996 442 1051 551 1
751 537 811 655 1
696 533 753 641 1
642 533 693 629 1
581 523 635 631 1
525 515 574 625 1
460 513 513 616 1
404 517 457 617 1
340 487 396 594 1
709 412 763 519 1
653 412 708 521 1
590 402 650 514 1
530 390 583 506 1
471 383 527 497 1
355 360 413 483 1
1182 195 1237 288 1
1127 186 1185 299 1
1077 184 1131 273 1
1021 175 1074 266 1
913 157 971 266 1
857 144 909 256 1
800 145 852 248 1
741 132 797 250 1
807 577 862 664 1
866 557 924 665 1
925 567 981 657 1
981 560 1037 660 1
1031 566 1096 675 1
1088 571 1148 686 1
1138 587 1203 697 1
1156 435 1211 543 1
240 549 326 665 1
