820 168 893 210 1
621 0 658 53 1
619 64 655 154 1
607 183 644 267 1
515 0 554 31 1
410 32 482 70 1
411 73 484 110 1
407 115 484 154 1
408 158 483 193 1
400 198 482 235 1
401 239 480 277 1
390 282 476 317 1
391 325 474 360 1
390 366 471 403 1
390 408 468 440 1
387 447 471 484 1
377 490 463 526 1
206 423 281 480 1
212 376 290 433 1
214 336 287 385 1
223 120 297 174 1
68 0 138 31 1
53 15 140 77 1
57 66 144 128 1
69 128 136 172 1
44 170 132 224 1
40 215 121 266 1
38 267 126 320 1
39 313 129 365 1
36 358 118 408 1
38 403 124 461 1
30 448 119 503 1
50 507 125 555 1
21 539 115 599 1
32 603 130 654 1
