1152 269 1251 371 1
1206 454 1269 560 1
1152 442 1211 554 1
1095 436 1151 549 1
1038 431 1089 546 1
977 425 1025 538 1
916 424 966 535 1
1197 578 1262 694 1
1259 584 1279 707 1
1144 570 1200 686 1
1089 562 1146 670 1
1028 558 1085 677 1
965 563 1024 692 1
901 560 958 674 1
678 374 729 492 1
663 547 718 665 1
602 529 661 655 1
536 524 596 644 1
480 521 532 629 1
417 528 469 630 1
351 523 407 636 1
289 540 343 633 1
229 498 288 623 1
169 494 226 607 1
110 499 168 596 1
45 488 109 599 1
0 485 50 597 1
613 398 665 516 1
550 387 599 506 1
487 394 538 508 1
419 375 473 499 1
360 374 416 493 1
295 375 355 486 1
238 365 295 480 1
175 367 233 476 1
120 369 179 481 1
49 362 121 476 1
0 353 55 472 1
984 207 1100 265 1
922 132 978 239 1
867 123 917 241 1
808 110 858 228 1
697 111 743 207 1
633 100 685 224 1
576 101 625 201 1
509 96 559 194 1
390 90 447 202 1
328 79 379 194 1
267 84 322 193 1
207 77 266 197 1
