703 413 740 493 1
661 410 696 479 1
616 408 653 489 1
743 417 777 485 1
836 239 873 318 1
793 230 830 312 1
753 235 788 315 1
713 220 748 306 1
671 222 708 303 1
626 223 662 301 1
629 141 666 220 1
675 135 709 213 1
713 137 751 218 1
757 145 793 227 1
795 140 832 220 1
417 147 498 187 1
418 260 497 298 1
413 380 495 416 1
411 437 497 475 1
403 496 484 534 1
422 560 501 595 1
428 87 505 128 1
706 497 740 570 1
742 501 776 582 1
784 412 818 494 1
783 506 818 586 1
822 511 859 583 1
825 410 863 497 1
864 422 900 500 1
861 509 899 582 1
873 235 910 318 1
912 242 950 314 1
913 155 949 230 1
876 150 910 220 1
835 141 872 218 1
951 238 991 319 1
991 247 1026 318 1
1029 334 1106 369 1
1027 243 1065 324 1
1066 243 1103 323 1
1105 256 1142 328 1
1142 255 1180 328 1
1180 252 1214 324 1
1214 259 1250 334 1
1251 272 1279 336 1
989 154 1027 232 1
1028 157 1065 233 1
1067 164 1102 233 1
1103 167 1140 242 1
1143 165 1176 241 1
1176 172 1214 248 1
1214 175 1255 248 1
1256 183 1279 247 1
902 419 941 499 1
1245 439 1279 515 1
1208 436 1245 499 1
1173 425 1208 497 1
1132 427 1169 501 1
1096 426 1132 499 1
1055 426 1097 506 1
1020 431 1055 501 1
980 426 1017 502 1
943 420 980 499 1
902 506 942 585 1
943 512 977 584 1
978 507 1016 588 1
1017 518 1057 591 1
1058 518 1091 583 1
1092 513 1129 586 1
1129 513 1172 587 1
1167 518 1206 590 1
1203 520 1246 589 1
1242 523 1279 592 1
1233 688 1272 719 1
1195 688 1235 719 1
1162 682 1195 719 1
1121 678 1162 719 1
1081 678 1119 719 1
1044 678 1081 719 1
1005 683 1040 719 1
966 686 1002 719 1
928 681 963 719 1
890 674 926 719 1
847 675 884 719 1
772 682 806 719 1
811 676 843 719 1
452 0 492 31 1
524 0 558 35 1
584 0 619 36 1
642 0 679 32 1
702 0 734 40 1
765 0 799 43 1
934 0 967 61 1
823 0 854 40 1
991 0 1030 64 1
1037 0 1080 68 1
1080 0 1117 59 1
1119 0 1154 63 1
1154 9 1190 75 1
1192 5 1234 75 1
1234 0 1270 74 1
1265 13 1279 83 1
