875 626 986 687 1
916 575 1012 642 1
900 495 1000 580 1
920 453 985 510 1
895 376 976 444 1
856 297 960 377 1
846 225 945 305 1
860 170 945 238 1
845 101 945 181 1
851 44 935 118 1
650 0 745 40 1
655 43 756 93 1
654 95 760 143 1
654 147 754 193 1
654 198 762 244 1
657 254 769 300 1
665 303 769 345 1
667 407 770 454 1
689 508 785 553 1
379 526 475 568 1
434 467 545 515 1
322 473 436 515 1
90 487 219 526 1
74 529 188 574 1
0 433 105 483 1
97 331 208 371 1
320 369 429 411 1
435 366 543 407 1
432 310 532 357 1
314 319 421 364 1
314 267 415 311 1
435 263 521 302 1
411 210 525 255 1
422 159 518 203 1
422 113 512 157 1
415 58 523 106 1
417 0 529 50 1
303 5 407 59 1
296 64 409 115 1
313 114 419 158 1
314 163 422 206 1
303 214 405 260 1
91 274 207 321 1
0 243 94 292 1
93 232 207 271 1
64 175 181 224 1
0 135 80 186 1
87 126 203 171 1
90 67 204 121 1
0 78 80 127 1
0 17 74 68 1
76 12 201 65 1
