1082 278 1122 353 1
1121 280 1160 355 1
1161 276 1200 348 1
1198 272 1239 354 1
1235 269 1277 345 1
1240 102 1279 173 1
1200 94 1242 170 1
1128 104 1168 179 1
1092 104 1128 175 1
1050 102 1087 165 1
1014 90 1051 172 1
973 95 1020 172 1
941 97 975 171 1
900 96 938 171 1
866 101 898 179 1
822 105 856 181 1
784 90 820 165 1
623 0 698 15 1
0 60 35 101 1
745 97 778 176 1
706 94 741 174 1
664 93 696 168 1
624 93 655 168 1
586 122 615 193 1
549 103 580 178 1
509 126 540 191 1
466 108 500 185 1
430 122 464 194 1
391 110 425 183 1
351 108 386 194 1
312 111 347 189 1
276 125 309 195 1
240 123 274 192 1
199 123 237 194 1
160 115 197 191 1
123 129 161 204 1
85 132 122 208 1
48 135 85 211 1
10 144 48 218 1
0 145 13 220 1
930 296 966 371 1
1082 463 1122 542 1
1122 465 1162 541 1
1162 473 1205 552 1
1199 466 1242 543 1
1241 459 1279 542 1
1077 561 1159 597 1
1079 601 1163 635 1
1084 638 1161 675 1
1083 679 1169 713 1
930 477 964 553 1
929 571 966 648 1
889 569 926 645 1
892 485 926 562 1
853 486 889 560 1
852 574 886 650 1
814 573 846 644 1
809 477 845 554 1
773 486 808 564 1
772 573 806 650 1
732 486 764 558 1
730 578 763 649 1
688 485 725 563 1
688 568 725 649 1
650 490 686 562 1
649 567 684 644 1
611 483 644 560 1
610 572 644 651 1
573 486 603 561 1
571 580 603 652 1
530 488 561 566 1
529 579 563 652 1
489 488 522 572 1
489 577 525 657 1
450 492 483 569 1
449 580 483 657 1
408 577 444 657 1
409 492 444 573 1
373 491 406 568 1
331 493 368 575 1
294 502 330 577 1
250 491 287 566 1
213 497 250 571 1
328 582 364 660 1
369 577 403 654 1
292 589 327 662 1
254 584 290 661 1
215 588 252 663 1
176 574 213 653 1
163 492 202 572 1
135 577 176 656 1
100 584 136 663 1
59 590 100 664 1
65 492 109 570 1
25 492 65 570 1
0 496 26 576 1
888 294 930 375 1
849 299 887 374 1
810 301 845 376 1
772 292 804 369 1
730 288 768 369 1
690 296 724 369 1
649 307 682 382 1
608 305 641 382 1
567 306 601 383 1
527 309 561 386 1
484 305 520 386 1
447 311 482 391 1
408 314 442 390 1
370 309 404 391 1
332 308 366 392 1
295 319 330 395 1
258 316 292 384 1
218 312 255 382 1
184 300 220 371 1
143 307 182 381 1
107 316 142 388 1
65 313 106 388 1
26 319 64 393 1
0 323 28 401 1
