489 369 561 438 1
517 347 586 408 1
544 313 609 376 1
460 397 532 464 1
433 428 504 495 1
401 458 475 523 1
383 493 448 554 1
357 520 423 582 1
319 542 397 613 1
297 576 366 642 1
265 600 341 667 1
245 636 314 694 1
225 671 292 719 1
194 695 250 719 1
415 310 479 372 1
393 349 453 403 1
362 365 432 432 1
337 392 405 459 1
317 433 385 498 1
277 450 346 517 1
259 487 322 553 1
232 521 298 584 1
203 546 269 613 1
177 576 242 637 1
148 603 218 670 1
121 633 195 703 1
102 667 166 719 1
77 703 118 719 1
554 162 619 220 1
575 130 643 192 1
612 105 681 172 1
634 71 706 138 1
660 44 726 107 1
685 16 753 83 1
710 0 778 53 1
746 0 803 26 1
858 0 910 27 1
822 0 888 51 1
795 18 864 85 1
773 45 841 111 1
746 75 812 137 1
721 103 788 166 1
699 132 773 194 1
677 163 742 224 1
1120 0 1164 23 1
1065 0 1135 41 1
1054 20 1118 78 1
1026 39 1087 103 1
1006 67 1063 123 1
977 90 1039 150 1
947 117 1016 176 1
926 146 1000 204 1
1179 0 1250 60 1
1219 0 1262 21 1
1163 18 1221 84 1
1116 78 1177 141 1
1096 104 1159 166 1
1073 132 1132 191 1
1143 304 1208 362 1
1119 328 1184 387 1
1103 359 1171 420 1
1080 389 1148 453 1
1059 416 1131 484 1
1033 443 1106 511 1
1007 474 1065 531 1
983 501 1050 566 1
953 527 1017 594 1
930 557 993 624 1
908 592 970 653 1
877 619 941 681 1
835 682 896 719 1
933 301 993 361 1
823 308 877 359 1
788 327 857 391 1
763 353 834 418 1
885 358 946 420 1
853 385 916 445 1
825 410 892 473 1
801 440 864 502 1
735 383 806 448 1
701 410 775 476 1
676 436 747 502 1
780 472 843 538 1
747 499 813 566 1
724 537 792 595 1
648 468 718 530 1
623 498 689 560 1
684 556 753 619 1
667 589 724 644 1
635 617 701 679 1
606 644 673 707 1
583 674 654 719 1
551 698 596 719 1
594 532 664 597 1
572 562 630 620 1
539 588 612 658 1
508 615 580 679 1
484 642 554 712 1
461 672 525 719 1
433 705 471 719 1
0 558 23 599 1
0 513 45 577 1
4 481 78 548 1
35 450 113 519 1
65 426 137 489 1
102 400 167 462 1
115 369 196 435 1
154 336 212 392 1
278 184 344 237 1
305 153 373 215 1
335 126 405 186 1
356 93 424 155 1
380 56 447 115 1
418 36 480 99 1
446 12 511 69 1
476 0 542 45 1
521 0 566 23 1
253 0 290 16 1
198 0 274 51 1
173 12 248 85 1
149 44 225 114 1
125 77 202 148 1
102 109 175 177 1
79 144 148 208 1
47 174 121 227 1
18 199 83 260 1
