617 364 696 403 1
629 404 703 442 1
630 445 708 483 1
607 284 681 320 1
609 239 689 275 1
608 198 692 230 1
611 155 692 194 1
610 113 688 150 1
621 523 702 564 1
381 542 461 579 1
384 375 459 408 1
704 158 738 233 1
707 240 741 318 1
830 391 911 427 1
387 618 480 662 1
709 330 745 408 1
714 413 748 492 1
714 500 749 578 1
714 582 752 661 1
620 569 697 605 1
622 607 699 645 1
626 486 703 522 1
814 69 885 106 1
814 29 889 67 1
635 642 713 687 1
841 552 920 592 1
835 512 907 549 1
832 434 910 469 1
834 475 913 509 1
827 354 909 391 1
406 660 484 699 1
850 673 931 712 1
397 246 465 279 1
384 204 462 238 1
380 160 463 197 1
368 37 449 73 1
372 79 451 115 1
375 120 455 157 1
391 413 473 449 1
387 497 463 532 1
390 453 467 491 1
380 578 462 620 1
606 69 685 107 1
606 30 683 69 1
697 2 729 67 1
700 75 733 152 1
610 328 691 359 1
632 690 706 719 1
412 702 480 719 1
850 595 933 633 1
852 635 915 671 1
378 283 464 320 1
376 329 462 363 1
611 0 691 30 1
827 314 917 350 1
827 276 908 309 1
828 238 908 272 1
836 195 910 230 1
824 154 903 187 1
819 113 900 149 1
812 0 882 28 1
370 0 444 32 1
