821 7 860 87 1
807 235 846 313 1
804 342 842 417 1
793 434 832 510 1
797 541 835 616 1
958 497 996 583 1
597 477 663 513 1
583 597 660 635 1
585 309 663 349 1
600 264 673 300 1
609 183 678 220 1
625 144 683 181 1
607 102 675 138 1
592 58 671 99 1
600 14 672 53 1
607 0 685 19 1
430 16 508 66 1
427 133 502 181 1
431 177 507 228 1
411 433 488 479 1
405 516 487 570 1
232 656 313 719 1
245 614 319 672 1
241 556 323 626 1
240 523 321 573 1
247 465 329 526 1
245 424 332 471 1
247 364 328 425 1
248 330 333 385 1
258 283 339 336 1
257 238 339 287 1
257 176 338 237 1
257 133 342 190 1
264 91 351 147 1
261 39 344 99 1
271 0 355 52 1
