610 363 689 402 1
622 403 696 441 1
623 444 701 482 1
600 283 674 319 1
602 238 682 274 1
601 197 685 229 1
604 154 685 193 1
603 112 681 149 1
614 522 695 563 1
377 374 452 407 1
697 157 731 232 1
700 239 734 317 1
702 329 738 407 1
707 412 741 491 1
707 499 742 577 1
613 568 690 604 1
619 485 696 521 1
628 641 706 686 1
820 353 902 390 1
390 245 458 278 1
377 203 455 237 1
373 159 456 196 1
361 36 442 72 1
365 78 444 114 1
368 119 448 156 1
384 412 466 448 1
380 496 456 531 1
383 452 460 490 1
599 68 678 106 1
599 29 676 68 1
690 1 722 66 1
693 74 726 151 1
603 327 684 358 1
405 701 473 719 1
845 634 908 670 1
371 282 457 319 1
369 328 455 362 1
604 0 684 29 1
820 313 910 349 1
820 275 901 308 1
821 237 901 271 1
829 194 903 229 1
817 153 896 186 1
812 112 893 148 1
805 0 875 27 1
363 0 437 31 1
840 672 917 713 1
830 555 911 591 1
826 514 899 554 1
827 478 903 509 1
825 436 903 471 1
820 396 901 431 1
614 607 689 644 1
705 585 742 662 1
370 536 449 575 1
371 577 452 617 1
377 614 471 663 1
396 663 473 699 1
711 669 743 719 1
624 689 701 719 1
811 69 883 104 1
810 27 888 65 1
845 595 924 635 1
