758 276 804 377 1
714 283 756 379 1
668 289 712 379 1
623 291 664 378 1
702 28 746 108 1
777 536 819 627 1
733 539 770 629 1
680 532 720 614 1
824 527 866 620 1
914 519 958 618 1
1003 532 1050 626 1
1143 503 1187 593 1
1188 519 1236 607 1
632 539 674 631 1
586 542 626 632 1
538 545 576 633 1
490 543 530 634 1
441 552 487 640 1
392 552 435 644 1
346 552 390 637 1
305 556 344 641 1
251 553 300 642 1
212 569 254 642 1
164 558 207 648 1
114 547 162 635 1
69 560 121 648 1
17 561 73 649 1
788 18 832 110 1
836 25 879 111 1
887 25 929 109 1
932 24 972 100 1
1075 156 1167 201 1
1064 15 1109 107 1
1112 18 1155 111 1
1155 21 1198 116 1
1200 3 1248 95 1
1248 14 1279 101 1
611 29 652 108 1
564 31 605 127 1
471 36 512 129 1
422 49 466 138 1
377 41 417 131 1
330 33 370 123 1
283 29 326 120 1
238 41 282 130 1
190 47 236 142 1
809 282 852 365 1
862 284 902 377 1
906 277 946 354 1
949 270 993 365 1
994 269 1039 354 1
1079 264 1127 350 1
1122 266 1168 352 1
1167 261 1216 346 1
1213 280 1264 366 1
1256 274 1279 368 1
570 287 611 373 1
523 288 564 376 1
474 286 519 373 1
431 286 470 376 1
379 285 425 381 1
336 299 375 384 1
289 296 333 390 1
239 305 287 397 1
198 308 238 400 1
151 303 198 393 1
101 312 154 400 1
