824 358 870 424 1
783 377 833 450 1
741 380 793 464 1
702 384 751 460 1
661 392 709 470 1
627 413 673 479 1
583 416 625 483 1
545 422 592 502 1
505 439 550 507 1
468 457 517 534 1
432 471 479 552 1
385 477 432 554 1
343 486 388 563 1
295 494 349 577 1
256 506 306 590 1
208 522 266 605 1
164 541 228 623 1
121 556 180 631 1
80 576 136 643 1
25 573 95 661 1
0 579 45 669 1
810 596 863 678 1
763 599 814 678 1
728 613 777 690 1
689 619 735 700 1
650 640 696 717 1
611 655 658 719 1
574 665 614 719 1
792 670 858 715 1
715 690 784 719 1
531 673 573 719 1
