609 0 689 22 1
618 363 697 402 1
630 403 704 441 1
631 444 709 482 1
608 283 682 319 1
610 238 690 274 1
609 197 693 229 1
612 154 693 193 1
611 112 689 149 1
622 522 703 563 1
382 541 462 578 1
385 374 460 407 1
705 157 739 232 1
708 239 742 317 1
827 270 907 302 1
832 307 915 345 1
831 390 912 426 1
388 617 481 661 1
710 329 746 407 1
715 412 749 491 1
715 499 750 577 1
715 581 753 660 1
621 568 698 604 1
623 606 700 644 1
627 485 704 521 1
834 190 911 223 1
828 230 906 266 1
821 151 902 185 1
816 109 897 145 1
815 68 886 105 1
815 28 890 66 1
810 0 879 25 1
636 641 714 686 1
842 551 921 591 1
836 511 908 548 1
833 433 911 468 1
835 474 914 508 1
828 353 910 390 1
407 659 485 698 1
851 672 932 711 1
398 245 466 278 1
385 203 463 237 1
381 159 464 196 1
371 0 446 32 1
369 36 450 72 1
373 78 452 114 1
376 119 456 156 1
392 412 474 448 1
388 496 464 531 1
391 452 468 490 1
381 577 463 619 1
607 68 686 106 1
607 29 684 68 1
698 1 730 66 1
701 74 734 151 1
611 327 692 358 1
720 667 750 719 1
633 689 707 719 1
413 701 481 719 1
851 594 934 632 1
853 634 916 670 1
379 282 465 319 1
377 328 463 362 1
