1205 141 1279 247 1
1147 142 1212 240 1
1087 165 1147 277 1
1023 162 1093 286 1
968 181 1034 291 1
438 243 495 359 1
320 270 372 386 1
264 288 315 402 1
298 146 396 200 1
1108 529 1196 639 1
1157 561 1247 667 1
734 591 823 707 1
787 638 870 719 1
645 683 704 719 1
890 672 956 719 1
1243 455 1279 563 1
636 0 689 54 1
698 0 755 59 1
765 0 815 43 1
404 0 460 100 1
349 0 403 101 1
290 0 346 110 1
234 7 292 110 1
180 28 239 122 1
116 35 186 144 1
69 71 128 161 1
8 45 78 162 1
826 0 872 23 1
880 0 929 25 1
935 0 990 20 1
995 0 1051 21 1
2 0 59 34 1
59 0 118 24 1
