444 639 521 677 1
447 599 524 633 1
358 564 434 598 1
629 555 709 593 1
717 517 794 553 1
717 555 799 593 1
722 597 798 633 1
635 515 711 553 1
362 477 443 514 1
369 598 433 634 1
362 515 444 554 1
448 513 529 548 1
438 558 518 593 1
722 471 795 510 1
633 471 710 508 1
630 430 709 469 1
717 430 793 468 1
444 471 531 510 1
184 522 254 555 1
183 482 260 516 1
360 437 433 473 1
452 431 529 469 1
449 393 528 433 1
630 395 703 429 1
718 391 792 429 1
715 351 795 390 1
629 351 707 391 1
360 396 436 435 1
365 355 438 390 1
438 350 521 388 1
362 316 438 350 1
447 309 526 348 1
199 397 269 430 1
191 356 266 393 1
186 314 263 347 1
186 274 262 311 1
888 350 967 385 1
887 308 968 344 1
179 436 257 470 1
185 561 263 595 1
185 600 261 637 1
180 706 269 719 1
366 678 442 715 1
454 680 531 716 1
362 636 439 672 1
631 681 711 719 1
719 676 800 715 1
887 670 969 709 1
723 635 802 673 1
630 639 710 676 1
633 597 711 635 1
894 634 972 671 1
900 592 975 632 1
896 550 974 589 1
896 509 978 547 1
894 470 972 507 1
902 431 969 466 1
892 389 971 424 1
890 267 968 305 1
889 230 965 264 1
890 191 969 228 1
890 148 967 191 1
886 108 964 143 1
883 68 966 108 1
881 31 956 71 1
881 0 957 30 1
716 307 802 344 1
632 307 709 344 1
715 264 794 302 1
630 264 708 302 1
630 224 707 262 1
718 223 799 262 1
723 184 791 219 1
632 185 712 222 1
720 145 795 180 1
630 143 712 183 1
714 105 790 144 1
633 110 709 145 1
446 266 524 304 1
359 268 440 306 1
179 232 264 270 1
180 192 261 230 1
241 97 279 179 1
357 228 431 264 1
446 225 528 264 1
446 186 523 223 1
362 189 428 227 1
363 148 436 187 1
452 147 532 185 1
452 107 530 143 1
363 109 438 149 1
371 69 444 106 1
456 66 533 106 1
633 67 703 107 1
715 68 791 105 1
715 30 788 68 1
627 26 707 65 1
457 27 532 66 1
373 33 448 71 1
242 17 281 94 1
246 0 282 13 1
373 0 448 30 1
458 0 525 27 1
628 0 702 30 1
719 0 795 28 1
