529 512 609 549 1
531 349 612 382 1
537 392 615 428 1
543 435 617 467 1
532 473 611 507 1
358 705 441 719 1
630 709 703 719 1
549 709 624 719 1
635 669 710 705 1
824 671 902 706 1
830 710 899 719 1
909 707 977 719 1
908 670 973 702 1
1096 709 1164 719 1
1085 671 1164 709 1
627 476 660 563 1
668 473 699 554 1
709 480 741 550 1
749 472 784 548 1
788 477 822 554 1
827 480 863 553 1
870 479 903 551 1
907 475 939 549 1
943 482 976 560 1
981 478 1015 557 1
1015 469 1051 548 1
1056 464 1096 543 1
1095 547 1179 584 1
1100 593 1170 625 1
1097 629 1176 665 1
529 155 605 193 1
536 195 612 231 1
531 235 617 271 1
545 275 621 308 1
538 311 612 345 1
360 671 435 705 1
541 672 615 707 1
346 510 419 546 1
349 468 418 502 1
342 428 419 464 1
341 386 422 425 1
335 347 415 383 1
341 311 412 344 1
354 270 426 307 1
352 229 428 266 1
348 192 422 227 1
350 152 423 189 1
348 114 421 149 1
517 115 592 152 1
537 79 610 115 1
525 42 607 76 1
524 8 602 38 1
352 3 423 39 1
347 40 424 75 1
351 76 424 111 1
187 0 257 27 1
183 29 262 63 1
181 64 263 100 1
185 101 255 135 1
174 142 242 177 1
167 180 241 215 1
165 219 241 252 1
157 257 245 294 1
165 295 246 328 1
171 335 245 367 1
161 373 240 408 1
169 448 248 482 1
169 489 242 524 1
161 533 235 567 1
148 571 239 608 1
157 612 240 648 1
159 652 240 683 1
158 686 240 719 1
