972 256 1003 327 1
843 257 873 322 1
813 252 841 320 1
777 250 809 316 1
707 249 737 313 1
676 249 704 316 1
640 246 670 317 1
605 251 638 319 1
537 250 566 320 1
499 247 531 314 1
644 397 684 461 1
680 397 718 462 1
710 396 750 460 1
750 400 789 463 1
916 401 958 463 1
705 117 768 148 1
940 261 969 319 1
1067 261 1096 322 1
1099 273 1128 311 1
1165 528 1217 591 1
1199 528 1251 591 1
1092 530 1137 588 1
1061 521 1113 587 1
794 524 842 589 1
758 527 802 587 1
519 531 563 596 1
563 530 603 594 1
641 521 689 596 1
599 531 639 595 1
409 518 448 590 1
369 529 409 592 1
335 522 375 587 1
302 513 344 575 1
743 258 771 327 1
1129 261 1156 322 1
1156 270 1190 326 1
1191 262 1221 326 1
1221 267 1252 329 1
1231 413 1273 473 1
1067 135 1126 168 1
418 111 490 142 1
510 110 574 142 1
589 113 649 144 1
266 114 333 145 1
205 113 270 144 1
466 244 494 301 1
430 248 460 317 1
388 253 420 316 1
387 321 420 391 1
1251 277 1279 327 1
1235 137 1279 177 1
1264 409 1279 466 1
1236 519 1279 582 1
978 397 1016 462 1
1014 403 1049 465 1
1166 405 1208 465 1
1136 408 1177 464 1
911 259 941 325 1
878 261 913 332 1
1005 266 1035 331 1
1035 260 1063 319 1
444 530 489 593 1
871 527 918 589 1
504 395 541 455 1
472 400 511 464 1
441 397 476 454 1
996 130 1056 161 1
575 247 602 317 1
