786 17 821 108 1
782 119 820 201 1
771 255 811 336 1
768 365 802 434 1
772 438 808 522 1
754 669 794 719 1
547 280 628 321 1
558 330 638 364 1
560 371 641 409 1
553 413 630 451 1
547 448 620 490 1
537 495 616 533 1
548 538 618 576 1
566 582 627 615 1
551 621 623 659 1
536 699 618 719 1
461 222 542 261 1
339 67 425 110 1
228 100 308 151 1
225 139 311 194 1
227 188 303 249 1
208 229 291 288 1
213 282 291 340 1
204 332 288 387 1
207 382 289 434 1
205 426 291 483 1
198 475 283 531 1
202 526 288 583 1
197 574 277 626 1
186 616 274 673 1
195 677 274 719 1
387 309 463 363 1
389 363 456 406 1
371 402 453 453 1
369 450 448 498 1
367 571 442 621 1
368 617 447 664 1
