218 592 332 643 1
90 590 208 647 1
72 532 200 588 1
211 531 318 580 1
182 416 310 469 1
63 430 175 477 1
167 139 279 192 1
37 151 158 201 1
163 0 269 27 1
530 0 637 38 1
540 36 636 93 1
547 138 653 183 1
542 191 652 241 1
550 291 670 337 1
434 248 546 296 1
454 305 547 348 1
550 341 662 390 1
559 403 670 451 1
552 455 665 507 1
445 469 547 515 1
447 519 555 568 1
568 509 671 558 1
574 565 675 613 1
452 579 562 625 1
906 550 1020 595 1
904 492 1010 544 1
793 499 900 542 1
783 439 894 489 1
900 437 1007 486 1
904 377 1000 421 1
792 383 892 428 1
780 330 888 380 1
890 318 1003 366 1
909 262 1005 304 1
889 204 994 254 1
769 229 881 276 1
770 178 880 223 1
879 155 989 201 1
879 52 989 105 1
755 15 872 76 1
1122 10 1240 59 1
1121 64 1228 115 1
1111 114 1227 159 1
1111 170 1227 215 1
1110 215 1235 263 1
1117 268 1242 320 1
1133 372 1252 421 1
1138 432 1244 478 1
1139 488 1248 530 1
1133 537 1251 586 1
1245 66 1279 115 1
1240 125 1279 176 1
1250 356 1279 397 1
1252 411 1279 455 1
1250 470 1279 520 1
1258 536 1279 581 1
