740 359 800 454 1
672 138 721 251 1
617 139 664 235 1
572 136 615 230 1
517 130 562 228 1
728 139 771 237 1
842 354 903 458 1
904 363 958 462 1
778 141 817 231 1
460 144 503 243 1
409 130 453 231 1
360 137 405 233 1
308 135 354 236 1
258 141 306 240 1
206 135 254 236 1
155 142 206 243 1
97 137 150 234 1
468 360 533 458 1
408 355 474 452 1
365 357 426 456 1
314 356 378 454 1
132 566 201 664 1
201 562 260 651 1
254 563 312 652 1
308 551 381 654 1
973 543 1058 654 1
1028 562 1097 646 1
1144 555 1221 651 1
1200 552 1274 647 1
1246 371 1279 463 1
1095 367 1159 456 1
1144 362 1210 458 1
1223 145 1273 241 1
1173 141 1224 239 1
1123 151 1173 239 1
1077 141 1121 232 1
1030 158 1074 216 1
979 137 1024 233 1
931 137 975 229 1
882 149 928 250 1
824 131 871 242 1
42 134 93 221 1
0 137 41 246 1
106 361 167 450 1
57 366 122 463 1
4 364 66 448 1
15 565 90 655 1
0 552 35 655 1
496 559 560 654 1
552 557 623 656 1
677 561 743 656 1
