1094 42 1202 135 1
1103 0 1185 55 1
845 90 942 175 1
946 176 1035 254 1
821 43 912 125 1
771 9 869 102 1
732 0 826 58 1
634 311 726 352 1
624 365 738 416 1
629 591 727 637 1
635 645 737 700 1
521 663 620 719 1
525 609 626 656 1
506 507 615 556 1
501 454 615 503 1
503 407 611 449 1
503 356 615 397 1
515 304 616 344 1
521 250 622 291 1
279 668 386 714 1
161 658 278 713 1
170 602 277 653 1
287 605 379 651 1
171 554 270 601 1
272 548 390 594 1
291 487 388 537 1
274 435 382 478 1
267 382 379 430 1
164 405 263 448 1
159 455 268 500 1
0 505 60 556 1
0 561 57 609 1
0 616 59 669 1
0 674 57 719 1
0 408 50 461 1
0 355 51 403 1
269 286 381 326 1
155 245 270 297 1
0 257 38 303 1
0 206 42 255 1
0 101 43 152 1
0 51 37 99 1
142 44 248 95 1
264 45 369 96 1
259 126 377 174 1
253 0 368 47 1
