791 287 824 363 1
831 288 865 364 1
869 284 906 363 1
908 286 944 366 1
985 286 1018 357 1
945 280 982 361 1
1019 298 1056 373 1
1058 298 1095 375 1
1132 295 1169 371 1
1205 482 1242 550 1
1169 463 1210 538 1
1126 475 1166 552 1
1089 481 1124 560 1
1051 477 1091 558 1
1015 490 1052 567 1
980 484 1016 558 1
945 475 979 551 1
900 483 938 558 1
863 488 898 567 1
824 478 859 556 1
780 474 818 556 1
771 573 850 609 1
771 611 853 647 1
772 651 855 689 1
1224 125 1262 203 1
1185 128 1224 196 1
1143 120 1180 187 1
1107 113 1143 183 1
1071 110 1106 185 1
1032 103 1071 187 1
996 113 1032 186 1
957 116 996 186 1
919 105 955 181 1
848 109 882 185 1
810 106 844 181 1
766 103 800 169 1
727 89 760 175 1
685 95 718 177 1
649 96 683 174 1
609 95 644 171 1
488 89 522 165 1
623 297 659 376 1
584 295 622 374 1
543 301 579 374 1
502 301 536 375 1
620 481 655 558 1
621 576 655 655 1
581 490 616 565 1
577 575 611 650 1
539 486 575 565 1
538 575 572 652 1
498 573 533 644 1
459 570 494 649 1
775 693 856 719 1
700 587 735 661 1
293 0 374 12 1
445 96 479 174 1
1257 126 1279 199 1
1241 289 1279 366 1
1204 294 1245 364 1
1167 292 1208 366 1
1095 290 1130 364 1
1240 469 1279 545 1
499 478 532 556 1
459 486 494 561 1
418 483 454 559 1
416 576 450 647 1
376 564 412 644 1
339 560 372 636 1
299 566 337 641 1
263 570 297 641 1
224 567 257 641 1
183 564 220 643 1
143 564 181 643 1
102 562 144 643 1
62 564 103 643 1
22 567 63 649 1
0 574 23 648 1
377 481 413 560 1
338 483 374 558 1
302 477 336 553 1
264 480 300 551 1
221 479 259 554 1
180 479 222 558 1
146 480 183 557 1
104 478 146 557 1
72 478 109 554 1
27 479 70 561 1
0 488 30 562 1
463 292 498 370 1
426 288 460 368 1
382 294 418 368 1
342 304 378 379 1
302 299 338 376 1
265 301 300 375 1
224 302 263 380 1
183 299 224 379 1
149 302 186 379 1
112 305 151 380 1
73 302 113 381 1
36 298 76 377 1
0 305 36 380 1
0 109 17 183 1
15 98 55 179 1
57 97 97 183 1
97 101 139 175 1
137 117 175 188 1
172 103 212 179 1
215 121 252 186 1
252 101 288 175 1
288 98 321 169 1
327 90 360 165 1
366 90 401 167 1
406 94 445 170 1
521 103 559 181 1
565 100 600 179 1
