510 145 573 209 1
483 177 548 245 1
462 211 529 282 1
429 239 494 309 1
403 270 471 338 1
370 295 438 362 1
340 322 408 393 1
316 357 382 422 1
452 493 505 544 1
529 400 588 460 1
556 372 611 428 1
583 337 638 392 1
609 308 673 370 1
638 278 698 340 1
666 250 726 311 1
471 458 531 515 1
177 248 242 311 1
141 275 205 334 1
106 302 177 364 1
78 328 152 393 1
37 351 125 427 1
496 431 554 484 1
541 126 612 197 1
573 99 640 167 1
598 60 668 135 1
467 0 521 29 1
420 0 487 55 1
393 11 460 78 1
367 43 434 109 1
334 68 406 137 1
306 95 376 167 1
253 167 318 226 1
228 191 296 259 1
200 219 272 288 1
21 387 99 454 1
0 421 70 486 1
0 448 40 508 1
285 387 351 454 1
262 415 327 482 1
232 441 300 509 1
210 473 278 543 1
183 507 251 574 1
146 523 210 590 1
116 551 189 622 1
93 583 165 655 1
62 615 133 684 1
39 647 104 711 1
411 510 480 584 1
391 549 460 613 1
368 582 431 650 1
339 607 401 674 1
323 645 380 705 1
291 667 359 719 1
260 686 310 719 1
