145 79 222 114 1
220 81 294 116 1
392 78 472 115 1
492 79 568 112 1
584 80 652 113 1
716 86 788 125 1
1047 101 1114 138 1
1124 108 1196 141 1
357 239 393 312 1
354 316 393 397 1
404 232 439 311 1
444 230 477 296 1
486 234 521 308 1
529 239 561 316 1
569 232 599 309 1
606 238 643 314 1
644 235 678 313 1
686 238 718 310 1
724 235 755 311 1
762 248 791 322 1
799 237 833 310 1
839 240 871 314 1
873 246 906 316 1
915 247 955 326 1
950 245 982 320 1
983 249 1016 315 1
1018 243 1050 322 1
1058 257 1092 329 1
1093 249 1124 316 1
1126 252 1158 316 1
1162 264 1197 308 1
1196 253 1232 318 1
1230 261 1269 323 1
1264 253 1279 327 1
1243 410 1279 483 1
1207 416 1255 480 1
1065 412 1107 480 1
1027 405 1070 478 1
952 407 999 476 1
767 403 815 478 1
722 401 769 474 1
691 403 733 478 1
647 404 695 476 1
487 402 529 469 1
451 406 496 480 1
415 402 453 466 1
1235 551 1279 620 1
1152 550 1204 617 1
1118 542 1181 619 1
904 552 958 621 1
818 546 872 622 1
776 551 827 621 1
641 544 697 630 1
597 555 642 625 1
557 554 603 622 1
506 555 553 627 1
421 554 472 617 1
384 541 425 616 1
337 552 382 621 1
298 545 345 614 1
261 533 308 605 1
