1005 112 1042 180 1
962 125 1000 199 1
920 120 960 202 1
880 110 925 185 1
843 112 886 182 1
806 123 845 190 1
763 115 799 180 1
726 115 765 190 1
684 120 725 186 1
649 130 687 208 1
609 135 650 208 1
568 132 607 204 1
526 129 561 202 1
484 128 521 205 1
443 130 480 209 1
399 136 439 215 1
355 141 397 221 1
311 146 352 225 1
268 161 311 225 1
219 141 270 228 1
177 143 220 229 1
131 147 178 223 1
83 157 133 239 1
35 153 85 234 1
0 152 42 228 1
941 339 991 410 1
902 332 937 408 1
864 337 904 410 1
824 338 861 416 1
783 345 821 421 1
746 353 783 432 1
705 354 742 428 1
666 354 700 428 1
625 354 662 432 1
584 360 623 438 1
542 364 578 445 1
499 361 537 442 1
458 363 499 444 1
412 368 454 448 1
368 372 412 457 1
327 370 368 457 1
287 373 325 457 1
235 373 276 451 1
189 378 235 460 1
148 391 191 472 1
102 398 147 477 1
57 402 103 483 1
13 400 61 483 1
907 415 976 450 1
834 421 903 451 1
749 435 827 467 1
665 439 742 474 1
573 447 654 485 1
504 454 569 489 1
415 459 497 495 1
333 468 412 505 1
238 474 326 512 1
137 481 229 525 1
51 490 139 526 1
0 492 44 530 1
1024 506 1068 585 1
983 520 1024 596 1
946 531 988 606 1
909 533 949 607 1
870 539 909 619 1
836 538 875 612 1
801 539 836 612 1
758 568 794 646 1
720 544 756 618 1
675 566 716 648 1
637 567 675 647 1
597 568 631 639 1
558 569 591 639 1
513 572 553 652 1
474 578 511 651 1
431 582 469 666 1
389 584 428 670 1
348 603 388 682 1
303 595 344 678 1
260 600 301 682 1
210 605 258 695 1
168 604 213 692 1
126 605 172 694 1
80 611 125 698 1
34 619 81 704 1
0 621 32 704 1
