906 314 947 402 1
857 312 902 399 1
813 309 853 403 1
761 309 806 406 1
715 322 755 409 1
667 317 709 414 1
614 328 661 422 1
849 65 889 154 1
801 74 844 164 1
757 66 794 155 1
708 58 748 147 1
950 317 991 401 1
1069 69 1117 148 1
986 64 1027 143 1
938 66 982 161 1
995 322 1039 408 1
1038 323 1081 409 1
1082 318 1125 410 1
1120 315 1169 408 1
1169 319 1214 402 1
1217 321 1263 409 1
1260 317 1279 391 1
1151 60 1199 149 1
1201 65 1250 151 1
1252 66 1279 152 1
662 47 701 138 1
616 59 654 146 1
567 63 605 159 1
571 327 610 421 1
524 320 568 412 1
475 328 518 419 1
127 181 222 225 1
119 233 214 271 1
131 278 214 314 1
124 324 215 363 1
119 373 213 409 1
117 417 214 457 1
128 466 213 505 1
127 515 220 554 1
133 563 219 604 1
1263 551 1279 641 1
1177 555 1223 651 1
1131 561 1178 653 1
1087 565 1135 656 1
1041 557 1084 638 1
995 565 1040 656 1
952 566 992 655 1
907 571 948 657 1
861 566 902 657 1
813 575 858 667 1
763 576 804 668 1
719 576 757 661 1
674 581 711 667 1
622 577 663 666 1
578 593 616 664 1
530 584 568 670 1
480 569 520 657 1
436 579 477 669 1
386 579 430 666 1
