1235 197 1274 268 1
1243 274 1279 350 1
1204 275 1245 347 1
1167 280 1205 354 1
1132 284 1172 351 1
1096 278 1134 356 1
1057 274 1096 352 1
1018 279 1057 359 1
993 372 1064 404 1
1201 197 1239 269 1
1165 194 1208 272 1
1127 194 1166 271 1
1092 192 1129 267 1
1054 192 1090 267 1
1017 194 1053 268 1
978 193 1017 269 1
938 192 973 266 1
981 276 1018 359 1
947 280 979 353 1
904 278 941 355 1
864 284 902 357 1
824 278 859 357 1
787 281 822 363 1
743 281 781 363 1
702 286 737 369 1
899 191 938 269 1
863 195 898 274 1
820 195 861 273 1
782 193 821 274 1
738 193 776 274 1
700 190 736 276 1
654 192 693 273 1
612 196 651 277 1
659 280 696 366 1
619 287 655 365 1
573 197 607 267 1
575 287 610 363 1
530 189 564 267 1
533 284 567 368 1
486 193 523 271 1
490 284 528 365 1
444 193 479 274 1
447 288 483 367 1
399 194 435 280 1
405 293 442 365 1
358 202 392 281 1
367 296 401 376 1
316 202 353 281 1
319 288 358 372 1
278 293 317 373 1
273 198 312 282 1
231 201 270 281 1
191 207 226 287 1
148 198 188 286 1
102 202 145 285 1
191 296 234 372 1
236 289 276 373 1
154 301 191 374 1
107 297 154 381 1
65 293 107 374 1
25 294 65 366 1
60 208 98 276 1
15 207 60 288 1
0 207 17 276 1
1243 443 1279 525 1
1205 448 1248 522 1
1167 449 1209 527 1
1130 452 1171 526 1
1096 450 1131 524 1
1060 452 1097 525 1
1023 450 1060 529 1
984 451 1020 532 1
945 455 983 536 1
906 467 944 534 1
868 460 903 536 1
830 461 868 543 1
788 463 826 544 1
746 466 784 547 1
706 466 739 546 1
667 459 703 542 1
619 467 654 550 1
578 470 614 550 1
536 468 571 550 1
496 464 530 544 1
452 469 491 551 1
411 466 449 546 1
366 474 405 553 1
325 478 363 552 1
284 476 321 556 1
237 471 278 547 1
197 472 238 557 1
156 473 192 545 1
106 482 153 563 1
362 104 442 140 1
1233 0 1270 11 1
1237 19 1276 98 1
1198 14 1236 96 1
1159 19 1198 98 1
1196 0 1226 8 1
1155 0 1186 6 1
1046 0 1080 10 1
858 0 888 7 1
815 0 850 9 1
695 0 728 8 1
229 0 262 9 1
52 0 98 15 1
13 0 48 14 1
1122 12 1161 92 1
1084 13 1123 93 1
1048 17 1083 88 1
1010 11 1048 90 1
967 2 1009 86 1
929 15 967 91 1
896 16 930 94 1
857 11 893 95 1
817 12 853 93 1
771 5 812 84 1
736 10 769 89 1
691 11 731 85 1
652 13 686 92 1
610 19 645 88 1
567 10 603 93 1
526 7 560 82 1
482 10 524 91 1
438 17 479 94 1
397 6 435 90 1
355 10 395 93 1
313 16 349 92 1
272 12 311 96 1
230 18 268 97 1
189 14 228 100 1
146 23 185 102 1
100 14 142 103 1
54 22 99 108 1
7 11 55 100 1
0 16 12 102 1
