346 132 389 220 1
398 133 437 226 1
247 343 305 444 1
305 353 355 448 1
548 148 590 235 1
501 137 540 228 1
451 153 488 211 1
427 550 491 637 1
544 551 619 648 1
599 551 673 646 1
665 376 720 465 1
651 146 690 239 1
598 139 641 237 1
667 547 739 645 1
714 563 783 659 1
778 561 848 647 1
836 559 903 653 1
893 556 970 653 1
951 570 1015 654 1
998 568 1071 667 1
1064 551 1130 640 1
1111 557 1174 641 1
1162 569 1230 653 1
1071 288 1118 386 1
1083 38 1188 90 1
997 169 1041 261 1
949 162 992 248 1
900 148 944 242 1
856 148 896 250 1
802 153 846 253 1
753 151 793 241 1
703 162 741 238 1
296 143 346 241 1
242 131 294 232 1
197 137 244 225 1
148 135 198 230 1
81 137 150 243 1
49 135 96 226 1
0 127 54 221 1
718 368 774 465 1
767 359 827 456 1
817 355 877 460 1
870 368 931 460 1
555 357 619 456 1
508 365 567 454 1
151 346 213 438 1
73 533 151 627 1
0 526 44 620 1
369 534 448 638 1
