1111 149 1186 190 1
910 164 948 251 1
918 55 956 139 1
911 0 959 42 1
716 27 786 64 1
722 68 792 105 1
720 103 793 144 1
723 148 791 183 1
716 188 790 223 1
715 225 793 261 1
710 267 789 304 1
710 309 788 345 1
710 350 786 387 1
710 394 785 425 1
707 429 789 465 1
702 473 779 507 1
541 112 611 166 1
543 324 610 374 1
536 365 611 418 1
535 410 610 461 1
392 492 455 544 1
377 535 444 584 1
376 587 461 645 1
371 439 446 493 1
370 395 452 448 1
378 352 446 398 1
382 308 453 354 1
392 262 451 309 1
378 211 445 257 1
387 169 452 219 1
395 117 453 163 1
386 67 464 124 1
390 21 456 76 1
389 0 456 30 1
