754 623 867 684 1
795 572 894 642 1
781 492 882 577 1
801 451 868 509 1
778 378 861 445 1
739 299 839 377 1
723 222 824 305 1
741 172 821 239 1
725 102 825 182 1
732 51 814 123 1
531 0 626 44 1
534 47 638 96 1
536 99 641 147 1
533 147 638 196 1
538 199 640 244 1
536 254 651 300 1
550 305 653 349 1
549 409 652 453 1
568 507 669 553 1
318 471 429 516 1
264 523 362 568 1
209 476 324 517 1
0 482 106 529 1
0 533 75 575 1
317 369 426 410 1
210 366 314 419 1
200 324 306 365 1
314 312 418 357 1
317 267 405 304 1
292 214 407 260 1
308 161 403 207 1
303 116 393 160 1
295 64 407 110 1
298 5 414 55 1
189 9 290 62 1
180 67 295 119 1
197 118 303 162 1
194 167 306 211 1
187 217 288 260 1
199 271 301 314 1
0 327 93 374 1
0 279 96 323 1
0 235 90 276 1
0 183 71 229 1
0 130 85 179 1
0 75 90 127 1
0 20 87 69 1
