688 226 761 298 1
724 339 789 413 1
757 310 817 375 1
792 285 858 355 1
820 261 879 325 1
848 343 907 412 1
877 319 944 395 1
910 297 976 366 1
846 228 917 302 1
876 198 946 277 1
911 182 978 250 1
939 151 1005 225 1
965 127 1034 197 1
940 274 1001 339 1
967 245 1030 311 1
997 213 1063 286 1
1024 194 1088 264 1
1049 165 1115 238 1
996 104 1062 174 1
1026 82 1090 146 1
1050 51 1123 124 1
1075 24 1144 94 1
1103 1 1171 69 1
1136 0 1197 37 1
1188 0 1224 15 1
1252 0 1279 40 1
1221 15 1279 84 1
1194 40 1256 111 1
1165 61 1227 132 1
1134 91 1196 160 1
1111 121 1169 183 1
1086 144 1145 213 1
1073 260 1144 329 1
1266 193 1279 234 1
1238 220 1279 289 1
1214 244 1276 312 1
1186 278 1253 345 1
1162 306 1224 367 1
1130 328 1198 399 1
1100 349 1167 417 1
1068 378 1137 450 1
1041 404 1101 470 1
1017 435 1085 508 1
682 556 752 623 1
626 520 701 590 1
590 469 669 544 1
552 425 631 502 1
477 338 547 408 1
395 257 466 324 1
358 205 432 275 1
605 197 668 269 1
635 164 704 236 1
663 135 733 212 1
703 120 771 192 1
730 88 796 160 1
764 64 829 136 1
790 34 858 110 1
822 12 884 82 1
848 0 913 59 1
891 0 940 34 1
933 0 969 14 1
778 0 827 19 1
730 0 792 40 1
698 0 763 65 1
665 19 736 91 1
644 50 712 123 1
606 71 678 147 1
576 101 645 170 1
548 134 617 204 1
271 126 354 184 1
335 70 407 142 1
378 25 451 101 1
422 0 492 56 1
494 0 541 25 1
