607 656 684 695 1
528 619 607 655 1
810 5 880 39 1
815 40 887 76 1
819 119 882 155 1
820 157 895 190 1
737 157 813 193 1
823 192 885 226 1
735 194 817 232 1
823 229 902 266 1
736 232 815 268 1
736 271 817 309 1
827 310 906 346 1
830 350 906 383 1
738 353 814 389 1
737 395 814 431 1
555 435 633 473 1
567 396 632 432 1
553 358 632 394 1
546 316 628 351 1
551 275 631 310 1
551 235 625 273 1
456 236 538 274 1
458 277 533 314 1
457 317 539 355 1
465 357 543 388 1
457 394 539 432 1
449 436 531 475 1
1016 542 1088 580 1
1021 503 1090 537 1
777 644 853 682 1
787 685 857 719 1
527 659 597 696 1
618 612 684 649 1
557 576 638 613 1
338 617 414 656 1
345 657 422 696 1
347 697 421 719 1
265 660 336 696 1
258 698 340 719 1
256 620 332 658 1
175 358 254 391 1
272 314 348 348 1
264 111 350 154 1
526 696 603 719 1
26 0 71 70 1
28 77 73 156 1
29 175 70 244 1
25 262 68 332 1
297 579 373 615 1
186 438 262 473 1
271 394 354 427 1
187 397 262 433 1
260 353 339 389 1
177 278 246 312 1
174 316 255 352 1
274 274 346 311 1
275 233 341 270 1
181 237 256 273 1
273 197 346 231 1
267 156 345 193 1
183 156 255 192 1
179 198 253 236 1
177 120 247 155 1
179 80 256 118 1
262 78 333 111 1
272 38 346 78 1
276 0 345 38 1
183 4 253 42 1
183 45 255 80 1
462 197 527 232 1
544 194 622 233 1
451 157 523 194 1
544 155 617 192 1
542 116 618 154 1
448 115 526 155 1
455 80 528 114 1
548 79 620 115 1
549 40 626 78 1
542 0 617 38 1
455 0 525 41 1
456 41 530 79 1
728 80 802 115 1
728 121 805 157 1
725 40 802 76 1
729 7 798 39 1
741 316 818 350 1
748 438 822 472 1
826 393 902 430 1
829 435 905 471 1
828 273 900 310 1
819 82 888 116 1
999 0 1060 14 1
998 14 1071 51 1
1003 53 1077 89 1
1008 90 1081 124 1
1014 125 1073 160 1
1008 162 1086 198 1
1009 199 1087 235 1
1016 466 1088 502 1
1018 430 1092 462 1
1016 392 1099 428 1
1018 354 1091 389 1
1007 313 1078 351 1
1009 274 1081 311 1
1006 237 1080 272 1
609 696 689 719 1
785 606 863 644 1
868 588 902 665 1
905 591 942 658 1
947 592 980 658 1
981 593 1016 667 1
