618 501 695 539 1
625 426 695 461 1
618 464 698 498 1
624 662 697 695 1
520 667 594 701 1
624 624 697 658 1
808 548 871 582 1
802 506 879 543 1
894 505 955 537 1
880 465 957 503 1
799 467 875 503 1
798 426 873 463 1
796 386 872 423 1
341 437 418 470 1
1077 575 1157 610 1
1065 615 1151 651 1
1069 651 1142 685 1
1077 457 1150 491 1
1083 493 1140 528 1
1075 534 1156 567 1
1067 345 1137 378 1
797 346 874 386 1
527 512 598 548 1
527 550 602 583 1
527 588 603 619 1
538 626 614 662 1
618 586 695 622 1
617 545 695 581 1
343 476 420 511 1
1055 229 1133 265 1
886 229 954 263 1
800 232 875 267 1
522 272 600 306 1
518 232 591 270 1
1060 383 1135 418 1
896 423 970 459 1
889 382 962 418 1
897 343 964 378 1
887 307 955 340 1
802 307 879 342 1
802 268 880 302 1
882 267 957 304 1
887 617 968 656 1
883 658 962 694 1
798 664 878 700 1
888 540 960 578 1
887 581 959 616 1
801 587 882 623 1
794 626 873 660 1
893 190 958 225 1
1054 266 1132 300 1
1057 304 1131 338 1
1054 193 1120 224 1
1052 150 1135 188 1
1052 109 1128 147 1
1050 75 1125 110 1
1047 40 1120 73 1
1038 4 1109 39 1
774 0 838 8 1
778 6 843 39 1
778 40 851 72 1
611 190 686 222 1
611 229 682 260 1
527 191 600 227 1
606 153 685 186 1
519 150 596 188 1
601 115 674 151 1
600 78 674 113 1
517 76 591 114 1
518 115 586 150 1
599 39 671 74 1
516 40 590 75 1
513 4 591 39 1
596 1 672 38 1
344 0 417 13 1
340 13 416 50 1
344 49 418 84 1
174 615 247 654 1
173 657 250 694 1
176 576 251 611 1
168 537 247 571 1
164 498 245 533 1
159 458 241 494 1
154 420 235 456 1
154 381 234 415 1
342 391 416 427 1
334 354 405 390 1
327 310 397 347 1
340 273 410 308 1
345 234 410 271 1
346 193 417 231 1
338 159 416 191 1
342 120 420 157 1
343 84 419 121 1
165 0 234 38 1
147 39 227 76 1
160 76 234 110 1
147 112 219 148 1
144 149 229 182 1
144 187 222 224 1
155 228 230 259 1
146 263 225 300 1
148 305 223 340 1
145 343 219 379 1
800 702 873 719 1
884 698 956 719 1
1067 686 1146 719 1
616 699 698 719 1
533 703 601 719 1
