640 395 714 430 1
557 392 629 429 1
552 356 631 392 1
637 355 715 390 1
640 318 710 351 1
553 437 631 472 1
554 476 630 510 1
647 519 726 554 1
651 558 725 590 1
556 514 634 552 1
563 556 639 592 1
548 275 620 310 1
639 275 712 312 1
823 280 890 316 1
925 245 989 279 1
828 241 888 276 1
371 478 452 511 1
546 236 619 273 1
633 234 707 272 1
626 199 699 231 1
552 196 619 233 1
548 159 620 195 1
627 159 705 197 1
824 205 899 240 1
918 169 991 204 1
920 206 996 241 1
1081 128 1158 164 1
639 480 715 514 1
640 439 718 474 1
827 480 902 515 1
833 441 895 475 1
917 434 991 471 1
917 397 989 430 1
914 319 980 354 1
920 355 994 391 1
1095 203 1173 239 1
1094 166 1167 199 1
1095 242 1172 279 1
1104 472 1185 508 1
1106 431 1182 465 1
836 522 912 557 1
924 675 995 710 1
1100 670 1178 707 1
1097 630 1180 668 1
1101 591 1183 629 1
1102 555 1173 589 1
1101 512 1186 548 1
1076 92 1150 125 1
1073 52 1147 91 1
1073 19 1148 52 1
820 49 898 86 1
909 52 982 88 1
915 89 985 127 1
816 86 896 121 1
814 122 888 158 1
831 166 902 200 1
640 677 719 713 1
637 122 708 154 1
547 121 619 157 1
633 80 707 118 1
548 81 622 117 1
539 46 617 80 1
633 44 702 80 1
372 47 443 84 1
362 85 437 120 1
358 120 432 156 1
364 160 435 196 1
370 201 445 236 1
367 240 443 275 1
369 279 443 314 1
370 319 445 353 1
366 360 447 396 1
370 398 448 435 1
373 440 450 473 1
368 518 447 554 1
553 600 627 637 1
649 597 722 632 1
652 637 728 672 1
558 639 632 676 1
554 691 633 719 1
375 557 449 591 1
374 595 443 632 1
371 637 442 672 1
180 34 256 71 1
164 72 244 108 1
170 112 250 147 1
165 148 247 185 1
161 188 240 225 1
162 229 237 263 1
170 303 244 335 1
188 341 257 376 1
169 382 248 418 1
182 421 256 453 1
163 460 244 496 1
164 501 251 536 1
166 542 247 579 1
178 582 254 614 1
171 619 248 656 1
167 661 246 696 1
819 322 898 356 1
824 362 895 393 1
826 400 906 434 1
1108 711 1179 719 1
166 702 247 719 1
547 318 623 351 1
359 672 429 709 1
181 0 258 29 1
374 7 442 44 1
550 4 623 44 1
636 8 707 43 1
823 10 897 49 1
903 14 976 51 1
823 0 892 11 1
901 0 967 12 1
1081 0 1158 18 1
